1E7
1A7
205
205
205
1AA
186
205
186
206
1D7
1C2
186
19E
191
1AD
1B1
18D
221
186
205
20F
186
205
249
186
191
189
278
234
226
250
27A
1BA
1BF
205
205
205
278
208
205
215
201
198
205
1C7
205
205
1F4
1C2
1B7
233
190
1C3
1AF
25C
186
267
186
205
247
1E5
20A
1FA
247
1CC
205
205
199
205
186
205
210
19D
192
209
21F
186
186
186
205
205
285
187
1DD
205
1CB
186
1E3
205
245
193
205
205
205
237
1C3
18F
205
1D6
1E9
205
263
1BD
1EB
205
21F
205
205
27F
205
186
205
18A
205
205
205
1DA
205
186
276
205
205
18F
1B6
205
186
205
186
27A
205
1F0
186
205
207
194
1CE
205
1B9
205
186
205
234
205
219
205
188
24B
232
205
1D1
1C7
285
205
1A8
205
186
186
1F8
205
1C0
205
205
205
205
189
1CC
270
205
1E1
203
18F
205
197
1BD
281
190
20B
186
186
247
186
205
205
205
205
1CA
1BC
1DE
1DC
205
205
22E
1E7
1A1
23C
1F2
205
205
249
205
205
1F8
205
205
26B
1ED
186
205
1CE
267
205
186
1BE
205
205
186
205
25D
18F
187
1F1
205
205
1C8
1EE
205
205
205
1E0
1FF
205
186
222
24C
228
1DB
285
213
205
205
205
186
18F
205
280
205
1FC
205
263
1FC
27A
202
186
190
23C
