1E8
1A8
006
006
006
1AB
187
006
187
007
1D8
1C3
187
19F
192
1AE
1B2
18E
022
187
006
010
187
006
04A
187
192
18A
079
035
027
051
07B
1BB
1C0
006
006
006
079
009
006
016
002
199
006
1C8
006
006
1F5
1C3
1B8
034
191
1C4
1B0
05D
187
068
187
006
048
1E6
00B
1FB
048
1CD
006
006
19A
006
187
006
011
19E
193
00A
020
187
187
187
006
006
086
188
1DE
006
1CC
187
1E4
006
046
194
006
006
006
038
1C4
190
006
1D7
1EA
006
064
1BE
1EC
006
020
006
006
080
006
187
006
18B
006
006
006
1DB
006
187
077
006
006
190
1B7
006
187
006
187
07B
006
1F1
187
006
008
195
1CF
006
1BA
006
187
006
035
006
01A
006
189
04C
033
006
1D2
1C8
086
006
1A9
006
187
187
1F9
006
1C1
006
006
006
006
18A
1CD
071
006
1E2
004
190
006
198
1BE
082
191
00C
187
187
048
187
006
006
006
006
1CB
1BD
1DF
1DD
006
006
02F
1E8
1A2
03D
1F3
006
006
04A
006
006
1F9
006
006
06C
1EE
187
006
1CF
068
006
187
1BF
006
006
187
006
05E
190
188
1F2
006
006
1C9
1EF
006
006
006
1E1
000
006
187
023
04D
029
1DC
086
014
006
006
006
187
190
006
081
006
1FD
006
064
1FD
07B
003
187
191
03D
