0B3
073
0D1
0D1
0D1
076
052
0D1
052
0D2
0A3
08E
052
06A
05D
079
07D
059
0ED
052
0D1
0DB
052
0D1
115
052
05D
055
144
100
0F2
11C
146
086
08B
0D1
0D1
0D1
144
0D4
0D1
0E1
0CD
064
0D1
093
0D1
0D1
0C0
08E
083
0FF
05C
08F
07B
128
052
133
052
0D1
113
0B1
0D6
0C6
113
098
0D1
0D1
065
0D1
052
0D1
0DC
069
05E
0D5
0EB
052
052
052
0D1
0D1
151
053
0A9
0D1
097
052
0AF
0D1
111
05F
0D1
0D1
0D1
103
08F
05B
0D1
0A2
0B5
0D1
12F
089
0B7
0D1
0EB
0D1
0D1
14B
0D1
052
0D1
056
0D1
0D1
0D1
0A6
0D1
052
142
0D1
0D1
05B
082
0D1
052
0D1
052
146
0D1
0BC
052
0D1
0D3
060
09A
0D1
085
0D1
052
0D1
100
0D1
0E5
0D1
054
117
0FE
0D1
09D
093
151
0D1
074
0D1
052
052
0C4
0D1
08C
0D1
0D1
0D1
0D1
055
098
13C
0D1
0AD
0CF
05B
0D1
063
089
14D
05C
0D7
052
052
113
052
0D1
0D1
0D1
0D1
096
088
0AA
0A8
0D1
0D1
0FA
0B3
06D
108
0BE
0D1
0D1
115
0D1
0D1
0C4
0D1
0D1
137
0B9
052
0D1
09A
133
0D1
052
08A
0D1
0D1
052
0D1
129
05B
053
0BD
0D1
0D1
094
0BA
0D1
0D1
0D1
0AC
0CB
0D1
052
0EE
118
0F4
0A7
151
0DF
0D1
0D1
0D1
052
05B
0D1
14C
0D1
0C8
0D1
12F
0C8
146
0CE
052
05C
108
