045
005
063
063
063
008
1E4
063
1E4
064
035
020
1E4
1FC
1EF
00B
00F
1EB
07F
1E4
063
06D
1E4
063
0A7
1E4
1EF
1E7
0D6
092
084
0AE
0D8
018
01D
063
063
063
0D6
066
063
073
05F
1F6
063
025
063
063
052
020
015
091
1EE
021
00D
0BA
1E4
0C5
1E4
063
0A5
043
068
058
0A5
02A
063
063
1F7
063
1E4
063
06E
1FB
1F0
067
07D
1E4
1E4
1E4
063
063
0E3
1E5
03B
063
029
1E4
041
063
0A3
1F1
063
063
063
095
021
1ED
063
034
047
063
0C1
01B
049
063
07D
063
063
0DD
063
1E4
063
1E8
063
063
063
038
063
1E4
0D4
063
063
1ED
014
063
1E4
063
1E4
0D8
063
04E
1E4
063
065
1F2
02C
063
017
063
1E4
063
092
063
077
063
1E6
0A9
090
063
02F
025
0E3
063
006
063
1E4
1E4
056
063
01E
063
063
063
063
1E7
02A
0CE
063
03F
061
1ED
063
1F5
01B
0DF
1EE
069
1E4
1E4
0A5
1E4
063
063
063
063
028
01A
03C
03A
063
063
08C
045
1FF
09A
050
063
063
0A7
063
063
056
063
063
0C9
04B
1E4
063
02C
0C5
063
1E4
01C
063
063
1E4
063
0BB
1ED
1E5
04F
063
063
026
04C
063
063
063
03E
05D
063
1E4
080
0AA
086
039
0E3
071
063
063
063
1E4
1ED
063
0DE
063
05A
063
0C1
05A
0D8
060
1E4
1EE
09A
