0C7
087
0E5
0E5
0E5
08A
066
0E5
066
0E6
0B7
0A2
066
07E
071
08D
091
06D
101
066
0E5
0EF
066
0E5
129
066
071
069
158
114
106
130
15A
09A
09F
0E5
0E5
0E5
158
0E8
0E5
0F5
0E1
078
0E5
0A7
0E5
0E5
0D4
0A2
097
113
070
0A3
08F
13C
066
147
066
0E5
127
0C5
0EA
0DA
127
0AC
0E5
0E5
079
0E5
066
0E5
0F0
07D
072
0E9
0FF
066
066
066
0E5
0E5
165
067
0BD
0E5
0AB
066
0C3
0E5
125
073
0E5
0E5
0E5
117
0A3
06F
0E5
0B6
0C9
0E5
143
09D
0CB
0E5
0FF
0E5
0E5
15F
0E5
066
0E5
06A
0E5
0E5
0E5
0BA
0E5
066
156
0E5
0E5
06F
096
0E5
066
0E5
066
15A
0E5
0D0
066
0E5
0E7
074
0AE
0E5
099
0E5
066
0E5
114
0E5
0F9
0E5
068
12B
112
0E5
0B1
0A7
165
0E5
088
0E5
066
066
0D8
0E5
0A0
0E5
0E5
0E5
0E5
069
0AC
150
0E5
0C1
0E3
06F
0E5
077
09D
161
070
0EB
066
066
127
066
0E5
0E5
0E5
0E5
0AA
09C
0BE
0BC
0E5
0E5
10E
0C7
081
11C
0D2
0E5
0E5
129
0E5
0E5
0D8
0E5
0E5
14B
0CD
066
0E5
0AE
147
0E5
066
09E
0E5
0E5
066
0E5
13D
06F
067
0D1
0E5
0E5
0A8
0CE
0E5
0E5
0E5
0C0
0DF
0E5
066
102
12C
108
0BB
165
0F3
0E5
0E5
0E5
066
06F
0E5
160
0E5
0DC
0E5
143
0DC
15A
0E2
066
070
11C
