139
0F9
157
157
157
0FC
0D8
157
0D8
158
129
114
0D8
0F0
0E3
0FF
103
0DF
173
0D8
157
161
0D8
157
19B
0D8
0E3
0DB
1CA
186
178
1A2
1CC
10C
111
157
157
157
1CA
15A
157
167
153
0EA
157
119
157
157
146
114
109
185
0E2
115
101
1AE
0D8
1B9
0D8
157
199
137
15C
14C
199
11E
157
157
0EB
157
0D8
157
162
0EF
0E4
15B
171
0D8
0D8
0D8
157
157
1D7
0D9
12F
157
11D
0D8
135
157
197
0E5
157
157
157
189
115
0E1
157
128
13B
157
1B5
10F
13D
157
171
157
157
1D1
157
0D8
157
0DC
157
157
157
12C
157
0D8
1C8
157
157
0E1
108
157
0D8
157
0D8
1CC
157
142
0D8
157
159
0E6
120
157
10B
157
0D8
157
186
157
16B
157
0DA
19D
184
157
123
119
1D7
157
0FA
157
0D8
0D8
14A
157
112
157
157
157
157
0DB
11E
1C2
157
133
155
0E1
157
0E9
10F
1D3
0E2
15D
0D8
0D8
199
0D8
157
157
157
157
11C
10E
130
12E
157
157
180
139
0F3
18E
144
157
157
19B
157
157
14A
157
157
1BD
13F
0D8
157
120
1B9
157
0D8
110
157
157
0D8
157
1AF
0E1
0D9
143
157
157
11A
140
157
157
157
132
151
157
0D8
174
19E
17A
12D
1D7
165
157
157
157
0D8
0E1
157
1D2
157
14E
157
1B5
14E
1CC
154
0D8
0E2
18E
