1F5
1B5
013
013
013
1B8
194
013
194
014
1E5
1D0
194
1AC
19F
1BB
1BF
19B
02F
194
013
01D
194
013
057
194
19F
197
086
042
034
05E
088
1C8
1CD
013
013
013
086
016
013
023
00F
1A6
013
1D5
013
013
002
1D0
1C5
041
19E
1D1
1BD
06A
194
075
194
013
055
1F3
018
008
055
1DA
013
013
1A7
013
194
013
01E
1AB
1A0
017
02D
194
194
194
013
013
093
195
1EB
013
1D9
194
1F1
013
053
1A1
013
013
013
045
1D1
19D
013
1E4
1F7
013
071
1CB
1F9
013
02D
013
013
08D
013
194
013
198
013
013
013
1E8
013
194
084
013
013
19D
1C4
013
194
013
194
088
013
1FE
194
013
015
1A2
1DC
013
1C7
013
194
013
042
013
027
013
196
059
040
013
1DF
1D5
093
013
1B6
013
194
194
006
013
1CE
013
013
013
013
197
1DA
07E
013
1EF
011
19D
013
1A5
1CB
08F
19E
019
194
194
055
194
013
013
013
013
1D8
1CA
1EC
1EA
013
013
03C
1F5
1AF
04A
000
013
013
057
013
013
006
013
013
079
1FB
194
013
1DC
075
013
194
1CC
013
013
194
013
06B
19D
195
1FF
013
013
1D6
1FC
013
013
013
1EE
00D
013
194
030
05A
036
1E9
093
021
013
013
013
194
19D
013
08E
013
00A
013
071
00A
088
010
194
19E
04A
