179
139
197
197
197
13C
118
197
118
198
169
154
118
130
123
13F
143
11F
1B3
118
197
1A1
118
197
1DB
118
123
11B
20A
1C6
1B8
1E2
20C
14C
151
197
197
197
20A
19A
197
1A7
193
12A
197
159
197
197
186
154
149
1C5
122
155
141
1EE
118
1F9
118
197
1D9
177
19C
18C
1D9
15E
197
197
12B
197
118
197
1A2
12F
124
19B
1B1
118
118
118
197
197
217
119
16F
197
15D
118
175
197
1D7
125
197
197
197
1C9
155
121
197
168
17B
197
1F5
14F
17D
197
1B1
197
197
211
197
118
197
11C
197
197
197
16C
197
118
208
197
197
121
148
197
118
197
118
20C
197
182
118
197
199
126
160
197
14B
197
118
197
1C6
197
1AB
197
11A
1DD
1C4
197
163
159
217
197
13A
197
118
118
18A
197
152
197
197
197
197
11B
15E
202
197
173
195
121
197
129
14F
213
122
19D
118
118
1D9
118
197
197
197
197
15C
14E
170
16E
197
197
1C0
179
133
1CE
184
197
197
1DB
197
197
18A
197
197
1FD
17F
118
197
160
1F9
197
118
150
197
197
118
197
1EF
121
119
183
197
197
15A
180
197
197
197
172
191
197
118
1B4
1DE
1BA
16D
217
1A5
197
197
197
118
121
197
212
197
18E
197
1F5
18E
20C
194
118
122
1CE
