1E6
1A6
004
004
004
1A9
185
004
185
005
1D6
1C1
185
19D
190
1AC
1B0
18C
020
185
004
00E
185
004
048
185
190
188
077
033
025
04F
079
1B9
1BE
004
004
004
077
007
004
014
000
197
004
1C6
004
004
1F3
1C1
1B6
032
18F
1C2
1AE
05B
185
066
185
004
046
1E4
009
1F9
046
1CB
004
004
198
004
185
004
00F
19C
191
008
01E
185
185
185
004
004
084
186
1DC
004
1CA
185
1E2
004
044
192
004
004
004
036
1C2
18E
004
1D5
1E8
004
062
1BC
1EA
004
01E
004
004
07E
004
185
004
189
004
004
004
1D9
004
185
075
004
004
18E
1B5
004
185
004
185
079
004
1EF
185
004
006
193
1CD
004
1B8
004
185
004
033
004
018
004
187
04A
031
004
1D0
1C6
084
004
1A7
004
185
185
1F7
004
1BF
004
004
004
004
188
1CB
06F
004
1E0
002
18E
004
196
1BC
080
18F
00A
185
185
046
185
004
004
004
004
1C9
1BB
1DD
1DB
004
004
02D
1E6
1A0
03B
1F1
004
004
048
004
004
1F7
004
004
06A
1EC
185
004
1CD
066
004
185
1BD
004
004
185
004
05C
18E
186
1F0
004
004
1C7
1ED
004
004
004
1DF
1FE
004
185
021
04B
027
1DA
084
012
004
004
004
185
18E
004
07F
004
1FB
004
062
1FB
079
001
185
18F
03B
