068
028
086
086
086
02B
007
086
007
087
058
043
007
01F
012
02E
032
00E
0A2
007
086
090
007
086
0CA
007
012
00A
0F9
0B5
0A7
0D1
0FB
03B
040
086
086
086
0F9
089
086
096
082
019
086
048
086
086
075
043
038
0B4
011
044
030
0DD
007
0E8
007
086
0C8
066
08B
07B
0C8
04D
086
086
01A
086
007
086
091
01E
013
08A
0A0
007
007
007
086
086
106
008
05E
086
04C
007
064
086
0C6
014
086
086
086
0B8
044
010
086
057
06A
086
0E4
03E
06C
086
0A0
086
086
100
086
007
086
00B
086
086
086
05B
086
007
0F7
086
086
010
037
086
007
086
007
0FB
086
071
007
086
088
015
04F
086
03A
086
007
086
0B5
086
09A
086
009
0CC
0B3
086
052
048
106
086
029
086
007
007
079
086
041
086
086
086
086
00A
04D
0F1
086
062
084
010
086
018
03E
102
011
08C
007
007
0C8
007
086
086
086
086
04B
03D
05F
05D
086
086
0AF
068
022
0BD
073
086
086
0CA
086
086
079
086
086
0EC
06E
007
086
04F
0E8
086
007
03F
086
086
007
086
0DE
010
008
072
086
086
049
06F
086
086
086
061
080
086
007
0A3
0CD
0A9
05C
106
094
086
086
086
007
010
086
101
086
07D
086
0E4
07D
0FB
083
007
011
0BD
