133
0F3
151
151
151
0F6
0D2
151
0D2
152
123
10E
0D2
0EA
0DD
0F9
0FD
0D9
16D
0D2
151
15B
0D2
151
195
0D2
0DD
0D5
1C4
180
172
19C
1C6
106
10B
151
151
151
1C4
154
151
161
14D
0E4
151
113
151
151
140
10E
103
17F
0DC
10F
0FB
1A8
0D2
1B3
0D2
151
193
131
156
146
193
118
151
151
0E5
151
0D2
151
15C
0E9
0DE
155
16B
0D2
0D2
0D2
151
151
1D1
0D3
129
151
117
0D2
12F
151
191
0DF
151
151
151
183
10F
0DB
151
122
135
151
1AF
109
137
151
16B
151
151
1CB
151
0D2
151
0D6
151
151
151
126
151
0D2
1C2
151
151
0DB
102
151
0D2
151
0D2
1C6
151
13C
0D2
151
153
0E0
11A
151
105
151
0D2
151
180
151
165
151
0D4
197
17E
151
11D
113
1D1
151
0F4
151
0D2
0D2
144
151
10C
151
151
151
151
0D5
118
1BC
151
12D
14F
0DB
151
0E3
109
1CD
0DC
157
0D2
0D2
193
0D2
151
151
151
151
116
108
12A
128
151
151
17A
133
0ED
188
13E
151
151
195
151
151
144
151
151
1B7
139
0D2
151
11A
1B3
151
0D2
10A
151
151
0D2
151
1A9
0DB
0D3
13D
151
151
114
13A
151
151
151
12C
14B
151
0D2
16E
198
174
127
1D1
15F
151
151
151
0D2
0DB
151
1CC
151
148
151
1AF
148
1C6
14E
0D2
0DC
188
