96
97
99
103
108
114
120
125
114
119
126
131
106
102
99
97
113
109
105
102
102
102
104
109
110
110
112
117
122
127
133
139
131
137
143
148
122
118
114
111
134
129
125
121
120
120
122
126
132
132
134
138
142
149
154
160
158
160
159
156
149
144
138
134
149
152
152
152
150
149
150
154
150
157
158
154
151
146
140
133
117
107
100
95
125
133
139
145
85
90
98
110
123
149
154
128
62
103
132
63
64
64
64
64
55
55
56
56
57
58
59
61
54
54
54
55
52
125
177
70
57
160
211
106
55
54
55
55
61
55
56
54
55
55
55
56
55
56
55
55
69
191
220
158
90
208
219
202
87
54
57
57
150
59
56
57
57
56
56
56
57
57
56
56
117
214
218
217
145
218
218
220
199
89
56
57
224
133
56
56
58
57
55
58
58
57
54
59
167
219
218
218
111
113
115
119
124
131
136
142
130
136
142
148
122
118
114
112
129
125
121
118
117
118
120
125
125
126
128
133
138
144
150
156
148
154
160
165
139
134
130
127
151
145
141
138
136
136
138
142
148
148
150
154
159
165
171
175
173
173
168
162
164
160
155
151
154
160
165
167
166
165
166
170
162
171
173
166
160
152
143
133
117
106
99
95
126
135
145
154
85
90
98
110
128
153
155
133
61
69
68
63
61
61
62
62
51
52
53
53
56
56
57
58
51
51
51
51
51
48
45
51
51
44
41
49
51
51
51
51
51
52
52
51
51
51
51
52
52
52
52
52
51
43
41
45
50
42
41
42
50
52
52
52
46
52
52
53
52
52
52
52
52
52
53
53
48
41
41
41
46
41
41
41
42
51
53
53
40
48
54
53
52
53
52
52
52
53
51
51
45
41
41
41
171
172
175
179
184
191
196
200
189
195
200
205
180
176
173
171
187
183
179
177
176
177
180
184
183
184
187
191
196
201
206
210
204
208
213
216
195
191
187
185
203
200
196
193
192
192
195
199
202
202
204
207
211
216
220
217
216
209
195
179
207
210
208
204
171
187
202
211
213
213
213
217
194
208
209
198
186
170
151
135
121
105
98
95
127
143
161
179
85
89
96
112
138
173
176
144
62
73
72
65
62
62
62
63
52
53
54
54
56
56
57
59
52
52
52
52
52
49
46
51
53
44
41
49
52
52
53
52
52
52
54
52
52
53
52
53
53
53
53
53
52
43
41
46
50
42
41
42
51
53
54
54
46
54
54
54
54
53
53
54
54
54
54
54
49
41
41
41
47
41
41
41
42
52
54
54
40
49
55
54
54
54
53
53
54
54
52
51
45
41
41
41
