97
93
89
84
80
77
75
75
75
77
79
82
102
98
92
89
85
81
79
79
79
82
85
88
108
103
99
95
91
87
85
85
86
89
92
95
115
111
106
102
98
95
93
93
94
97
100
104
124
120
116
110
107
104
103
103
104
107
112
116
121
123
124
123
120
116
116
116
118
118
118
116
103
109
113
117
120
123
122
116
113
108
103
97
74
78
83
91
99
120
116
96
85
76
70
66
50
50
50
50
49
103
80
48
47
46
45
44
43
43
43
43
54
127
97
40
43
42
42
42
43
43
42
43
82
127
124
44
43
43
43
43
42
43
43
47
123
127
127
54
43
43
43
43
44
44
42
68
127
127
127
70
43
43
43
44
44
43
46
116
127
127
127
91
43
43
44
44
44
43
69
127
127
127
127
113
45
43
44
45
43
43
103
127
127
127
127
127
46
42
44
45
110
106
102
96
92
89
88
86
87
89
92
95
115
110
106
101
97
93
92
91
92
94
97
100
121
116
112
107
103
99
98
97
99
101
104
108
127
124
120
115
110
107
106
106
107
110
113
117
127
127
127
123
120
116
115
115
117
120
124
127
126
127
127
127
127
127
127
127
127
127
124
120
103
111
118
124
127
127
127
126
120
113
105
98
74
77
82
91
103
120
119
99
85
76
70
66
48
48
47
47
49
53
54
47
45
44
43
43
41
41
40
40
40
35
37
40
40
40
40
40
40
40
40
40
38
32
34
40
40
40
40
40
40
40
40
40
35
32
33
40
40
40
40
40
40
40
40
39
33
32
33
39
40
40
40
40
41
40
40
36
32
32
32
37
41
41
40
40
41
41
40
33
32
32
32
36
40
40
41
40
41
42
37
31
32
32
32
35
40
40
41
40
127
127
127
127
127
127
127
127
127
127
127
127
127
127
127
127
127
127
127
127
127
127
127
127
127
127
127
127
127
127
127
127
127
127
127
127
127
127
127
127
127
127
127
127
127
127
127
127
127
127
127
127
127
127
127
127
127
127
127
127
127
127
127
127
127
127
127
127
127
127
127
127
105
117
127
127
127
127
127
127
127
125
111
99
74
76
82
94
112
127
127
107
87
75
69
66
49
48
48
48
50
56
57
48
46
44
43
43
42
42
41
40
40
36
38
40
40
40
40
40
40
41
40
40
38
32
34
41
41
40
41
40
40
42
40
40
36
32
33
40
41
41
41
41
42
42
41
40
33
32
33
39
42
41
41
42
42
42
42
36
32
32
32
38
42
42
42
42
42
42
40
33
32
32
32
37
41
41
42
42
42
43
38
31
32
32
32
35
40
40
42
42
