100
99
97
96
96
96
96
95
96
96
98
98
104
103
101
100
99
99
99
99
99
100
101
103
110
110
107
106
106
106
105
105
106
106
107
110
118
117
116
115
113
113
113
113
113
114
116
116
127
126
124
123
123
123
122
122
123
123
126
127
127
127
127
127
127
127
127
127
127
127
127
127
123
126
127
127
127
127
127
127
127
121
112
106
106
106
108
110
115
127
127
106
91
79
71
67
71
68
63
58
55
56
98
64
38
44
42
41
47
47
44
42
41
37
95
123
50
32
40
40
40
40
40
40
42
37
85
127
109
50
40
43
43
43
43
43
44
40
63
127
127
97
45
42
43
43
44
45
45
41
52
127
127
127
96
39
43
45
44
46
45
41
44
127
127
127
127
96
43
44
43
44
43
41
39
108
127
127
127
127
41
42
42
41
40
42
37
92
127
127
127
127
113
112
110
110
109
109
109
107
109
110
111
111
117
116
114
113
113
113
113
112
113
113
114
116
124
123
121
120
119
119
119
119
120
120
120
123
127
127
127
127
127
127
127
127
127
127
127
127
127
127
127
127
127
127
127
127
127
127
127
127
127
127
127
127
127
127
127
127
127
127
127
127
122
126
127
127
127
127
127
127
127
127
116
106
106
106
106
110
117
127
127
111
92
78
71
67
70
66
61
57
53
54
49
43
42
41
40
40
45
43
41
40
37
37
33
30
36
37
37
37
37
37
37
38
39
39
37
32
37
39
41
40
40
40
40
40
40
40
39
33
33
37
41
40
40
40
41
41
41
40
40
34
32
33
38
41
40
42
41
41
40
40
40
36
31
32
33
37
40
41
40
40
39
40
40
37
31
32
32
33
38
40
39
39
38
40
40
37
32
32
32
32
127
127
127
127
127
127
127
127
127
127
127
127
127
127
127
127
127
127
127
127
127
127
127
127
127
127
127
127
127
127
127
127
127
127
127
127
127
127
127
127
127
127
127
127
127
127
127
127
127
127
127
127
127
127
127
127
127
127
127
127
127
127
127
127
127
127
127
127
127
127
127
127
119
127
127
127
127
127
127
127
127
127
123
106
106
105
105
110
121
127
127
120
95
77
68
65
71
66
61
57
53
56
50
43
43
41
40
40
46
44
42
40
38
37
33
29
37
38
38
38
37
38
38
40
40
40
37
32
37
40
42
41
41
40
40
41
42
42
40
32
32
37
42
41
41
41
42
43
42
41
40
34
32
33
37
42
41
43
42
43
42
40
41
36
31
32
33
38
40
42
40
42
40
40
42
37
31
32
32
33
39
40
40
40
39
40
41
37
32
32
32
31
