101
99
96
96
96
96
96
95
96
96
97
99
105
103
101
100
99
99
99
99
99
99
101
103
111
109
108
107
106
106
105
105
106
106
107
109
119
116
116
115
113
113
113
113
113
114
116
116
127
127
124
123
123
123
122
122
122
123
125
126
127
127
127
127
127
127
127
127
127
127
127
127
123
126
127
127
127
127
127
127
127
120
112
105
106
106
108
111
116
127
123
105
89
78
71
67
71
67
63
58
54
55
92
68
36
42
43
41
48
46
44
42
41
38
77
125
68
32
37
41
40
40
41
41
42
39
58
127
127
70
42
39
43
43
43
43
43
42
38
111
127
127
68
40
43
43
43
44
44
44
40
71
127
127
127
84
43
44
43
45
44
44
42
46
127
127
127
127
43
44
45
45
43
43
43
37
92
127
127
127
43
43
45
45
42
43
43
40
60
127
127
127
114
113
110
109
110
109
108
108
109
108
110
112
118
116
114
113
113
113
112
112
113
113
114
116
124
123
121
120
119
119
118
118
119
120
121
122
127
127
127
127
127
127
127
127
127
127
127
127
127
127
127
127
127
127
127
127
127
127
127
127
127
127
127
127
127
127
127
127
127
127
127
127
122
127
127
127
127
127
127
127
127
126
114
106
106
106
106
110
119
127
123
109
91
78
70
66
70
66
61
56
53
54
45
43
43
41
40
40
45
43
41
40
37
37
33
30
35
37
38
38
37
37
37
39
39
39
39
33
34
38
40
40
40
40
40
40
40
40
40
36
31
33
38
40
40
40
40
41
40
41
41
39
33
32
33
39
40
40
41
41
40
40
41
41
34
32
32
34
40
40
41
41
40
40
40
41
37
32
32
31
41
41
40
40
40
40
40
41
40
33
32
32
127
127
127
127
127
127
127
127
127
127
127
127
127
127
127
127
127
127
127
127
127
127
127
127
127
127
127
127
127
127
127
127
127
127
127
127
127
127
127
127
127
127
127
127
127
127
127
127
127
127
127
127
127
127
127
127
127
127
127
127
127
127
127
127
127
127
127
127
127
127
127
127
119
127
127
127
127
127
127
127
127
127
122
106
106
105
104
110
124
127
127
117
93
76
69
65
71
66
61
56
53
55
46
43
43
41
40
40
46
44
42
40
38
37
33
30
35
38
39
39
37
38
38
39
40
40
40
33
34
39
41
41
40
41
41
40
40
40
40
36
31
33
39
41
40
40
41
42
41
42
43
39
33
32
33
39
41
42
42
42
41
41
42
41
35
32
32
34
42
42
42
42
41
41
40
42
38
32
32
31
41
41
42
42
40
41
40
42
40
33
32
32
