101
99
98
97
96
96
95
95
95
96
97
98
105
103
102
101
99
99
99
99
99
99
101
102
111
110
108
107
106
106
105
105
105
106
107
108
119
117
116
115
114
113
113
113
113
113
115
116
127
127
125
124
123
122
122
122
122
123
125
126
127
127
127
127
127
127
127
127
127
127
127
126
123
127
127
127
127
127
127
127
127
118
110
103
106
107
109
112
118
121
120
101
86
76
70
67
71
67
62
58
55
54
96
60
36
43
42
41
47
46
43
42
40
37
85
121
64
32
37
40
40
40
41
41
42
39
64
127
127
69
43
39
43
43
44
44
43
43
39
114
127
127
68
41
44
45
45
43
44
45
40
69
127
127
127
86
43
43
43
43
43
45
42
43
123
127
127
127
42
43
42
43
42
43
43
36
78
127
127
127
43
43
43
43
42
43
41
40
47
127
127
127
113
112
111
110
109
109
108
108
108
109
110
111
118
116
115
114
113
113
112
112
112
113
114
115
125
123
121
120
120
119
118
119
118
119
120
121
127
127
127
127
127
127
127
127
127
127
127
127
127
127
127
127
127
127
127
127
127
127
127
127
127
127
127
127
127
127
127
127
127
127
127
127
123
127
127
127
127
127
127
127
127
123
113
103
106
106
106
111
120
125
120
106
88
75
70
65
69
65
60
55
52
49
44
43
43
40
40
40
44
43
41
39
37
36
33
30
35
37
38
37
37
37
37
39
39
40
38
33
35
38
40
40
40
40
40
40
40
40
40
36
32
34
38
40
41
41
41
40
40
40
40
40
33
32
33
37
40
40
40
40
40
41
40
40
35
32
32
33
40
39
40
40
40
41
39
40
38
33
32
32
40
40
41
41
40
40
38
39
40
33
32
32
127
127
127
127
127
127
127
127
127
127
127
127
127
127
127
127
127
127
127
127
127
127
127
127
127
127
127
127
127
127
127
127
127
127
127
127
127
127
127
127
127
127
127
127
127
127
127
127
127
127
127
127
127
127
127
127
127
127
127
127
127
127
127
127
127
127
127
127
127
127
127
127
120
127
127
127
127
127
127
127
127
127
119
103
106
105
105
111
127
127
127
113
90
74
68
64
70
65
61
56
53
50
44
43
43
41
40
40
45
44
42
40
37
36
33
30
36
38
39
38
37
38
38
40
40
40
40
33
35
39
41
41
41
41
41
42
41
41
41
36
31
34
39
41
42
43
42
40
41
42
42
40
33
32
33
37
41
40
40
40
40
42
41
40
36
32
32
33
40
40
40
41
40
42
40
40
39
33
32
32
40
40
42
42
40
41
38
39
41
33
32
32
