102
100
97
97
96
96
95
94
94
95
96
97
106
104
102
101
99
99
99
98
98
99
100
101
112
110
109
107
106
105
105
104
104
105
106
107
120
118
116
116
115
113
113
113
113
113
114
115
127
127
125
124
123
122
122
121
121
122
124
125
127
127
127
127
127
127
127
127
127
127
127
123
124
127
127
127
127
127
127
127
124
116
108
101
106
106
108
113
118
123
115
96
83
74
68
65
69
65
61
57
51
67
96
43
40
43
42
41
47
45
43
42
39
44
118
101
42
33
40
40
40
40
41
42
42
38
110
127
96
50
38
42
43
43
43
43
43
39
66
127
127
96
46
40
43
42
43
43
43
42
44
127
127
127
111
47
43
43
44
45
43
43
37
92
127
127
127
117
44
44
44
45
43
43
39
61
127
127
127
127
44
43
42
43
43
43
42
43
127
127
127
127
114
113
112
110
109
109
108
107
106
108
110
110
119
117
116
114
113
113
112
111
111
112
113
114
126
123
122
121
120
119
118
117
118
118
120
120
127
127
127
127
127
127
126
126
126
126
127
127
127
127
127
127
127
127
127
127
127
127
127
127
127
127
127
127
127
127
127
127
127
127
127
127
123
127
127
127
127
127
127
127
127
120
110
101
106
106
108
113
123
124
117
100
84
73
68
65
68
64
58
54
51
47
43
43
42
40
40
40
44
43
41
39
37
35
30
32
37
38
38
37
37
37
38
39
40
40
37
33
37
40
40
40
40
40
40
40
40
40
39
32
32
37
39
40
40
40
40
40
40
40
40
33
32
33
36
40
40
40
41
41
41
40
40
37
33
32
33
36
40
40
40
41
41
40
40
40
33
32
32
33
41
40
40
40
40
40
40
41
34
32
32
32
127
127
127
127
127
127
127
127
127
127
127
127
127
127
127
127
127
127
127
127
127
127
127
127
127
127
127
127
127
127
127
127
127
127
127
127
127
127
127
127
127
127
127
127
127
127
127
127
127
127
127
127
127
127
127
127
127
127
127
127
127
127
127
127
127
127
127
127
127
127
127
127
123
127
127
127
127
127
127
127
127
127
114
100
106
104
106
115
127
127
127
106
84
71
67
64
68
64
59
54
51
47
43
43
42
40
40
40
45
43
42
39
37
35
30
32
37
39
39
38
38
38
39
40
40
40
37
33
37
40
41
41
41
40
41
40
40
41
40
32
32
37
40
41
41
40
41
40
40
41
40
34
31
33
37
41
42
41
42
42
42
40
41
37
32
32
33
37
42
42
41
42
42
40
41
40
33
32
32
33
42
41
40
41
41
40
41
42
35
32
32
32
