103
100
99
96
96
96
95
94
94
94
95
97
106
104
103
101
99
99
99
98
98
98
99
101
113
110
109
108
106
105
105
104
104
104
105
107
120
119
116
116
115
113
113
112
112
113
113
114
127
127
125
124
123
122
122
121
121
122
123
124
127
127
127
127
127
127
127
127
127
127
127
122
125
127
127
127
127
127
127
127
123
114
106
99
106
107
109
114
119
123
111
94
82
73
68
65
68
64
60
57
49
83
82
38
43
43
41
41
47
45
43
42
37
64
127
75
33
37
41
40
40
40
41
41
40
50
127
127
71
41
40
43
43
43
43
43
43
38
120
127
127
62
40
42
44
43
44
44
43
38
88
127
127
127
64
35
43
43
43
44
43
40
64
127
127
127
127
71
43
43
43
44
43
42
49
127
127
127
127
127
43
45
43
43
43
43
41
116
127
127
127
127
116
113
112
110
110
109
108
107
107
106
107
110
120
117
116
114
113
113
112
111
111
111
112
114
126
124
122
121
120
119
118
117
117
118
119
120
127
127
127
127
127
127
126
125
125
126
127
127
127
127
127
127
127
127
127
127
127
127
127
127
127
127
127
127
127
127
127
127
127
127
127
126
125
127
127
127
127
127
127
127
127
118
108
99
106
107
108
116
123
123
116
97
82
72
68
65
67
62
57
54
50
46
43
43
41
40
40
40
43
42
40
38
37
34
29
33
37
37
37
37
37
37
38
39
40
40
33
34
39
41
40
40
40
40
40
40
40
40
36
31
33
40
40
40
40
40
40
40
40
40
38
32
32
34
40
41
40
40
40
40
40
41
40
33
32
32
35
39
40
41
40
40
40
41
41
34
32
32
32
35
40
42
40
40
40
41
41
35
32
32
32
32
127
127
127
127
127
127
127
127
127
127
127
127
127
127
127
127
127
127
127
127
127
127
127
127
127
127
127
127
127
127
127
127
127
127
127
127
127
127
127
127
127
127
127
127
127
127
127
127
127
127
127
127
127
127
127
127
127
127
127
127
127
127
127
127
127
127
127
127
127
127
127
127
125
127
127
127
127
127
127
127
127
127
110
98
106
105
107
118
127
127
125
101
81
70
66
64
67
63
57
54
51
46
44
43
42
40
40
40
44
43
41
38
37
34
29
33
38
38
38
39
38
38
39
40
40
40
33
34
39
41
41
41
41
40
40
41
41
41
36
31
33
40
41
40
42
41
42
42
40
41
38
32
32
34
40
42
41
41
41
41
40
42
40
33
32
32
35
40
41
42
41
41
40
42
42
35
32
32
32
35
41
43
42
41
41
42
42
35
32
32
32
32
