102
101
99
98
97
95
94
93
93
94
94
96
106
105
103
102
100
99
98
97
97
98
98
100
113
111
109
108
106
105
104
103
103
104
104
106
120
119
117
116
115
113
112
111
111
112
112
113
127
127
126
124
123
122
121
120
120
121
123
125
127
127
127
127
127
127
127
127
127
127
124
120
127
127
127
127
127
127
127
127
119
111
103
96
106
108
111
116
120
120
104
89
78
71
67
64
66
62
58
53
60
99
47
43
43
42
41
40
45
43
42
38
49
127
85
33
40
40
40
40
40
41
41
40
53
127
127
61
39
43
43
43
43
43
43
40
56
127
127
113
43
42
43
42
43
43
43
39
57
127
127
127
86
34
43
43
43
43
44
40
60
127
127
127
127
62
38
43
42
43
44
39
64
127
127
127
127
117
52
42
43
43
43
38
66
127
127
127
127
127
75
40
116
114
111
111
110
108
107
106
106
106
108
108
120
118
116
115
113
112
111
110
110
110
111
113
127
124
123
122
120
118
117
116
116
117
117
120
127
127
127
127
127
127
126
125
125
125
126
127
127
127
127
127
127
127
127
127
127
127
127
127
127
127
127
127
127
127
127
127
127
127
127
122
127
127
127
127
127
127
127
127
125
113
103
96
106
107
111
120
123
121
110
90
77
69
65
64
64
60
56
52
48
43
44
42
40
40
40
39
43
41
40
37
35
30
33
37
37
37
37
37
37
37
39
39
39
33
33
39
41
41
40
40
40
40
40
41
40
33
32
35
40
41
40
40
40
40
40
40
39
33
32
32
37
40
40
40
40
40
41
40
39
33
32
32
33
38
41
40
40
40
41
40
39
33
32
32
32
36
40
40
40
40
40
40
39
33
32
32
32
33
39
41
127
127
127
127
127
127
127
127
127
127
127
127
127
127
127
127
127
127
127
127
127
127
127
127
127
127
127
127
127
127
127
127
127
127
127
127
127
127
127
127
127
127
127
127
127
127
127
127
127
127
127
127
127
127
127
127
127
127
127
127
127
127
127
127
127
127
127
127
127
127
127
127
127
127
127
127
127
127
127
127
127
120
104
93
105
105
110
124
127
127
117
92
75
68
65
64
64
61
57
53
49
45
44
42
41
40
40
40
43
42
40
37
35
29
32
37
38
38
38
38
38
38
40
40
40
33
33
40
42
42
40
40
41
41
41
41
40
33
32
36
41
42
40
40
41
41
41
41
39
33
32
32
37
40
41
41
40
41
42
41
40
33
32
32
33
39
42
41
40
41
42
41
40
33
32
32
32
36
41
41
40
41
41
41
40
33
32
32
32
33
40
42
