103
101
99
98
97
95
94
93
93
94
96
96
106
105
103
102
99
99
98
97
97
98
99
100
113
111
110
108
106
105
104
103
103
104
106
106
120
119
117
116
114
113
113
112
112
112
113
114
127
127
125
124
123
122
121
120
121
122
123
125
127
127
127
127
127
127
127
127
127
127
122
116
127
127
127
127
127
127
127
127
117
109
100
92
106
108
112
116
120
119
105
88
76
69
65
62
64
61
57
48
89
74
45
43
43
41
41
40
45
43
34
67
127
68
36
40
40
40
40
40
41
37
50
123
127
68
39
43
43
43
43
43
43
43
101
127
127
63
39
42
43
42
43
43
36
84
127
127
127
60
40
43
43
43
44
44
72
127
127
127
127
56
40
43
44
44
44
44
127
127
127
127
127
53
41
44
45
45
43
43
127
127
127
127
127
52
42
45
44
44
43
43
115
114
111
111
110
108
107
106
106
107
107
110
120
118
116
115
113
112
111
110
110
111
112
113
127
124
123
121
120
118
117
116
117
117
119
120
127
127
127
127
127
127
126
125
125
125
127
127
127
127
127
127
127
127
127
127
127
127
127
127
127
127
127
127
127
127
127
127
127
127
127
119
127
127
127
127
127
127
127
127
123
110
100
92
106
107
112
120
123
121
108
89
76
68
65
63
63
59
56
53
46
45
44
42
40
40
39
39
42
41
40
36
30
33
36
37
37
38
37
37
37
39
38
33
32
38
40
40
40
40
40
40
40
40
37
32
33
39
40
40
40
40
40
40
41
37
33
32
33
39
40
40
40
40
41
41
39
33
32
32
33
40
41
40
41
40
41
40
34
32
32
32
33
40
41
40
42
40
41
40
32
32
32
32
33
40
41
40
41
41
40
40
127
127
127
127
127
127
127
127
127
127
127
127
127
127
127
127
127
127
127
127
127
127
127
127
127
127
127
127
127
127
127
127
127
127
127
127
127
127
127
127
127
127
127
127
127
127
127
127
127
127
127
127
127
127
127
127
127
127
127
127
127
127
127
127
127
127
127
127
127
127
127
124
127
127
127
127
127
127
127
127
127
115
99
89
105
106
111
126
127
127
116
90
73
67
64
62
64
60
56
54
46
46
45
42
41
40
40
39
43
42
40
36
29
33
37
37
37
39
38
38
38
40
39
33
32
39
41
41
41
41
41
40
41
41
37
32
33
40
41
40
41
40
41
40
41
38
33
32
33
40
40
40
41
41
42
42
39
33
32
32
33
40
41
41
42
42
42
41
35
32
32
32
33
40
42
41
43
42
41
41
32
32
32
32
34
40
42
42
42
42
40
41
