103
99
99
96
96
96
95
94
94
94
95
97
106
104
103
101
99
99
98
98
98
98
99
101
113
111
109
108
106
105
104
104
104
104
105
107
120
119
116
116
115
113
113
112
112
113
113
114
127
127
125
124
123
122
122
121
121
123
124
126
127
127
127
127
127
127
127
127
127
127
123
118
127
127
127
127
127
127
127
127
119
110
102
94
106
108
110
115
119
120
108
91
78
70
66
63
65
62
58
48
82
82
45
44
43
41
40
40
45
45
35
57
127
81
35
39
40
40
40
40
40
37
47
113
127
79
38
43
43
43
43
43
42
42
92
127
127
68
39
43
43
43
42
43
37
82
127
127
127
63
41
44
43
43
43
43
72
127
127
127
127
57
41
45
44
43
43
43
127
127
127
127
127
53
42
45
46
43
43
44
127
127
127
127
127
50
43
44
46
43
43
43
116
113
112
111
109
109
108
107
107
106
108
110
120
117
116
115
113
112
112
111
111
111
112
114
126
124
122
121
120
118
118
117
117
118
119
120
127
127
127
127
127
127
126
125
125
126
127
127
127
127
127
127
127
127
127
127
127
127
127
127
127
127
127
127
127
127
127
127
127
127
127
120
127
127
127
127
127
127
127
127
125
113
102
93
106
107
110
118
122
121
111
92
77
69
64
63
64
60
57
53
47
45
45
42
40
40
39
39
43
41
40
37
30
33
36
36
37
37
37
37
37
38
37
34
32
37
40
40
40
40
40
40
40
40
37
33
33
38
40
40
40
40
40
40
41
38
33
32
33
40
41
41
40
40
40
40
39
33
32
32
33
40
41
40
40
40
40
41
34
32
32
32
33
40
41
40
40
40
40
41
32
32
32
31
34
41
41
40
41
40
40
40
127
127
127
127
127
127
127
127
127
127
127
127
127
127
127
127
127
127
127
127
127
127
127
127
127
127
127
127
127
127
127
127
127
127
127
127
127
127
127
127
127
127
127
127
127
127
127
127
127
127
127
127
127
127
127
127
127
127
127
127
127
127
127
127
127
127
127
127
127
127
127
127
127
127
127
127
127
127
127
127
127
118
101
91
105
105
110
123
127
127
121
95
75
68
64
63
64
61
56
53
47
45
45
42
41
40
40
39
43
43
40
37
30
33
36
37
38
39
38
37
38
39
39
34
32
38
41
41
41
42
40
41
40
41
37
33
33
39
41
41
40
42
40
41
42
39
33
32
33
40
42
42
41
41
41
41
40
34
32
32
33
40
43
42
42
40
41
42
35
32
32
32
33
41
43
42
42
40
41
42
32
32
32
31
34
42
42
43
43
41
41
41
