102
100
97
97
96
96
95
94
95
95
96
97
106
104
102
101
99
99
99
98
99
99
100
101
112
110
109
107
106
105
105
104
105
105
106
107
120
118
116
116
115
113
113
113
113
113
114
115
127
127
125
124
123
122
122
121
122
123
123
126
127
127
127
127
127
127
127
127
127
127
124
119
127
127
127
127
127
127
127
127
121
112
103
96
106
108
110
114
117
120
111
94
80
71
66
64
66
63
60
50
68
94
47
44
43
42
40
40
46
45
38
43
118
106
35
39
40
40
40
40
40
39
40
90
127
110
37
43
43
43
43
43
43
40
69
127
127
96
39
43
43
43
43
44
37
57
127
127
127
91
40
44
43
43
44
43
50
119
127
127
127
84
41
46
42
43
45
43
103
127
127
127
127
77
40
44
42
43
44
43
127
127
127
127
127
72
38
42
42
42
43
43
115
113
110
110
109
109
108
106
106
108
110
110
119
117
115
114
113
113
112
111
111
112
113
114
125
123
122
121
119
119
118
118
118
118
119
121
127
127
127
127
127
127
127
126
126
127
127
127
127
127
127
127
127
127
127
127
127
127
127
127
127
127
127
127
127
127
127
127
127
127
127
122
127
127
127
127
127
127
127
127
127
115
104
95
106
106
109
116
122
121
115
96
79
70
66
64
64
61
57
54
48
44
45
43
41
40
39
39
43
41
40
38
31
31
35
36
37
37
37
37
37
38
38
36
31
35
40
40
40
40
40
40
40
40
38
33
32
37
41
40
40
40
40
41
40
40
34
32
32
38
41
40
40
40
40
40
40
35
32
32
32
39
41
41
40
40
41
41
37
33
32
32
32
39
40
40
40
40
41
41
33
32
32
32
32
39
40
39
39
40
40
40
127
127
127
127
127
127
127
127
127
127
127
127
127
127
127
127
127
127
127
127
127
127
127
127
127
127
127
127
127
127
127
127
127
127
127
127
127
127
127
127
127
127
127
127
127
127
127
127
127
127
127
127
127
127
127
127
127
127
127
127
127
127
127
127
127
127
127
127
127
127
127
127
127
127
127
127
127
127
127
127
127
122
103
92
105
105
109
119
127
127
125
100
78
68
64
63
64
61
57
54
49
44
46
43
41
40
40
39
43
42
41
39
31
31
35
37
38
39
38
37
38
39
40
37
32
37
41
41
41
41
40
41
41
42
40
33
31
37
42
41
41
41
40
42
41
40
34
32
32
38
42
41
41
41
42
41
41
36
32
32
32
39
43
43
40
40
43
41
38
33
32
32
32
39
42
42
40
40
42
41
33
32
32
32
33
40
40
40
40
40
41
41
