100
99
97
96
96
96
96
96
96
96
97
99
104
103
101
100
99
99
99
99
99
100
101
103
110
109
107
106
106
106
105
105
106
106
107
110
118
117
115
115
113
113
113
113
114
114
116
116
127
127
124
123
123
123
122
122
123
123
126
127
127
127
127
127
127
127
127
127
127
127
127
126
124
127
127
127
127
127
127
127
127
120
110
103
106
107
109
111
116
116
117
105
90
77
70
66
70
67
62
58
54
61
96
43
45
43
41
41
47
46
44
43
35
81
127
47
37
40
40
40
40
40
41
40
38
120
127
78
37
43
43
43
43
43
43
40
54
127
127
115
40
43
43
43
43
43
44
37
85
127
127
127
55
40
43
43
43
44
43
42
120
127
127
127
87
38
43
44
44
44
40
59
127
127
127
127
127
43
43
44
44
44
39
78
127
127
127
127
127
52
41
44
113
111
110
110
109
109
109
109
109
110
110
113
117
116
114
113
113
113
113
113
113
113
114
116
123
123
120
120
119
119
119
119
119
120
120
123
127
127
127
127
127
127
127
127
127
127
127
127
127
127
127
127
127
127
127
127
127
127
127
127
127
127
127
127
127
127
127
127
127
127
127
127
123
127
127
127
127
127
127
127
127
125
113
103
106
106
106
110
118
121
118
110
91
76
69
65
68
64
60
56
53
47
43
44
42
40
40
39
45
43
41
40
38
33
29
35
37
37
38
37
37
37
37
39
40
35
31
38
40
40
40
40
40
40
40
40
40
33
31
37
40
40
40
40
40
40
41
41
37
32
32
33
40
40
40
40
40
41
40
40
35
32
32
33
38
41
40
40
40
41
40
39
33
32
32
32
35
40
40
40
40
41
40
38
32
32
32
32
33
38
40
40
127
127
127
127
127
127
127
127
127
127
127
127
127
127
127
127
127
127
127
127
127
127
127
127
127
127
127
127
127
127
127
127
127
127
127
127
127
127
127
127
127
127
127
127
127
127
127
127
127
127
127
127
127
127
127
127
127
127
127
127
127
127
127
127
127
127
127
127
127
127
127
127
121
127
127
127
127
127
127
127
127
127
119
103
106
105
105
110
123
127
127
117
93
75
68
64
69
64
61
56
53
47
43
45
42
41
40
40
46
43
42
40
38
33
29
36
37
38
39
38
38
38
38
40
40
35
32
39
41
41
41
40
41
41
41
41
40
33
31
36
41
41
40
40
41
41
42
42
38
32
32
33
40
41
41
41
42
42
41
41
36
32
32
33
38
41
41
41
42
42
41
40
34
32
32
32
35
40
41
41
42
42
41
39
33
32
32
32
33
39
40
42
