101
98
98
97
96
96
96
96
96
97
99
99
105
103
102
101
100
99
99
99
100
101
102
103
111
110
108
107
106
106
106
106
106
107
108
110
119
116
116
115
114
114
114
114
114
115
116
117
127
127
125
124
123
123
123
123
123
123
126
127
127
127
127
127
127
127
127
127
127
127
127
127
123
126
127
127
127
127
127
127
127
121
113
105
106
106
108
110
115
115
116
106
92
78
71
67
71
67
63
58
54
50
96
57
40
43
42
41
48
46
44
43
41
37
116
109
38
37
41
40
40
40
40
41
42
39
125
127
82
40
42
43
43
43
43
43
43
39
113
127
127
59
40
42
43
44
44
43
43
40
109
127
127
127
47
38
43
44
44
43
43
39
103
127
127
127
105
43
43
44
43
43
43
39
99
127
127
127
127
87
43
43
43
43
44
40
96
127
127
127
127
127
114
113
111
110
110
110
110
108
110
110
112
112
118
116
115
114
113
113
113
113
113
114
115
116
124
123
121
120
120
120
120
120
120
120
121
123
127
127
127
127
127
127
127
127
127
127
127
127
127
127
127
127
127
127
127
127
127
127
127
127
127
127
127
127
127
127
127
127
127
127
127
127
122
127
127
127
127
127
127
127
127
127
116
106
106
106
106
110
116
120
116
110
93
78
70
66
70
66
61
57
53
47
43
44
42
40
40
40
45
43
41
40
38
37
30
31
36
37
37
37
37
37
37
38
39
40
35
33
37
40
40
40
40
40
40
40
40
40
36
32
33
39
40
40
40
41
41
40
40
41
37
32
32
35
40
40
40
40
40
40
40
41
37
32
32
33
37
41
40
40
40
40
41
41
37
32
32
32
33
38
40
40
40
40
41
42
37
32
32
32
32
34
127
127
127
127
127
127
127
127
127
127
127
127
127
127
127
127
127
127
127
127
127
127
127
127
127
127
127
127
127
127
127
127
127
127
127
127
127
127
127
127
127
127
127
127
127
127
127
127
127
127
127
127
127
127
127
127
127
127
127
127
127
127
127
127
127
127
127
127
127
127
127
127
120
127
127
127
127
127
127
127
127
127
123
106
106
105
105
110
122
127
127
117
96
77
68
65
70
66
61
56
53
47
43
44
43
41
40
40
46
44
42
40
39
37
30
31
37
38
39
38
38
38
38
39
40
41
35
33
38
41
41
40
41
41
40
40
40
41
36
32
33
40
41
40
41
42
42
40
40
42
37
32
32
35
40
40
41
42
41
41
41
42
37
32
32
33
37
41
41
42
41
41
42
42
39
32
32
32
33
39
41
41
41
41
42
43
39
32
32
32
32
34
