99
98
97
96
95
96
96
95
96
96
98
99
104
103
101
100
99
99
99
99
99
100
102
103
111
110
107
106
106
106
105
105
106
106
108
109
118
117
116
115
113
113
113
113
113
114
116
116
127
126
124
123
123
123
122
122
123
123
125
126
127
127
127
127
127
127
127
127
127
127
127
127
123
126
127
127
127
127
127
127
127
121
113
106
106
106
107
110
114
113
115
103
91
79
71
67
72
68
63
59
53
48
89
71
36
42
43
41
47
46
44
43
40
36
74
127
70
33
37
41
40
40
40
41
43
40
57
127
127
71
41
40
43
43
43
43
43
43
40
114
127
127
65
40
43
44
43
43
43
44
40
77
127
127
127
78
43
43
43
44
44
45
42
50
127
127
127
127
43
43
43
44
43
45
46
39
103
127
127
127
43
43
44
45
43
44
48
40
71
127
127
127
114
113
110
109
109
109
109
108
109
110
111
112
118
116
114
113
113
113
113
112
113
113
115
116
124
122
121
120
119
119
119
118
120
120
121
122
127
127
127
127
127
127
127
127
127
127
127
127
127
127
127
127
127
127
127
127
127
127
127
127
127
127
127
127
127
127
127
127
127
127
127
127
121
126
127
127
127
127
127
127
127
127
116
106
106
106
106
110
116
117
114
107
92
78
71
67
71
66
61
57
50
46
43
43
42
40
40
40
45
43
41
40
37
36
33
30
34
37
37
38
37
37
37
37
40
40
39
33
34
39
40
40
40
40
40
40
40
40
41
35
31
33
38
40
40
41
40
40
41
41
41
38
33
32
33
38
40
41
40
41
42
41
40
40
34
32
32
33
40
40
41
41
41
40
41
41
36
32
32
32
40
40
42
42
40
40
42
41
37
32
32
32
127
127
127
127
127
127
127
127
127
127
127
127
127
127
127
127
127
127
127
127
127
127
127
127
127
127
127
127
127
127
127
127
127
127
127
127
127
127
127
127
127
127
127
127
127
127
127
127
127
127
127
127
127
127
127
127
127
127
127
127
127
127
127
127
127
127
127
127
127
127
127
127
119
127
127
127
127
127
127
127
127
127
123
107
106
105
105
110
122
127
123
115
95
77
68
65
71
67
61
57
51
47
43
43
43
41
40
40
46
43
42
40
37
36
33
30
34
39
38
39
37
37
38
39
40
41
40
33
34
40
40
41
41
41
40
40
40
41
42
37
31
34
39
41
41
42
41
41
42
42
42
39
33
32
33
39
41
41
41
42
43
43
42
41
34
32
32
34
41
41
42
42
42
42
43
42
36
32
32
31
41
40
43
43
41
41
44
42
37
32
32
32
