102
99
98
97
96
96
95
95
95
96
96
98
106
103
102
101
99
99
99
99
99
99
100
102
112
110
108
107
106
106
105
105
105
106
107
108
120
117
116
115
114
113
113
113
113
113
115
116
127
127
125
124
123
122
122
121
122
122
124
125
127
127
127
127
127
127
127
127
127
127
127
125
123
127
127
127
127
127
127
127
127
118
110
103
106
107
109
111
111
112
110
98
86
76
70
66
71
67
61
57
49
52
95
56
37
43
42
41
47
46
44
42
40
37
90
120
61
31
37
40
40
40
41
42
43
39
69
127
124
67
42
39
43
43
43
43
43
43
40
119
127
127
68
42
43
43
43
44
44
44
39
69
127
127
127
88
43
43
44
44
45
43
41
43
123
127
127
127
43
44
44
44
46
43
43
38
77
127
127
127
44
45
44
44
46
43
43
42
46
127
127
127
115
113
110
110
109
109
108
108
108
107
109
111
119
116
115
114
113
113
112
112
112
112
113
115
125
123
122
120
119
119
118
118
118
119
120
121
127
127
127
127
127
127
127
126
127
127
127
127
127
127
127
127
127
127
127
127
127
127
127
127
127
127
127
127
127
127
127
127
127
127
127
127
123
127
127
127
127
127
127
127
127
123
112
103
106
106
107
112
114
113
110
102
87
75
69
65
69
64
59
54
47
45
42
43
43
41
40
40
44
43
40
39
36
35
33
30
36
37
38
37
37
37
37
39
40
40
39
33
35
38
40
40
40
40
40
40
40
40
40
36
31
34
39
40
40
40
40
40
41
40
40
38
32
32
33
38
40
40
41
40
40
40
40
40
36
32
32
33
40
42
41
40
40
40
40
41
39
33
32
32
41
42
41
40
41
41
40
40
40
33
32
32
127
127
127
127
127
127
127
127
127
127
127
127
127
127
127
127
127
127
127
127
127
127
127
127
127
127
127
127
127
127
127
127
127
127
127
127
127
127
127
127
127
127
127
127
127
127
127
127
127
127
127
127
127
127
127
127
127
127
127
127
127
127
127
127
127
127
127
127
127
127
127
127
121
127
127
127
127
127
127
127
127
127
117
103
106
105
105
113
123
123
117
107
89
73
68
65
69
64
60
54
47
46
41
42
43
41
40
40
46
43
42
39
37
36
33
30
36
38
39
38
37
38
39
40
41
41
40
33
36
39
41
41
40
40
40
41
40
41
41
36
31
34
39
42
40
40
41
41
42
41
42
39
32
32
33
39
41
41
42
41
42
41
41
41
36
32
32
34
41
43
42
41
42
41
41
42
39
33
32
31
42
43
42
42
43
42
41
41
41
34
32
32
