102
100
97
97
96
96
95
94
95
95
96
97
106
104
102
101
99
99
99
98
99
99
100
101
112
110
109
107
106
105
105
104
105
105
106
107
120
118
116
116
115
113
113
113
113
113
114
115
127
127
125
124
123
122
122
121
121
122
124
125
127
127
127
127
127
127
127
127
127
127
127
123
123
127
127
127
127
127
127
127
125
116
108
101
106
106
108
111
110
112
106
96
85
75
68
65
69
66
61
54
46
61
95
45
39
43
42
41
47
46
43
41
38
42
110
107
46
32
40
40
40
40
41
42
43
38
96
127
104
56
40
40
43
43
43
43
43
40
54
127
127
110
53
41
43
43
44
45
43
43
40
110
127
127
126
60
43
44
46
45
43
44
40
70
127
127
127
127
43
44
46
43
42
43
43
45
127
127
127
127
43
43
43
42
43
42
44
37
96
127
127
127
115
113
112
110
109
109
108
106
106
108
110
110
119
117
116
114
113
113
112
111
111
112
113
114
125
123
122
121
119
119
118
118
118
118
120
120
127
127
127
127
127
127
127
126
126
126
127
127
127
127
127
127
127
127
127
127
127
127
127
127
127
127
127
127
127
127
127
127
127
127
127
127
123
127
127
127
127
127
127
127
127
120
110
101
106
106
109
113
113
113
108
99
85
74
68
65
68
64
58
51
45
44
41
43
42
40
40
40
44
43
40
37
35
35
31
32
37
37
38
37
37
37
38
39
40
40
37
33
36
40
41
40
40
40
40
40
40
40
40
33
32
37
40
40
41
41
40
40
40
40
41
36
32
33
35
40
41
41
41
41
40
41
42
39
33
32
33
35
41
40
40
40
40
40
42
40
35
32
32
32
40
40
40
39
40
40
41
41
37
32
32
32
127
127
127
127
127
127
127
127
127
127
127
127
127
127
127
127
127
127
127
127
127
127
127
127
127
127
127
127
127
127
127
127
127
127
127
127
127
127
127
127
127
127
127
127
127
127
127
127
127
127
127
127
127
127
127
127
127
127
127
127
127
127
127
127
127
127
127
127
127
127
127
127
122
127
127
127
127
127
127
127
127
127
115
101
106
104
106
116
123
121
116
104
85
71
67
64
68
64
59
52
46
44
41
43
42
40
40
40
45
43
42
38
35
36
31
31
37
39
39
38
37
38
39
40
41
41
37
33
37
40
42
41
40
40
41
41
41
41
40
33
32
37
40
41
41
42
42
42
42
41
42
37
32
33
36
41
41
42
43
42
41
42
43
40
33
32
33
35
41
41
43
41
40
41
43
41
35
32
32
32
41
40
40
40
41
40
42
42
37
32
32
32
