101
100
99
97
96
96
95
94
94
95
94
97
106
104
103
101
99
99
99
98
98
98
99
101
113
110
109
107
106
105
105
104
104
104
106
107
120
119
116
116
115
113
113
112
112
113
113
115
127
127
125
124
123
122
122
121
121
122
123
125
127
127
127
127
127
127
127
127
127
127
127
123
125
127
127
127
127
127
127
127
123
114
106
99
106
107
110
111
109
112
103
93
82
74
68
64
68
64
60
52
44
75
84
39
42
43
41
41
46
45
43
40
37
56
127
82
34
36
40
40
40
40
41
43
43
45
127
127
78
43
39
43
43
43
44
44
43
38
99
127
127
72
41
42
43
44
44
42
43
40
68
127
127
127
80
35
43
43
43
43
43
40
46
127
127
127
127
89
42
41
42
43
41
41
37
106
127
127
127
127
42
41
42
42
41
42
37
82
127
127
127
127
116
113
112
110
110
109
108
107
107
106
107
110
120
117
116
114
113
113
112
111
111
111
112
114
126
124
122
121
120
119
118
117
117
118
119
120
127
127
127
127
127
127
126
125
126
126
127
127
127
127
127
127
127
127
127
127
127
127
127
127
127
127
127
127
127
127
127
127
127
127
127
127
125
127
127
127
127
127
127
127
127
118
108
100
106
106
108
113
113
111
106
96
82
72
68
65
67
63
57
48
45
43
41
43
41
40
40
40
43
42
40
37
36
35
30
33
37
37
37
37
37
37
38
40
40
40
33
33
38
40
40
40
40
40
40
40
40
41
37
32
33
38
40
40
41
40
40
40
40
41
38
33
32
33
38
40
40
40
40
40
40
40
37
33
32
32
33
37
39
39
40
40
39
39
38
36
32
32
32
33
39
39
40
40
38
39
40
37
32
32
32
32
127
127
127
127
127
127
127
127
127
127
127
127
127
127
127
127
127
127
127
127
127
127
127
127
127
127
127
127
127
127
127
127
127
127
127
127
127
127
127
127
127
127
127
127
127
127
127
127
127
127
127
127
127
127
127
127
127
127
127
127
127
127
127
127
127
127
127
127
127
127
127
127
124
127
127
127
127
127
127
127
127
127
111
98
106
105
107
118
123
120
113
99
82
71
67
64
67
63
58
50
46
43
42
43
42
40
40
40
44
43
41
37
36
34
30
33
38
39
38
38
38
38
40
40
41
40
33
33
39
41
41
41
41
41
42
41
41
42
37
31
33
39
41
41
42
42
41
40
42
42
39
33
32
33
38
41
41
40
41
41
41
41
39
34
32
32
33
37
40
39
41
41
40
40
40
37
32
32
32
33
40
39
40
40
39
40
40
38
33
32
32
32
