103
101
98
98
97
95
94
93
93
93
95
96
107
105
103
102
100
99
98
97
97
97
99
99
113
111
110
108
106
105
104
103
103
103
105
106
121
119
117
116
115
113
112
111
111
111
113
113
127
127
126
124
123
122
121
120
120
122
123
125
127
127
127
127
127
127
127
127
127
127
123
118
127
127
127
127
127
127
127
126
118
110
102
95
106
108
107
106
108
104
96
87
77
70
66
63
65
61
50
43
69
86
42
44
43
42
41
40
45
43
40
33
79
127
52
35
40
40
40
40
40
41
42
37
100
127
98
40
43
43
43
43
43
43
42
40
116
127
127
57
40
43
44
44
43
44
41
46
127
127
127
107
39
43
43
43
43
43
40
56
127
127
127
127
65
40
44
43
43
43
40
71
127
127
127
127
114
45
43
43
44
43
40
82
127
127
127
127
127
57
40
43
116
113
113
111
110
108
107
106
106
106
108
109
120
118
116
115
113
112
111
110
110
110
112
113
127
125
123
122
120
118
117
116
116
116
118
119
127
127
127
127
127
127
126
124
124
124
126
127
127
127
127
127
127
127
127
127
127
127
127
127
127
127
127
127
127
127
127
127
127
127
127
120
127
127
127
127
127
127
127
127
123
111
102
94
106
108
110
110
109
106
99
87
75
69
64
63
63
59
48
44
43
41
43
42
40
40
40
39
42
40
37
36
33
29
35
37
37
37
38
37
37
38
39
40
37
31
36
40
40
40
41
40
40
40
40
40
35
31
33
40
40
40
41
41
40
41
40
40
34
32
32
37
40
41
40
40
41
40
40
40
33
32
32
33
39
41
40
41
41
40
40
40
33
32
32
32
35
40
40
41
41
40
40
39
32
32
32
32
33
40
40
41
127
127
127
127
127
127
127
127
127
127
127
127
127
127
127
127
127
127
127
127
127
127
127
127
127
127
127
127
127
127
127
127
127
127
127
127
127
127
127
127
127
127
127
127
127
127
127
127
127
127
127
127
127
127
127
127
127
127
127
127
127
127
127
127
127
127
127
127
127
127
127
127
127
127
127
127
127
127
127
127
127
116
102
91
104
106
115
118
116
113
104
89
74
67
64
63
64
60
48
44
43
42
43
43
41
40
40
40
43
41
37
36
33
29
36
37
37
38
38
38
38
39
40
41
37
31
37
41
41
41
42
41
40
41
40
41
36
31
33
40
41
41
42
42
41
42
41
41
34
32
32
37
41
42
41
41
42
41
41
41
33
32
32
33
39
42
41
42
42
40
41
40
33
32
32
32
35
41
41
42
42
40
42
40
32
32
32
32
33
40
40
42
