103
101
99
98
96
95
94
93
93
93
95
96
107
105
103
102
100
99
98
97
97
97
99
99
113
112
110
108
107
105
104
103
103
103
105
106
121
120
117
116
115
113
112
111
111
111
113
113
127
127
126
124
123
122
121
120
120
122
123
125
127
127
127
127
127
127
127
127
127
127
122
117
127
127
127
127
127
127
127
125
116
109
101
94
106
108
106
105
107
103
96
86
75
69
65
63
65
59
49
43
82
74
43
43
43
42
40
40
45
43
38
37
117
110
34
40
40
40
40
40
40
41
39
56
127
127
49
42
43
44
43
43
43
43
38
86
127
127
76
40
43
44
44
42
43
43
41
127
127
127
117
39
43
41
43
43
43
40
62
127
127
127
127
55
38
41
43
43
43
40
99
127
127
127
127
86
37
41
43
43
43
43
127
127
127
127
127
115
40
41
43
44
116
113
113
111
110
108
107
106
105
106
106
109
120
118
116
115
113
112
111
110
110
110
111
113
127
125
123
122
120
118
117
116
116
116
118
119
127
127
127
127
127
127
125
124
124
124
126
127
127
127
127
127
127
127
127
127
127
127
127
127
127
127
127
127
127
127
127
127
127
127
127
120
127
127
127
127
127
127
127
127
122
110
100
93
106
107
109
108
107
104
97
87
75
68
64
63
63
56
45
44
42
42
43
42
40
40
39
39
42
40
36
36
31
32
37
37
37
37
37
37
37
37
40
40
33
33
40
40
40
41
40
40
40
40
40
38
32
32
39
41
40
41
40
39
40
41
41
35
32
32
36
41
40
39
40
40
40
40
39
33
32
32
33
40
39
38
40
40
40
40
37
32
32
32
32
37
39
39
40
40
40
41
35
32
32
32
31
36
40
40
41
41
127
127
127
127
127
127
127
127
127
127
127
127
127
127
127
127
127
127
127
127
127
127
127
127
127
127
127
127
127
127
127
127
127
127
127
127
127
127
127
127
127
127
127
127
127
127
127
127
127
127
127
127
127
127
127
127
127
127
127
127
127
127
127
127
127
127
127
127
127
127
127
125
127
127
127
127
127
127
127
127
127
113
99
90
105
108
115
116
115
110
102
86
72
66
64
63
64
57
46
45
42
42
43
42
41
40
40
40
43
40
36
36
30
31
37
37
38
39
38
38
38
38
40
40
33
33
41
41
41
42
41
40
41
40
41
38
32
32
39
42
41
42
41
40
40
41
42
35
32
32
36
42
40
40
41
41
41
41
40
33
32
32
33
40
40
39
41
41
41
41
37
32
32
32
32
37
40
39
41
41
41
42
36
32
32
32
31
36
40
40
42
42
