103
101
99
98
96
96
95
94
94
95
96
97
107
105
103
102
100
99
99
98
98
99
99
101
113
112
110
108
106
106
105
104
104
105
106
107
121
120
117
116
114
113
113
112
112
113
113
115
127
127
126
125
124
123
122
121
122
123
124
126
127
127
127
127
127
127
127
127
127
127
120
115
127
127
127
127
127
127
127
122
115
106
98
91
103
101
100
99
101
96
89
82
74
68
64
62
47
47
39
58
92
52
43
44
43
41
40
40
35
32
61
120
90
39
39
40
40
40
40
39
43
71
125
127
69
40
43
43
43
43
43
43
75
127
127
110
37
43
43
43
43
43
43
44
127
127
127
56
40
44
45
43
43
43
44
43
127
127
103
40
43
45
46
44
43
43
45
43
127
127
58
40
45
44
47
45
42
43
44
43
127
113
40
44
45
43
47
45
42
42
43
43
116
113
113
110
110
109
108
107
107
108
107
110
120
118
116
115
113
113
112
111
111
112
113
114
127
125
123
122
120
119
118
117
117
118
120
121
127
127
127
127
127
127
127
126
126
126
127
127
127
127
127
127
127
127
127
127
127
127
127
127
127
127
127
127
127
127
127
127
127
127
124
116
127
127
127
127
127
127
127
127
120
109
98
90
103
103
102
102
100
96
89
81
73
68
64
62
44
43
43
43
40
43
43
42
40
39
39
38
36
37
35
30
33
36
37
37
37
37
37
37
40
39
35
33
39
40
40
40
40
40
40
40
38
33
31
36
40
40
40
40
40
40
40
41
33
32
33
40
41
41
40
40
40
40
40
40
32
32
37
41
41
41
41
40
40
40
41
40
32
33
40
41
41
40
41
40
40
40
42
40
32
36
41
42
42
40
41
40
39
40
41
40
127
127
127
127
127
127
127
127
127
127
127
127
127
127
127
127
127
127
127
127
127
127
127
127
127
127
127
127
127
127
127
127
127
127
127
127
127
127
127
127
127
127
127
127
127
127
127
127
127
127
127
127
127
127
127
127
127
127
127
127
127
127
127
127
127
127
127
127
127
127
127
120
127
127
127
127
127
127
127
127
127
111
96
88
110
110
108
107
105
99
90
80
71
65
64
63
44
44
44
43
40
43
43
42
40
40
39
39
36
37
34
30
33
37
37
37
38
38
37
37
40
39
35
33
40
41
41
41
41
40
41
40
38
33
31
37
41
41
41
41
41
40
41
42
33
32
33
40
42
42
42
41
41
41
42
41
32
32
37
42
42
43
43
41
40
41
43
41
32
34
40
42
42
42
43
41
40
41
43
41
32
36
42
43
43
40
43
42
40
40
42
41
