101
100
99
97
96
96
95
94
94
95
96
97
106
104
103
101
99
99
99
98
98
99
100
101
113
110
109
107
106
105
105
104
104
105
106
107
120
118
116
116
115
113
113
112
112
113
114
115
127
127
125
124
123
122
122
121
122
123
124
126
127
127
127
127
127
127
127
127
127
127
122
116
127
127
127
127
127
127
127
123
116
109
100
92
102
102
99
99
99
96
89
82
74
68
65
62
47
47
41
49
92
58
43
44
43
41
40
40
37
31
51
111
104
43
38
40
40
40
40
40
40
63
112
127
86
40
43
43
43
43
44
44
65
125
127
127
43
43
44
43
43
43
44
45
127
127
127
72
40
46
43
43
45
43
43
44
127
127
122
43
41
43
43
43
43
43
43
42
127
127
72
37
42
42
42
43
43
43
42
40
127
127
43
43
42
43
42
42
44
43
41
41
116
113
112
110
110
109
108
107
107
108
108
110
120
117
116
114
113
113
112
111
111
112
113
114
126
124
122
121
120
119
118
117
117
118
120
120
127
127
127
127
127
127
126
126
126
126
127
127
127
127
127
127
127
127
127
127
127
127
127
127
127
127
127
127
127
127
127
127
127
127
127
118
127
127
127
127
127
127
127
127
120
110
100
92
103
103
101
100
99
96
89
81
74
68
65
62
44
43
43
43
40
43
43
42
41
40
39
38
36
37
36
31
32
36
37
37
37
37
37
37
40
38
36
33
37
40
40
40
40
40
41
40
39
34
32
35
40
40
40
40
40
40
41
41
34
32
33
39
42
41
40
40
41
40
40
41
32
32
35
40
40
40
40
40
40
40
40
39
32
33
38
41
39
39
39
40
41
40
40
38
32
34
40
42
40
40
40
40
42
40
39
39
127
127
127
127
127
127
127
127
127
127
127
127
127
127
127
127
127
127
127
127
127
127
127
127
127
127
127
127
127
127
127
127
127
127
127
127
127
127
127
127
127
127
127
127
127
127
127
127
127
127
127
127
127
127
127
127
127
127
127
127
127
127
127
127
127
127
127
127
127
127
127
122
127
127
127
127
127
127
127
127
127
113
98
89
110
109
107
106
103
99
90
80
71
66
64
62
44
44
44
43
40
43
43
43
41
40
39
39
36
37
35
31
32
36
37
38
38
38
38
37
41
40
36
33
38
41
41
41
41
41
42
41
40
35
31
35
41
42
41
41
41
41
42
42
34
32
32
40
43
43
41
40
42
41
41
42
32
32
36
41
40
40
40
40
41
41
40
40
32
33
39
42
40
40
40
40
42
41
40
38
32
34
40
43
40
40
40
40
43
40
40
40
