102
99
98
97
96
96
95
95
95
95
95
98
106
103
102
101
99
99
99
99
99
99
99
102
112
110
109
107
106
105
105
105
105
105
106
108
120
117
116
115
114
113
113
113
113
113
113
116
127
126
124
124
123
123
122
122
122
123
125
126
127
127
127
127
127
127
127
127
127
127
123
117
127
127
127
127
127
127
127
123
116
110
102
94
103
100
99
98
98
96
88
82
75
69
66
63
47
47
44
41
85
71
43
44
43
42
40
40
39
33
38
89
123
57
37
40
40
40
40
40
38
50
89
127
121
46
41
43
43
43
44
43
48
95
127
127
71
38
43
43
43
43
44
43
120
127
127
125
41
40
42
43
43
41
42
43
127
127
127
75
39
43
42
42
43
42
42
43
127
127
127
44
42
43
43
43
44
43
43
44
127
127
90
37
43
43
44
45
45
43
45
45
115
113
110
110
109
109
108
106
108
107
108
111
119
117
115
114
113
113
112
111
112
112
113
115
125
123
122
121
119
119
118
118
118
119
120
121
127
127
127
127
127
127
127
126
126
127
127
127
127
127
127
127
127
127
127
127
127
127
127
127
127
127
127
127
127
127
127
127
127
127
127
120
127
127
127
127
127
127
127
127
121
112
102
93
103
103
102
100
98
95
89
82
75
69
64
63
44
43
43
43
40
42
43
42
41
40
39
39
36
37
36
33
31
36
37
37
37
38
37
37
40
40
37
33
36
40
40
41
40
40
40
40
40
37
33
32
38
41
40
41
40
40
40
40
36
33
32
35
40
40
40
40
40
38
40
40
33
32
32
38
41
40
40
40
40
40
40
41
32
32
34
40
41
40
41
40
41
40
40
41
32
32
36
40
40
40
42
41
41
40
40
42
127
127
127
127
127
127
127
127
127
127
127
127
127
127
127
127
127
127
127
127
127
127
127
127
127
127
127
127
127
127
127
127
127
127
127
127
127
127
127
127
127
127
127
127
127
127
127
127
127
127
127
127
127
127
127
127
127
127
127
127
127
127
127
127
127
127
127
127
127
127
127
127
127
127
127
127
127
127
127
127
127
116
101
91
110
108
106
106
103
98
90
80
72
67
64
63
44
44
44
44
41
42
43
42
42
40
40
39
36
37
37
33
31
36
37
38
38
39
38
37
41
40
37
33
36
41
40
42
41
41
42
41
41
37
32
32
40
42
40
42
41
41
42
41
36
33
31
35
41
40
40
41
40
39
40
41
33
32
32
39
41
41
41
40
41
40
40
41
32
32
34
40
41
41
41
41
42
41
41
42
32
32
36
40
41
41
42
42
42
41
42
43
