101
99
98
97
96
96
96
96
95
96
98
99
105
103
102
101
99
99
99
99
99
100
102
103
111
109
108
107
106
106
106
106
106
106
108
110
119
116
116
115
114
113
113
113
114
115
116
117
126
124
124
123
123
123
123
123
123
125
127
127
127
127
127
127
127
127
127
127
127
127
126
120
127
127
127
127
127
126
127
123
116
110
103
96
102
100
98
97
96
92
86
81
75
69
66
64
47
47
47
45
53
89
49
44
43
42
42
40
40
40
37
34
89
127
46
40
40
40
40
40
43
41
39
72
127
127
46
42
43
43
44
44
43
40
58
127
127
121
40
43
43
43
44
43
35
54
127
127
127
99
37
43
42
42
42
43
54
119
127
127
127
81
39
43
43
43
42
43
110
127
127
127
127
65
40
43
44
44
43
44
127
127
127
127
127
55
40
45
44
44
45
46
114
111
111
110
110
109
109
109
108
109
110
113
118
116
115
114
113
113
113
113
113
113
115
116
124
123
121
120
120
119
119
119
120
120
122
123
127
127
127
127
127
127
127
127
127
127
127
127
127
127
127
127
127
127
127
127
127
127
127
127
127
127
127
127
127
127
127
127
127
127
127
123
127
127
127
127
127
127
127
127
121
112
103
96
103
102
99
98
96
92
86
79
74
69
65
64
44
43
43
43
43
40
42
42
41
40
40
40
36
36
36
37
33
30
37
37
37
37
38
37
40
40
40
38
33
33
40
40
40
40
40
40
40
41
39
33
31
35
40
40
40
40
40
40
40
40
34
32
32
37
40
40
40
39
39
40
39
35
32
32
32
37
40
40
40
40
40
41
36
33
32
32
33
39
41
40
40
40
41
41
33
32
32
32
33
39
41
41
40
40
41
41
127
127
127
127
127
127
127
127
127
127
127
127
127
127
127
127
127
127
127
127
127
127
127
127
127
127
127
127
127
127
127
127
127
127
127
127
127
127
127
127
127
127
127
127
127
127
127
127
127
127
127
127
127
127
127
127
127
127
127
127
127
127
127
127
127
127
127
127
127
127
127
127
127
127
127
127
127
127
127
127
127
117
103
93
110
107
105
102
99
94
87
79
71
67
65
64
44
44
43
43
43
40
42
42
41
41
40
40
36
37
37
37
33
30
37
38
38
38
39
39
41
42
41
39
33
34
41
41
41
41
41
41
41
42
40
34
31
36
41
40
42
41
41
41
40
40
34
32
32
37
40
40
40
40
40
41
40
35
32
32
32
38
41
41
41
40
40
42
37
33
32
32
33
40
42
41
41
42
41
42
33
32
32
32
33
40
42
42
41
42
43
43
