100
98
97
96
96
96
96
96
96
96
98
99
104
102
101
100
99
99
99
99
99
100
102
103
110
108
107
106
106
106
106
106
106
106
108
110
118
116
115
114
113
113
113
113
114
115
116
117
125
123
123
123
123
123
123
123
124
125
127
127
127
127
127
127
127
127
127
127
127
127
123
118
127
127
127
127
127
124
124
119
113
107
100
94
99
97
95
94
92
85
82
76
72
68
65
63
48
47
48
49
68
76
43
43
43
42
41
41
40
40
40
37
68
127
65
37
41
40
40
40
43
43
42
37
93
127
103
39
43
43
43
43
43
43
40
49
127
127
127
41
42
42
43
43
43
43
36
92
127
127
127
51
40
43
44
43
46
40
55
127
127
127
127
64
40
44
44
43
43
45
103
127
127
127
127
77
38
43
43
43
40
56
127
127
127
127
127
85
38
43
43
43
113
111
110
110
109
109
109
109
108
109
110
113
117
115
114
113
113
113
113
113
113
113
115
116
123
122
120
120
119
119
119
119
120
120
122
123
127
127
127
127
127
127
127
127
127
127
127
127
127
127
127
127
127
127
127
127
127
127
127
127
127
127
127
127
127
127
127
127
127
127
127
121
127
127
127
127
127
127
127
124
117
108
100
93
101
99
96
93
91
87
82
75
71
68
65
63
43
43
43
43
41
40
42
41
41
40
40
40
36
36
37
37
35
30
36
37
37
38
38
37
40
40
40
40
37
31
37
40
40
40
40
40
40
40
40
40
34
31
34
40
40
40
40
40
40
40
41
37
32
32
33
40
40
40
41
40
41
41
40
34
32
32
33
39
41
41
40
41
41
40
36
32
32
32
33
39
41
41
40
41
40
40
33
32
32
32
32
38
41
40
40
40
127
127
127
127
127
127
127
127
127
127
127
127
127
127
127
127
127
127
127
127
127
127
127
127
127
127
127
127
127
127
127
127
127
127
127
127
127
127
127
127
127
127
127
127
127
127
127
127
127
127
127
127
127
127
127
127
127
127
127
127
127
127
127
127
127
127
127
127
127
127
127
127
127
127
127
127
127
127
127
127
125
111
99
91
106
103
99
96
92
88
81
74
69
67
65
63
44
43
43
43
41
40
43
42
41
41
40
40
37
37
37
37
35
30
37
39
39
39
39
38
41
41
41
41
37
31
37
41
41
41
41
41
40
41
40
40
34
31
34
40
41
40
41
41
41
40
42
37
32
32
33
40
41
41
42
41
42
41
40
34
32
32
33
40
42
42
41
42
42
41
36
32
32
32
33
39
42
42
41
41
41
40
33
32
32
32
32
38
42
41
41
40
