100
98
97
96
96
96
96
96
96
96
97
99
104
102
101
100
99
99
99
99
99
100
102
103
110
109
107
106
106
106
106
106
106
106
109
110
117
116
115
114
113
113
113
113
114
115
116
118
125
123
123
123
123
123
123
123
125
126
127
127
127
127
127
127
127
127
127
127
127
125
120
114
127
127
127
126
123
123
120
115
109
103
96
90
96
93
91
89
85
81
77
73
69
66
64
62
49
49
51
71
74
42
43
43
43
42
42
40
40
40
39
65
127
71
36
40
40
41
40
40
43
43
37
80
127
120
40
43
43
43
43
43
43
43
40
114
127
127
54
42
43
43
43
43
44
40
57
127
127
127
82
40
43
44
44
43
43
40
103
127
127
127
112
39
42
44
44
43
40
58
127
127
127
127
127
44
40
43
43
43
37
85
127
127
127
127
127
54
39
43
42
43
113
111
110
110
109
109
109
109
108
109
110
113
117
115
114
113
113
113
113
113
113
113
115
116
123
122
120
120
119
119
119
119
120
120
122
123
127
127
127
127
127
127
127
127
127
127
127
127
127
127
127
127
127
127
127
127
127
127
127
127
127
127
127
127
127
127
127
127
127
127
123
116
127
127
127
127
127
127
125
118
111
103
96
89
96
94
91
88
85
82
76
71
68
65
64
63
43
43
43
41
40
43
41
41
40
40
40
40
37
37
37
35
30
36
37
37
37
38
37
37
40
40
40
38
32
35
40
40
40
40
40
40
40
40
41
36
32
33
40
40
40
40
40
40
40
41
40
33
32
32
38
40
40
40
41
40
41
41
37
32
32
32
36
40
40
41
41
40
40
40
33
32
32
32
34
39
40
41
40
40
39
37
33
32
32
32
33
38
39
40
40
41
127
127
127
127
127
127
127
127
127
127
127
127
127
127
127
127
127
127
127
127
127
127
127
127
127
127
127
127
127
127
127
127
127
127
127
127
127
127
127
127
127
127
127
127
127
127
127
127
127
127
127
127
127
127
127
127
127
127
127
127
127
127
127
127
127
127
127
127
127
127
127
120
127
127
127
127
127
127
127
127
115
103
92
88
99
96
92
89
86
80
75
70
67
65
64
63
43
43
43
41
40
43
42
41
41
40
40
40
37
37
37
36
30
36
39
38
38
39
38
38
41
41
41
38
32
35
41
40
40
41
40
41
41
41
42
36
32
33
41
41
41
41
40
41
41
42
41
33
32
31
40
42
41
41
42
41
42
42
37
32
32
32
37
41
40
42
42
41
41
40
33
32
32
32
35
40
40
41
41
41
40
37
33
32
32
32
33
39
40
40
40
42
