99
98
96
96
96
96
96
96
96
97
97
100
103
102
100
99
99
99
99
99
100
101
102
103
110
108
106
106
106
105
106
106
106
107
110
112
117
116
115
114
113
113
113
113
114
116
119
122
124
124
123
123
123
123
124
125
126
126
124
120
127
127
127
127
127
127
127
123
118
113
107
102
124
123
121
119
116
113
107
101
95
89
83
81
85
83
80
77
75
71
68
65
63
62
61
61
55
43
44
44
44
43
43
43
41
40
40
40
59
38
40
40
40
40
41
40
40
40
40
38
57
42
43
43
43
43
43
43
43
43
43
41
41
43
43
43
43
43
43
43
43
43
43
43
43
43
43
43
43
44
44
45
43
43
43
43
43
44
43
43
44
43
45
46
43
43
43
44
43
44
43
43
45
43
44
47
43
43
43
45
43
43
43
44
45
44
43
47
43
42
43
45
113
110
110
108
109
109
109
109
110
110
110
113
116
115
113
113
113
113
113
113
113
114
115
117
123
122
120
120
119
119
119
119
120
121
123
125
127
127
127
127
127
127
127
127
127
127
127
127
127
127
127
127
127
127
127
127
127
127
127
120
127
127
127
127
127
127
127
127
120
113
107
102
127
127
127
124
120
115
108
100
93
89
83
81
85
82
79
76
74
71
67
65
63
63
61
60
41
43
43
42
42
42
41
40
40
40
40
40
36
37
37
37
37
38
38
38
38
37
37
37
40
40
40
40
40
40
40
40
40
40
40
39
40
40
40
40
40
40
40
40
40
40
40
40
40
40
40
40
41
41
41
40
40
40
40
40
40
41
40
40
42
41
41
41
40
40
40
41
40
41
40
40
42
41
41
41
40
40
40
41
40
41
40
40
42
42
40
41
40
40
40
42
127
127
127
127
127
127
127
127
127
127
127
127
127
127
127
127
127
127
127
127
127
127
127
127
127
127
127
127
127
127
127
127
127
127
127
127
127
127
127
127
127
127
127
127
127
127
127
127
127
127
127
127
127
127
127
127
127
127
127
121
127
127
127
127
127
127
127
127
127
116
106
99
127
127
127
127
127
122
111
99
91
86
82
80
85
82
78
74
71
68
67
65
63
62
61
61
42
43
43
43
42
42
41
40
40
40
39
40
37
38
38
38
38
39
39
39
38
38
38
37
40
41
40
40
40
41
41
41
41
41
40
40
41
41
41
41
40
41
41
41
41
41
40
40
41
41
41
41
42
42
42
42
41
41
41
41
41
42
41
41
43
42
42
43
41
40
42
42
41
42
41
41
43
42
42
43
41
40
41
42
41
42
40
42
43
43
41
43
41
40
40
43
