99
99
97
96
96
96
96
96
97
98
99
99
103
103
101
100
99
99
99
99
101
101
102
106
110
109
107
106
106
106
106
106
108
110
113
117
117
116
115
114
113
113
114
114
116
120
124
125
125
124
124
124
125
125
125
126
126
122
116
110
127
127
127
127
127
126
121
116
110
103
98
93
121
119
116
113
109
104
98
92
85
82
78
76
79
77
75
71
68
67
64
63
61
61
60
59
44
44
44
43
43
43
42
40
40
40
40
40
40
40
41
41
41
40
41
40
40
40
39
37
43
43
43
43
43
43
43
43
43
43
42
40
43
42
43
43
42
43
43
42
43
43
42
43
44
44
43
43
43
43
43
43
43
43
43
43
44
45
43
42
43
43
43
43
44
44
43
45
43
44
43
43
43
43
45
44
44
44
43
44
43
43
43
43
43
43
45
45
43
43
43
43
112
112
110
110
109
109
109
110
110
111
111
113
116
115
114
113
113
113
113
113
114
115
116
119
123
121
120
120
119
119
120
120
122
123
124
126
127
127
127
127
127
127
127
127
127
127
127
126
127
127
127
127
127
127
127
127
127
123
115
110
127
127
127
127
127
127
124
117
110
103
97
93
127
123
120
116
111
104
97
90
85
82
78
76
78
76
73
71
69
66
64
63
61
61
60
59
42
42
42
42
41
40
40
40
40
40
40
40
37
37
37
38
38
37
38
38
37
37
37
35
40
40
40
40
40
40
40
40
40
40
39
37
40
40
40
40
40
40
40
40
40
40
40
40
41
40
40
40
40
40
40
41
40
40
40
40
41
41
41
40
40
40
41
41
41
40
40
41
40
41
41
40
40
41
41
41
41
40
41
41
40
40
40
40
41
40
41
40
41
41
40
40
127
127
127
127
127
127
127
127
127
127
127
127
127
127
127
127
127
127
127
127
127
127
127
127
127
127
127
127
127
127
127
127
127
127
127
127
127
127
127
127
127
127
127
127
127
127
127
127
127
127
127
127
127
127
127
127
127
125
115
109
127
127
127
127
127
127
127
122
111
102
96
92
127
127
127
123
115
105
95
89
85
82
78
76
78
74
71
69
67
65
64
63
61
61
60
59
42
43
42
42
42
41
41
40
40
40
40
40
38
39
39
39
39
38
39
39
38
37
37
36
40
41
41
41
40
41
41
41
41
40
40
38
40
41
40
40
41
41
41
40
41
41
40
41
42
42
41
41
40
40
41
41
41
41
40
41
42
42
42
40
40
41
42
42
42
42
41
42
41
42
41
40
40
41
42
42
42
42
41
42
40
41
40
41
41
41
43
43
42
42
40
41
