96
96
95
95
94
95
96
96
96
96
104
120
101
99
99
99
98
99
99
99
102
110
120
123
108
106
105
105
104
105
106
110
115
121
124
119
115
114
113
113
113
113
116
122
125
120
111
104
123
123
123
123
124
125
123
118
110
103
97
92
127
127
127
124
120
114
107
100
93
88
84
82
117
113
108
103
97
90
84
79
76
74
71
70
76
72
68
66
64
62
61
60
59
58
57
57
44
43
43
43
42
40
40
40
40
40
43
44
40
41
40
41
41
40
40
39
37
35
34
33
43
43
43
43
43
43
43
42
40
38
36
34
42
43
43
43
42
43
43
43
43
43
45
44
43
43
44
44
45
43
43
42
43
43
43
43
45
44
43
44
44
43
43
42
43
43
44
44
44
43
43
43
43
43
43
43
43
44
45
44
43
43
43
43
43
43
43
44
43
44
45
44
110
110
108
106
106
108
109
108
110
110
116
125
114
113
112
111
111
112
113
113
115
120
125
125
121
119
118
118
118
119
120
122
123
126
124
118
127
127
127
126
126
127
127
127
127
120
110
104
127
127
127
127
127
127
127
119
110
103
97
92
127
127
127
127
123
116
108
99
93
88
84
82
122
116
109
103
96
89
84
78
76
74
71
70
75
71
68
66
64
62
61
60
59
58
57
57
42
42
41
41
41
40
40
39
40
41
43
45
37
38
38
38
38
38
37
37
35
34
33
32
40
40
40
40
40
40
39
40
37
35
34
32
40
40
40
40
40
40
40
41
40
40
42
41
40
41
40
40
41
41
40
40
40
40
41
40
40
41
40
40
40
40
40
40
40
41
41
41
40
41
40
40
40
40
40
40
40
41
41
41
40
40
40
40
41
40
40
41
40
40
41
41
127
127
127
127
127
127
127
127
127
127
127
127
127
127
127
127
127
127
127
127
127
127
127
127
127
127
127
127
127
127
127
127
127
127
125
116
127
127
127
127
127
127
127
127
127
116
110
105
127
127
127
127
127
127
127
119
110
103
97
93
127
127
127
127
127
119
106
98
92
88
84
81
127
123
112
103
93
87
83
79
76
74
71
70
74
69
67
65
64
62
61
60
59
58
57
57
43
42
42
42
41
40
40
39
40
41
43
45
38
39
39
39
39
38
38
37
37
34
33
32
40
41
40
40
41
40
40
40
39
36
34
32
40
41
41
40
41
40
40
41
41
40
43
42
41
42
42
42
42
41
41
40
41
41
41
41
42
42
41
41
41
41
40
40
41
42
42
42
41
42
41
41
41
41
40
41
41
42
42
42
40
41
40
41
42
41
41
42
41
41
43
42
