96
96
94
93
93
94
95
96
96
96
110
127
100
99
98
97
97
98
98
99
103
113
122
123
106
106
104
103
103
104
106
110
116
123
123
115
114
113
112
112
112
113
116
123
124
116
107
103
122
123
123
123
124
125
123
116
108
100
96
91
127
127
127
123
119
113
106
99
92
86
82
79
117
113
107
102
96
89
83
78
75
73
70
68
77
73
68
66
64
62
61
60
59
59
57
57
44
43
43
43
42
40
40
40
40
42
43
45
41
41
40
41
41
40
40
38
37
34
33
32
43
43
43
43
43
43
43
42
40
37
35
33
43
43
43
43
43
43
43
43
44
45
46
43
43
43
42
42
43
43
41
43
43
43
42
42
43
44
43
43
43
43
42
43
43
43
42
42
43
44
44
44
43
43
43
43
43
43
43
42
44
45
44
45
45
44
44
43
42
41
43
43
110
109
107
106
106
107
108
110
109
111
120
127
113
113
111
110
110
111
112
113
116
122
125
124
120
119
117
117
117
118
120
122
124
126
122
114
127
127
125
125
125
126
127
127
124
116
107
103
127
127
127
127
127
127
123
115
107
100
96
91
127
127
127
127
122
113
105
98
91
86
82
79
123
116
109
102
95
88
82
78
75
73
70
68
77
71
68
66
64
62
61
60
59
59
57
57
42
42
41
41
41
40
40
40
40
42
44
46
37
37
38
38
38
37
37
36
34
33
32
32
40
40
40
40
40
40
40
38
37
35
33
31
40
40
40
40
40
40
40
40
41
41
41
40
40
40
40
40
40
39
39
40
40
40
39
40
40
41
40
40
40
40
40
40
40
41
40
40
40
41
41
40
40
41
41
40
40
40
40
40
41
40
40
41
40
41
41
40
39
39
40
40
127
127
127
127
127
127
127
127
127
127
127
127
127
127
127
127
127
127
127
127
127
127
127
127
127
127
127
127
127
127
127
127
127
127
120
113
127
127
127
127
127
127
127
127
124
113
107
103
127
127
127
127
127
127
127
116
107
100
96
91
127
127
127
127
127
116
104
96
91
86
82
79
127
123
112
102
92
86
82
78
75
73
70
68
75
70
67
66
64
62
61
60
59
59
57
57
43
42
42
42
41
40
40
40
40
42
44
46
39
39
39
39
39
38
37
37
35
33
33
32
41
41
41
40
41
41
40
39
38
36
33
31
41
41
41
41
40
41
41
41
42
42
42
41
40
41
40
40
40
40
40
41
41
41
40
40
41
42
41
41
40
41
40
41
40
41
40
40
41
42
42
41
41
41
42
41
40
40
41
40
42
42
42
42
43
42
42
41
40
40
41
41
