96
95
93
92
92
93
95
96
96
96
103
119
99
99
97
96
96
97
98
99
101
109
119
123
106
105
103
103
103
103
105
108
113
121
125
119
113
113
111
111
111
112
114
120
125
121
112
104
121
120
121
122
123
125
125
120
112
104
98
92
127
127
127
125
122
116
110
102
95
89
85
82
121
116
110
105
99
92
85
80
77
74
71
70
82
76
71
68
64
63
61
61
59
58
57
57
45
44
43
43
43
41
40
40
40
40
43
44
40
41
41
41
41
40
40
39
37
37
34
33
43
43
43
43
43
43
43
42
41
40
37
33
42
43
43
43
43
43
43
43
44
44
44
43
43
43
43
44
43
43
43
43
43
43
42
42
43
44
44
44
45
45
43
43
43
43
43
43
44
45
43
43
44
45
44
43
43
42
43
43
43
44
43
43
42
43
44
42
43
43
43
43
109
106
106
105
106
106
107
110
110
110
115
125
113
111
110
110
110
110
111
113
114
120
124
125
119
118
116
116
116
117
118
120
123
125
124
118
127
126
124
124
124
126
126
127
127
120
111
104
127
127
127
127
127
127
127
120
112
103
98
92
127
127
127
127
126
118
110
101
95
89
85
82
127
121
113
106
99
92
85
80
77
74
71
70
82
75
71
67
64
62
61
61
59
58
57
57
42
42
41
41
41
40
40
40
40
41
43
45
37
37
37
38
39
38
37
37
36
34
33
32
40
40
40
40
40
40
40
39
38
37
34
32
40
40
40
40
40
40
40
40
41
41
41
40
40
40
41
40
40
40
40
40
40
40
40
40
40
41
40
40
41
41
41
41
40
40
40
40
40
41
40
40
40
41
42
40
40
40
40
40
40
41
40
40
40
40
41
40
40
40
40
40
127
127
127
127
127
127
127
127
127
127
127
127
127
127
127
127
127
127
127
127
127
127
127
127
127
127
127
127
127
127
127
127
127
127
125
116
127
127
127
127
127
127
127
127
127
117
110
105
127
127
127
127
127
127
127
121
110
103
98
93
127
127
127
127
127
123
110
99
93
89
85
81
127
127
120
108
97
89
84
80
77
74
71
70
82
73
68
66
64
63
61
60
59
58
57
57
43
43
42
42
42
40
40
39
40
41
43
45
38
39
39
40
40
38
38
37
37
35
33
33
41
41
41
41
41
40
41
40
39
37
35
33
40
41
41
40
41
40
41
40
42
42
42
41
41
40
42
41
41
40
40
41
41
41
40
40
42
41
42
41
43
42
41
42
40
40
41
40
42
42
42
41
42
42
42
41
40
40
41
40
41
42
41
41
40
41
42
40
41
40
41
41
