96
93
92
92
92
93
94
96
97
96
100
114
99
97
96
96
96
97
98
99
100
106
117
123
106
103
103
103
103
103
105
107
112
120
124
121
113
111
111
110
110
111
113
118
124
123
113
106
120
120
120
122
122
124
125
121
113
106
99
95
127
127
127
127
123
117
111
103
96
89
85
82
123
118
112
106
101
94
87
81
78
74
72
70
85
78
72
68
65
63
62
60
60
58
59
57
45
44
43
43
43
41
40
40
40
40
43
44
40
41
41
41
41
40
40
40
37
37
35
33
43
43
43
43
43
43
43
42
41
40
37
34
43
42
43
43
43
43
43
42
44
44
44
43
43
43
43
44
44
44
43
43
43
43
43
43
44
44
44
44
43
44
44
43
43
42
43
43
44
45
44
43
43
43
44
43
43
42
43
43
45
46
43
42
43
42
43
43
42
43
43
44
107
107
105
106
106
106
107
109
110
110
114
123
112
110
110
110
110
110
111
113
114
118
123
126
119
116
116
116
116
117
118
120
123
125
125
121
126
124
124
124
124
125
126
127
127
123
113
106
127
127
127
127
127
127
127
123
113
106
99
95
127
127
127
127
127
120
111
103
96
89
85
82
127
123
116
108
101
93
86
81
78
75
72
70
85
77
71
68
65
63
62
60
60
59
58
57
42
42
42
41
41
40
40
40
40
41
43
45
37
37
38
38
39
38
38
37
37
35
33
33
40
40
40
40
40
40
40
39
39
37
34
32
40
40
40
40
40
40
40
40
41
41
41
40
40
40
41
41
41
40
40
40
40
40
40
40
41
40
41
40
40
40
41
40
40
40
41
40
41
40
41
40
40
40
41
40
40
40
41
41
40
40
40
40
41
40
40
40
40
40
40
42
127
127
127
127
127
127
127
127
127
127
127
127
127
127
127
127
127
127
127
127
127
127
127
127
127
127
127
127
127
127
127
127
127
127
127
118
127
127
127
127
127
127
127
127
127
120
112
106
127
127
127
127
127
127
127
124
113
105
99
95
127
127
127
127
127
127
113
102
94
89
85
82
127
127
124
111
100
91
85
81
78
75
72
70
85
75
69
67
65
63
62
60
60
59
58
57
43
42
42
42
42
41
40
39
40
41
43
44
37
38
39
39
40
39
38
37
37
35
33
33
40
40
41
41
41
40
41
40
40
38
36
33
41
40
41
41
40
40
41
40
42
42
42
41
41
41
41
42
42
41
41
41
40
40
40
40
42
42
42
41
41
41
42
40
41
40
41
40
42
42
42
41
41
41
42
40
41
40
41
41
42
42
41
40
41
40
41
41
40
40
41
43
