95
92
92
92
92
93
94
96
97
97
99
107
99
96
96
96
96
97
98
99
99
104
113
121
105
103
103
102
102
103
104
106
110
116
123
124
112
110
110
110
110
111
112
116
123
125
119
110
120
120
120
120
121
123
125
123
118
110
102
97
127
127
127
127
124
120
114
107
99
92
87
84
127
121
116
110
104
98
90
83
78
76
73
71
92
83
76
71
68
64
63
61
60
59
58
57
46
45
44
43
43
41
41
40
40
40
41
43
40
40
40
41
40
41
40
40
38
38
36
35
43
43
43
43
43
43
43
43
42
41
39
36
44
43
43
43
43
43
43
43
43
43
44
43
43
43
44
44
43
44
44
44
43
42
43
43
44
44
45
44
43
43
43
43
43
42
43
43
46
45
45
44
43
43
43
43
43
43
43
44
47
46
44
43
43
43
43
44
43
43
44
43
106
106
104
105
105
106
107
109
110
111
113
118
111
110
109
109
109
110
111
113
114
117
122
125
118
116
116
115
115
117
118
120
123
124
126
123
125
123
123
123
123
125
126
127
127
125
118
110
127
127
127
127
127
127
127
126
117
110
102
97
127
127
127
127
127
123
115
107
99
92
87
84
127
127
120
113
105
97
89
83
79
76
73
71
92
82
75
70
66
64
63
61
60
59
58
57
43
42
42
41
41
41
40
40
39
40
41
43
37
37
37
38
38
38
38
37
37
36
34
33
40
40
40
40
40
40
40
40
39
38
36
33
41
40
40
40
40
40
40
40
40
41
40
40
40
41
40
41
40
41
40
41
40
40
40
40
41
40
41
40
40
40
40
41
40
40
40
40
41
40
41
40
40
40
40
41
40
40
40
41
41
40
40
41
40
41
41
41
40
40
41
40
127
127
127
127
127
127
127
127
127
127
127
127
127
127
127
127
127
127
127
127
127
127
127
127
127
127
127
127
127
127
127
127
127
127
127
123
127
127
127
127
127
127
127
127
127
127
115
109
127
127
127
127
127
127
127
127
117
109
102
97
127
127
127
127
127
127
120
106
97
92
87
84
127
127
127
119
106
95
88
83
79
76
73
71
95
82
73
68
65
64
63
61
60
59
58
57
43
43
43
42
42
41
40
39
40
40
41
43
37
38
38
39
39
39
38
38
37
37
35
33
41
40
40
41
40
41
40
40
40
39
37
34
42
40
40
41
41
41
40
40
41
42
42
41
41
41
42
42
41
42
42
42
41
40
41
40
42
42
43
41
40
41
41
41
40
40
41
41
43
42
42
41
40
41
41
41
40
40
41
42
43
42
41
42
41
42
42
42
41
41
42
41
