97
93
89
84
80
78
75
75
75
76
78
82
101
97
92
88
84
81
79
78
79
81
83
87
107
103
99
94
90
86
85
85
85
88
91
95
115
111
106
102
98
94
93
92
94
96
100
103
125
121
116
110
106
104
103
102
104
108
112
117
125
127
127
126
122
117
116
120
122
123
122
120
106
112
118
122
124
125
125
121
117
112
106
100
74
77
84
92
101
120
117
97
85
75
69
65
48
49
47
48
43
95
76
43
45
44
43
43
42
42
41
38
44
127
91
34
40
40
40
41
42
42
43
38
79
127
120
39
43
43
43
43
43
43
42
45
126
127
127
47
42
43
43
43
43
43
39
72
127
127
127
65
39
44
43
43
43
43
41
122
127
127
127
87
38
45
43
43
43
40
69
127
127
127
127
113
41
44
43
43
43
39
103
127
127
127
127
127
46
43
45
43
110
106
102
96
92
90
87
86
86
88
91
94
114
110
106
100
96
92
91
90
91
93
96
99
120
116
112
106
103
99
97
96
99
100
103
107
127
124
120
115
110
108
106
105
107
109
113
116
127
127
127
123
120
117
116
114
117
121
126
127
127
127
127
127
127
127
127
127
127
127
127
123
106
114
123
127
127
127
127
127
124
116
108
99
73
76
82
92
105
123
121
100
85
75
68
65
47
47
45
45
46
50
50
43
42
42
41
42
39
40
38
38
37
31
34
37
37
37
38
38
39
40
40
41
38
30
34
40
40
40
40
40
40
40
40
41
35
32
34
40
40
40
40
40
41
40
41
39
32
32
33
39
41
41
40
40
40
40
41
35
32
32
32
37
41
41
40
41
40
40
39
33
32
32
32
35
41
41
40
41
40
40
37
32
32
32
32
35
41
41
40
41
127
127
127
127
127
127
127
127
127
127
127
127
127
127
127
127
127
127
127
127
127
127
127
127
127
127
127
127
127
127
127
127
127
127
127
127
127
127
127
127
127
127
127
127
127
127
127
127
127
127
127
127
127
127
127
127
127
127
127
127
127
127
127
127
127
127
127
127
127
127
127
127
105
119
127
127
127
127
127
127
127
127
112
99
73
75
80
93
113
127
127
107
86
72
68
65
47
47
45
45
47
52
52
44
43
43
42
42
40
40
39
38
37
31
33
37
38
38
39
40
40
40
40
42
38
31
35
41
41
40
40
41
40
40
41
42
35
31
34
40
41
41
41
41
42
41
42
40
32
32
33
40
42
42
41
41
42
41
42
36
32
32
32
37
42
43
40
41
41
41
40
33
32
32
32
36
42
43
41
41
40
41
37
32
32
32
32
35
42
42
42
41
