94
92
92
91
92
92
94
96
97
98
99
103
98
96
96
95
96
96
97
99
100
103
110
118
104
102
102
101
102
103
103
106
109
115
121
125
112
110
110
110
110
110
112
115
120
126
122
114
119
118
118
119
120
123
124
125
121
113
106
99
127
127
127
127
127
123
116
110
103
95
89
86
127
125
120
113
108
102
93
86
81
77
74
72
98
89
79
74
69
66
64
61
61
60
58
58
47
45
44
44
43
43
41
40
40
40
41
42
40
40
40
40
40
40
40
40
39
38
37
36
43
43
43
43
43
43
43
43
42
42
40
37
43
43
43
43
43
43
43
43
43
43
43
43
43
43
44
45
45
43
43
44
43
43
43
43
45
44
46
45
43
43
43
44
44
43
43
43
43
43
46
44
42
44
43
45
44
43
43
43
40
43
43
43
42
45
44
46
44
42
43
44
106
106
103
104
103
106
107
109
110
111
113
116
110
109
108
108
108
110
111
113
114
116
121
126
117
115
115
114
115
116
118
120
123
125
127
126
124
123
123
123
123
124
126
127
127
127
122
113
127
127
127
127
127
127
127
127
122
113
106
99
127
127
127
127
127
127
120
111
103
95
89
86
127
127
125
117
110
102
93
86
81
77
74
72
101
89
78
72
68
66
63
61
60
60
58
58
43
43
42
42
41
41
40
40
40
40
40
42
36
37
37
37
38
38
38
37
37
37
35
34
40
40
40
40
40
40
40
40
39
38
37
34
40
40
40
40
40
40
40
40
40
40
40
40
40
41
41
40
40
40
40
41
40
40
40
40
42
40
41
40
40
40
40
41
40
40
40
41
40
40
40
40
40
40
40
41
40
40
41
41
38
40
40
40
39
41
40
41
40
40
41
41
127
127
127
127
127
127
127
127
127
127
127
127
127
127
127
127
127
127
127
127
127
127
127
127
127
127
127
127
127
127
127
127
127
127
127
127
127
127
127
127
127
127
127
127
127
127
120
112
127
127
127
127
127
127
127
127
123
112
105
99
127
127
127
127
127
127
127
112
101
94
89
86
127
127
127
127
114
101
91
85
81
77
74
72
107
91
78
71
67
65
63
61
61
60
58
58
44
43
43
42
42
42
41
40
40
40
40
42
36
37
38
38
39
39
39
38
38
37
36
34
41
41
40
40
41
40
40
41
40
40
38
35
41
41
41
41
42
41
41
41
41
41
41
41
41
41
42
42
42
41
41
42
41
40
41
41
43
42
43
42
41
41
41
42
41
40
42
42
41
41
43
41
40
41
41
42
41
40
42
42
39
40
40
40
40
42
42
43
41
40
42
42
