93
92
91
91
91
92
93
96
98
98
99
103
97
96
95
95
95
96
97
99
101
103
108
116
103
103
101
101
101
103
103
106
110
113
119
124
111
110
109
109
109
110
112
114
119
124
123
117
119
118
118
118
120
122
123
125
123
115
107
100
127
127
127
127
127
124
119
112
105
97
91
87
127
126
120
115
110
103
96
88
82
78
75
73
102
92
82
75
70
67
64
62
60
60
58
58
47
46
45
44
43
43
43
41
40
40
40
42
39
40
40
40
40
40
40
40
40
39
37
36
43
43
43
43
43
43
43
43
43
42
40
38
43
43
43
43
43
43
43
43
43
43
43
43
43
44
43
46
45
43
43
43
43
43
43
43
43
43
43
46
43
43
43
44
44
43
43
43
41
42
43
43
42
43
45
44
44
43
43
43
41
42
40
41
42
43
47
44
44
42
43
44
106
104
104
104
104
106
106
109
111
111
113
116
110
109
108
108
108
110
110
113
115
116
121
125
116
116
114
114
114
116
117
120
123
125
127
127
124
123
122
122
123
123
125
127
127
127
123
116
127
127
127
127
127
127
127
127
124
115
107
100
127
127
127
127
127
127
122
113
104
96
91
87
127
127
127
120
112
104
95
88
82
78
75
73
105
92
82
75
70
66
64
62
61
60
58
58
44
43
43
42
41
41
41
40
40
40
40
42
36
37
37
37
38
38
38
37
37
37
35
34
40
40
40
40
40
40
40
40
40
39
37
35
40
40
40
40
40
40
40
40
40
40
40
41
40
41
40
42
40
40
40
41
40
40
40
41
40
40
40
41
40
40
40
41
40
40
40
41
39
40
39
40
40
40
41
41
40
40
41
41
39
40
38
39
40
40
43
40
40
40
41
42
127
127
127
127
127
127
127
127
127
127
127
127
127
127
127
127
127
127
127
127
127
127
127
127
127
127
127
127
127
127
127
127
127
127
127
127
127
127
127
127
127
127
127
127
127
127
123
113
127
127
127
127
127
127
127
127
127
113
106
100
127
127
127
127
127
127
127
115
103
95
91
87
127
127
127
127
118
104
92
85
82
78
75
73
113
96
82
72
68
65
64
62
61
60
58
58
45
43
43
43
42
42
41
40
40
40
40
42
36
37
37
38
39
39
39
38
38
37
36
35
41
41
40
40
40
40
40
41
40
40
38
36
41
41
41
41
41
41
41
41
41
41
41
40
41
42
41
43
42
41
41
42
41
40
40
41
40
41
41
43
41
40
42
42
42
40
41
42
40
40
40
40
40
40
43
42
42
40
42
42
40
40
39
39
40
41
43
42
42
40
42
43
