93
91
91
91
91
92
93
96
98
99
100
103
97
95
95
94
95
96
97
99
101
102
107
114
103
101
101
100
101
102
103
106
109
113
118
123
110
109
109
109
109
110
111
113
118
123
124
119
118
117
117
117
119
122
123
125
123
116
109
102
127
127
127
127
127
125
120
113
107
99
92
88
127
127
123
116
111
105
97
90
83
79
75
73
106
95
85
78
71
68
64
63
61
61
58
58
47
46
45
44
43
43
43
40
40
40
40
41
40
40
40
40
40
40
40
40
40
39
38
37
43
43
43
43
43
43
43
43
43
42
41
40
44
44
43
43
44
44
43
43
43
43
43
43
43
43
44
44
46
43
43
43
43
43
43
43
44
43
43
43
43
43
43
44
44
43
43
44
44
42
42
42
43
42
44
44
44
43
43
44
43
42
43
42
43
42
44
43
43
43
43
44
106
105
103
103
103
105
106
109
111
113
113
116
110
108
107
107
107
109
110
113
115
116
120
124
116
114
114
113
114
115
116
120
123
124
127
127
123
122
122
122
122
123
125
127
127
127
125
117
127
127
127
127
127
127
127
127
126
116
109
102
127
127
127
127
127
127
124
115
106
99
92
88
127
127
127
122
114
106
97
89
83
79
75
74
110
97
85
77
71
67
64
63
61
61
58
59
45
43
42
42
41
41
41
40
40
40
40
42
36
36
37
37
37
38
38
38
37
37
36
35
40
40
40
40
40
40
40
40
40
39
38
36
40
40
40
40
40
40
40
40
40
40
40
40
40
40
41
41
41
40
40
40
41
40
40
41
41
40
40
40
40
40
41
41
41
40
40
41
41
40
40
39
39
40
41
41
41
40
40
41
41
40
40
40
40
40
41
40
40
41
40
41
127
127
127
127
127
127
127
127
127
127
127
127
127
127
127
127
127
127
127
127
127
127
127
127
127
127
127
127
127
127
127
127
127
127
127
127
127
127
127
127
127
127
127
127
127
127
127
115
127
127
127
127
127
127
127
127
127
116
109
102
127
127
127
127
127
127
127
119
106
97
92
88
127
127
127
127
122
108
95
87
82
79
75
74
120
102
85
74
69
66
64
63
61
61
58
58
46
43
43
43
42
42
41
40
40
40
40
41
37
37
38
38
39
39
39
38
38
37
37
35
42
41
41
40
40
41
40
41
40
40
39
37
42
41
41
41
41
42
41
41
41
41
41
41
41
41
42
42
43
41
41
41
41
41
40
41
42
40
40
40
41
40
42
42
42
40
41
42
42
40
40
40
40
40
42
42
42
41
41
42
42
40
40
40
40
40
42
41
41
42
41
42
