92
89
90
89
90
91
92
95
98
99
101
103
96
94
93
93
94
95
96
99
101
103
106
112
102
101
99
99
100
101
103
105
108
111
116
122
110
108
108
107
108
110
111
113
116
121
126
123
117
116
116
116
118
120
123
126
126
120
113
106
127
127
127
127
127
127
123
118
110
103
96
90
127
127
125
120
115
109
102
94
86
81
77
75
117
103
92
82
75
70
66
64
61
61
59
58
53
47
46
45
44
43
43
42
40
40
40
40
40
40
40
40
40
40
40
40
40
39
38
37
43
43
43
43
43
43
43
43
43
42
41
40
43
43
43
43
43
45
44
43
43
43
43
43
42
43
43
42
43
43
43
44
44
44
43
43
43
43
43
42
42
43
43
43
44
44
43
43
43
43
43
42
41
43
43
43
44
43
43
43
43
43
43
43
42
44
43
43
44
42
43
43
105
104
103
103
102
104
106
109
111
112
114
116
109
108
106
106
106
108
110
112
115
116
120
123
115
114
113
113
113
114
116
119
123
125
127
127
123
121
121
121
121
123
124
127
127
127
127
123
127
127
127
127
127
127
127
127
127
121
113
106
127
127
127
127
127
127
127
120
110
102
95
90
127
127
127
127
119
111
102
93
85
81
77
75
124
106
92
82
74
69
66
63
61
61
59
58
51
44
43
43
42
41
41
41
40
40
40
40
37
37
37
37
37
37
38
38
37
37
37
36
40
40
40
40
40
40
40
40
40
40
39
37
40
40
40
40
41
41
40
40
40
40
40
40
39
40
41
40
40
40
40
41
41
40
40
41
40
41
40
40
39
40
40
41
41
41
40
40
40
41
40
40
39
41
40
41
41
40
40
40
40
40
40
40
39
42
40
40
41
40
40
40
127
127
127
127
127
127
127
127
127
127
127
127
127
127
127
127
127
127
127
127
127
127
127
127
127
127
127
127
127
127
127
127
127
127
127
127
127
127
127
127
127
127
127
127
127
127
127
120
127
127
127
127
127
127
127
127
127
123
113
105
127
127
127
127
127
127
127
127
112
101
95
90
127
127
127
127
127
116
101
90
85
81
78
75
127
113
96
81
71
68
65
63
61
61
59
58
53
45
43
43
42
42
42
41
40
40
40
40
37
37
37
38
38
39
39
39
38
38
37
36
40
41
41
41
41
41
41
40
41
40
40
38
40
41
41
41
42
42
42
41
41
41
41
41
40
41
42
40
40
41
40
42
42
41
40
42
40
41
41
40
40
41
41
42
42
42
41
41
41
41
41
40
40
42
41
41
42
41
41
41
41
41
41
41
40
43
41
40
42
40
40
41
