92
89
89
89
89
91
92
95
97
99
101
103
96
93
93
93
93
95
96
99
101
103
106
110
102
99
99
99
99
101
103
105
107
111
116
120
110
107
107
107
107
110
110
113
116
120
125
125
116
116
116
116
117
120
123
125
126
123
115
107
127
127
127
127
127
127
125
120
113
105
97
91
127
127
127
122
116
110
104
96
89
82
78
75
122
107
95
85
77
71
67
64
62
61
60
58
56
49
46
45
44
43
43
42
40
40
40
40
41
40
40
40
40
40
40
41
40
40
39
37
41
43
43
43
43
43
43
43
43
43
42
40
42
42
43
43
43
44
45
43
43
43
43
43
43
42
43
43
42
43
43
43
44
44
43
43
42
42
43
43
42
42
43
43
43
44
43
43
43
42
43
43
42
42
43
43
43
43
43
43
43
43
43
44
43
41
42
42
43
42
40
42
104
103
101
101
103
104
106
108
110
112
114
116
108
106
106
106
106
108
110
112
114
116
120
123
114
113
113
113
113
114
116
119
121
125
127
127
122
120
120
120
120
123
124
127
127
127
127
124
127
127
127
127
127
127
127
127
127
123
115
107
127
127
127
127
127
127
127
123
113
104
96
91
127
127
127
127
121
113
104
96
88
82
78
75
127
112
96
85
76
71
66
64
62
61
60
59
54
46
43
42
42
41
41
41
40
40
40
41
37
37
37
37
37
37
38
38
38
37
37
36
39
40
40
40
40
40
40
40
40
40
39
37
40
40
40
40
40
41
40
40
40
40
40
40
40
40
40
41
40
40
40
40
41
41
40
40
40
40
40
40
40
40
41
40
41
40
40
40
40
40
40
40
40
39
41
40
40
40
40
40
41
40
40
41
40
38
40
39
40
40
38
40
127
127
127
127
127
127
127
127
127
127
127
127
127
127
127
127
127
127
127
127
127
127
127
127
127
127
127
127
127
127
127
127
127
127
127
127
127
127
127
127
127
127
127
127
127
127
127
124
127
127
127
127
127
127
127
127
127
127
115
107
127
127
127
127
127
127
127
127
115
103
96
91
127
127
127
127
127
120
106
92
85
82
78
75
127
122
102
85
75
68
65
64
62
61
60
59
57
47
43
43
43
42
42
41
40
40
40
40
37
37
37
38
38
39
39
39
38
38
37
37
39
41
41
41
40
41
42
41
41
40
40
39
40
40
41
41
41
42
42
41
41
41
41
41
41
40
41
42
40
40
40
41
42
42
40
41
40
40
41
41
40
40
41
40
42
42
41
41
40
40
41
41
40
40
41
40
41
40
40
41
41
40
41
42
41
39
40
40
40
40
38
40
