90
88
89
89
89
90
92
94
97
99
103
104
94
92
92
92
92
94
96
98
101
103
106
109
100
99
98
98
99
100
102
104
107
110
115
119
108
107
106
106
106
108
110
113
115
120
123
126
116
115
114
115
116
118
122
124
127
125
119
112
126
127
127
127
127
127
127
123
116
109
101
95
127
127
127
125
120
114
108
100
92
85
80
77
127
119
102
91
81
75
68
65
63
61
60
59
107
56
46
46
44
44
43
43
41
40
40
40
64
41
39
40
40
40
40
41
40
40
39
39
40
42
43
43
43
43
43
43
43
43
42
41
43
43
42
42
43
43
43
43
43
43
43
43
45
43
43
42
43
43
42
43
43
44
44
43
43
43
43
43
43
43
42
42
42
43
42
42
42
43
44
43
43
44
43
43
42
42
41
40
43
43
45
43
45
44
44
44
42
41
41
40
103
103
101
101
102
103
104
106
110
112
115
117
107
106
105
105
106
107
109
111
114
116
120
123
113
113
111
111
112
113
116
118
121
125
127
127
121
120
119
119
120
122
123
126
127
127
127
127
127
127
127
127
127
127
127
127
127
127
119
111
127
127
127
127
127
127
127
127
118
109
100
94
127
127
127
127
127
118
110
100
92
85
80
77
127
124
106
92
81
73
68
65
62
61
61
59
53
51
44
43
43
42
41
41
40
40
40
40
36
37
36
37
37
38
38
39
38
38
37
37
38
40
40
40
40
40
40
40
40
40
39
38
40
40
40
40
40
40
40
40
40
40
40
40
41
41
40
40
40
40
39
40
40
41
40
40
40
40
41
40
40
40
39
40
40
40
40
40
40
40
41
40
41
40
40
41
40
39
40
38
40
40
40
40
42
40
41
42
40
39
39
37
127
127
127
127
127
127
127
127
127
127
127
127
127
127
127
127
127
127
127
127
127
127
127
127
127
127
127
127
127
127
127
127
127
127
127
127
127
127
127
127
127
127
127
127
127
127
127
127
127
127
127
127
127
127
127
127
127
127
120
110
127
127
127
127
127
127
127
127
123
109
99
93
127
127
127
127
127
127
113
98
89
84
80
77
127
127
114
95
80
71
66
64
63
61
61
59
55
53
45
43
43
42
42
42
41
40
40
40
36
37
36
37
39
39
39
40
39
38
37
37
39
40
40
41
41
41
41
41
40
41
40
39
41
41
40
40
41
41
41
40
41
41
41
41
43
41
41
40
41
40
40
41
41
42
42
41
41
40
42
41
41
41
40
40
40
41
40
40
40
40
42
41
42
42
41
41
40
40
40
39
41
41
42
42
43
41
42
43
40
40
40
38
