87
86
85
85
85
87
89
92
96
98
102
106
91
89
89
89
89
91
92
96
99
103
106
110
98
96
95
95
95
97
99
103
106
110
114
117
106
103
103
102
103
105
108
110
113
118
121
125
113
112
111
111
112
114
117
121
125
127
127
122
127
127
123
123
127
127
127
127
124
118
111
103
123
124
127
127
127
123
116
110
102
93
86
81
93
102
123
123
102
88
77
70
66
64
61
61
47
75
98
57
47
45
44
43
43
42
41
41
88
82
64
40
40
40
40
40
41
41
40
40
90
69
44
42
43
43
43
43
43
43
43
43
42
37
43
44
43
43
43
43
43
43
43
43
40
41
43
44
44
44
44
45
44
43
43
43
42
43
43
42
44
46
46
45
43
43
43
44
44
44
43
41
43
46
44
43
43
43
43
44
45
44
42
41
41
44
42
43
43
43
42
43
99
99
97
97
98
100
103
104
108
112
116
118
103
102
101
101
102
104
106
109
113
116
120
123
110
108
107
107
108
110
113
116
120
124
127
127
118
116
115
115
116
118
121
123
127
127
127
127
126
125
123
123
125
127
127
127
127
127
127
123
127
127
127
127
127
127
127
127
127
120
111
103
127
127
127
127
127
127
122
112
102
92
85
81
95
106
124
127
105
89
76
69
66
63
61
61
45
44
50
53
45
43
42
41
42
41
41
40
33
33
36
37
36
37
37
38
38
39
38
37
37
38
39
39
40
40
40
40
40
40
40
40
40
40
40
40
40
40
40
40
40
40
40
40
39
39
40
40
41
41
40
41
40
40
40
40
40
40
40
40
41
41
41
40
40
40
40
40
41
41
40
39
40
41
40
40
40
40
40
40
42
41
39
39
39
40
40
40
40
40
40
40
127
127
127
127
127
127
127
127
127
127
127
127
127
127
127
127
127
127
127
127
127
127
127
127
127
127
127
127
127
127
127
127
127
127
127
127
127
127
127
127
127
127
127
127
127
127
127
127
127
127
127
127
127
127
127
127
127
127
127
126
127
127
127
127
127
127
127
127
127
126
112
102
127
127
127
127
127
127
127
117
100
90
85
81
97
114
127
127
114
90
75
68
65
64
61
61
45
44
51
56
46
43
43
42
42
42
40
40
34
33
36
37
37
37
38
39
39
40
39
38
37
38
40
40
41
40
40
40
40
41
40
40
40
40
41
41
41
41
41
41
41
40
40
41
40
40
40
42
43
42
42
42
41
41
42
40
40
41
40
40
43
43
43
41
40
41
42
41
42
42
40
40
41
43
42
41
40
41
41
41
43
42
40
40
40
42
40
41
41
41
40
40
