86
84
83
83
84
86
89
91
95
99
103
105
90
88
87
87
87
89
92
95
99
103
106
109
96
94
93
93
93
96
99
101
105
109
113
116
104
103
101
101
101
103
106
109
113
117
121
124
113
111
110
110
110
113
115
119
123
127
127
123
127
126
124
121
124
127
127
127
125
119
113
105
120
122
124
127
127
125
120
112
104
95
87
82
86
95
109
127
113
95
82
72
67
64
61
61
40
60
92
74
50
46
45
43
43
43
42
42
89
91
73
46
39
40
40
41
40
41
41
40
101
85
54
39
43
43
43
43
43
43
43
42
57
39
40
43
43
43
42
43
44
44
43
43
43
43
44
44
44
44
43
42
42
42
43
43
43
45
44
43
43
45
44
43
42
42
43
43
44
44
43
43
43
44
45
43
42
43
43
43
42
43
43
43
43
43
45
43
43
43
43
44
98
96
96
96
96
99
101
105
106
112
116
119
103
100
99
99
100
103
105
108
111
116
120
123
110
107
106
106
106
109
111
114
119
123
127
127
117
115
114
113
114
116
119
123
127
127
127
127
126
123
123
123
123
125
127
127
127
127
127
125
127
127
127
127
127
127
127
127
127
122
113
105
127
127
127
127
127
127
126
115
103
94
87
82
88
98
111
127
119
96
80
71
67
64
62
61
45
44
44
53
50
43
42
42
42
42
41
41
34
33
34
37
37
37
37
38
38
38
38
38
36
37
39
39
39
40
40
40
40
40
40
40
39
41
40
40
40
40
40
40
41
40
40
40
41
41
40
41
40
41
40
39
39
40
40
41
41
41
40
40
40
41
41
40
39
40
40
40
40
41
40
40
40
41
41
41
40
40
40
40
40
41
40
40
40
40
42
40
40
41
40
40
127
127
127
127
127
127
127
127
127
127
127
127
127
127
127
127
127
127
127
127
127
127
127
127
127
127
127
127
127
127
127
127
127
127
127
127
127
127
127
127
127
127
127
127
127
127
127
127
127
127
127
127
127
127
127
127
127
127
127
127
127
127
127
127
127
127
127
127
127
127
115
104
127
127
127
127
127
127
127
123
105
92
85
82
87
102
121
127
127
102
80
69
65
64
62
61
46
43
44
56
52
43
42
42
42
42
42
41
35
33
33
37
37
37
38
39
39
39
39
38
37
38
40
40
40
41
41
41
41
41
40
40
40
41
41
41
41
40
40
41
42
41
40
41
42
42
42
42
42
42
41
40
40
40
41
42
42
42
41
41
41
43
42
41
40
40
41
41
41
42
41
41
41
42
43
42
40
41
41
41
40
42
41
41
40
41
43
41
41
41
40
41
