85
83
82
82
82
85
87
89
93
98
102
105
89
87
85
85
85
88
91
93
97
102
106
109
96
93
92
92
92
94
97
99
103
108
113
116
103
101
99
99
99
102
104
108
112
116
120
123
113
110
109
108
109
111
113
117
123
127
127
125
126
125
124
122
121
126
127
127
127
121
114
107
116
120
121
127
127
127
122
116
107
97
89
83
82
89
99
117
123
104
87
76
68
64
62
61
39
47
79
85
60
47
45
44
43
43
43
42
78
98
85
54
42
40
40
40
40
41
41
41
108
103
70
40
41
44
43
43
43
43
43
43
91
49
37
42
43
44
44
43
43
43
43
43
43
43
43
43
41
42
43
44
44
43
44
44
39
44
44
43
42
43
43
43
44
44
45
43
43
44
44
43
43
44
43
43
43
43
45
44
43
43
43
42
43
44
44
43
41
43
46
47
98
95
94
94
95
97
99
103
106
111
115
118
102
99
98
98
99
101
103
106
110
115
119
122
108
106
104
104
105
107
110
113
116
122
126
127
116
114
113
112
113
115
117
121
125
127
127
127
125
123
121
121
121
123
127
127
127
127
127
127
127
127
127
127
127
127
127
127
127
125
115
107
122
127
127
127
127
127
127
120
108
97
89
83
82
90
102
118
127
109
88
75
68
64
63
61
45
44
43
47
54
46
43
42
42
42
42
41
36
33
33
36
37
37
37
37
38
38
38
39
37
37
38
39
39
40
40
40
40
40
40
40
37
40
41
40
40
40
40
40
40
40
40
40
40
41
41
40
39
39
40
41
41
41
40
40
40
41
41
41
40
40
40
40
41
41
41
40
40
40
41
40
40
40
41
40
40
40
42
40
40
40
41
40
40
40
42
40
39
40
41
41
127
127
127
127
127
127
127
127
127
127
127
127
127
127
127
127
127
127
127
127
127
127
127
127
127
127
127
127
127
127
127
127
127
127
127
127
127
127
127
127
127
127
127
127
127
127
127
127
127
127
127
127
127
127
127
127
127
127
127
127
127
127
127
127
127
127
127
127
127
127
118
106
127
127
127
127
127
127
127
127
111
95
86
83
82
92
108
127
127
119
89
73
67
64
62
61
46
45
43
49
57
47
43
43
42
42
42
41
36
34
33
36
37
37
37
39
39
39
39
39
36
37
39
40
40
41
41
41
40
40
40
40
38
40
41
40
40
41
41
41
40
40
41
41
41
42
42
40
40
40
41
42
42
42
41
41
41
43
42
42
40
40
41
41
42
42
42
41
41
42
42
41
41
41
42
40
41
41
43
42
41
40
42
40
40
41
43
40
40
40
43
43
