84
82
80
79
80
82
84
87
91
96
99
103
88
85
84
83
83
85
87
91
95
99
103
107
94
92
90
89
89
92
93
97
101
106
110
114
103
100
98
97
97
99
101
105
109
114
118
122
113
110
107
106
106
108
110
114
119
124
127
127
123
124
123
122
120
121
126
127
127
126
120
113
112
116
119
120
127
127
127
122
115
105
96
88
77
82
89
98
116
123
103
87
75
68
63
61
44
39
47
80
82
58
47
45
44
43
43
43
40
74
105
85
53
41
39
40
40
40
41
41
96
119
113
68
41
41
42
43
43
43
43
43
127
125
55
37
43
43
43
43
43
43
43
43
99
50
42
45
45
44
44
44
43
43
43
45
52
37
41
45
45
43
43
44
45
43
42
43
36
41
43
43
44
43
43
43
46
43
43
42
42
42
42
42
43
43
43
42
46
46
43
43
96
94
91
92
92
94
96
100
104
109
112
116
100
98
96
96
96
98
100
104
108
113
116
120
108
104
103
102
102
104
106
110
114
119
124
127
116
113
111
110
110
112
114
118
122
127
127
127
126
123
120
119
119
121
123
127
127
127
127
127
127
127
127
127
127
127
127
127
127
127
123
113
115
120
127
127
127
127
127
127
119
106
95
87
77
82
89
101
117
127
107
87
74
67
64
62
45
46
44
43
47
54
46
43
42
41
42
42
39
36
33
34
36
37
37
37
38
38
38
38
37
34
36
39
40
39
40
40
40
40
40
40
33
35
40
41
41
40
40
40
40
40
40
40
37
39
40
41
40
41
41
40
40
40
40
41
40
39
40
40
40
40
40
41
41
40
40
40
40
38
40
40
40
40
40
40
41
41
40
39
40
39
40
39
40
40
40
40
40
42
41
40
127
127
127
127
127
127
127
127
127
127
127
127
127
127
127
127
127
127
127
127
127
127
127
127
127
127
127
127
127
127
127
127
127
127
127
127
127
127
127
127
127
127
127
127
127
127
127
127
127
127
127
127
127
127
127
127
127
127
127
127
127
127
127
127
127
127
127
127
127
127
127
115
121
127
127
127
127
127
127
127
127
108
92
85
75
80
91
108
127
127
116
88
71
66
64
62
46
47
45
43
49
57
46
42
42
42
42
42
40
37
33
33
36
37
36
37
39
39
40
39
37
35
36
40
40
40
40
41
41
40
41
40
33
36
40
42
41
41
41
40
40
41
41
41
37
40
41
43
42
42
42
42
40
40
40
43
40
40
40
42
41
41
41
42
42
40
40
40
41
39
40
40
41
41
41
40
43
42
41
40
40
40
40
40
41
41
41
40
43
43
42
40
