82
80
78
78
78
80
82
85
89
94
98
102
87
85
82
82
82
83
85
89
92
98
102
106
94
92
89
88
88
89
91
95
99
104
108
112
103
99
97
96
96
96
99
103
106
112
116
120
113
110
106
106
105
106
108
112
116
121
126
127
122
123
122
122
121
119
121
127
127
127
127
121
107
111
115
119
120
126
127
127
122
114
105
96
73
77
82
89
99
118
123
101
85
74
68
64
48
47
42
40
75
90
57
47
45
44
43
43
37
33
49
99
106
60
40
40
40
40
41
41
44
66
110
127
95
43
40
43
43
43
43
43
79
127
127
113
41
41
42
43
43
43
43
43
127
127
121
47
43
43
43
43
43
43
44
43
127
127
63
37
43
43
42
43
44
43
44
43
127
77
37
42
43
42
42
44
44
43
43
43
98
39
42
43
43
43
43
43
43
42
41
42
95
92
91
90
90
92
94
98
102
106
111
115
99
96
95
94
93
96
98
102
106
110
115
119
106
103
101
100
99
102
104
108
112
117
122
126
115
112
110
109
108
110
112
116
120
125
127
127
127
123
120
118
117
119
121
124
127
127
127
127
127
127
127
127
127
127
127
127
127
127
127
123
107
113
120
127
127
127
127
127
127
118
106
95
73
76
82
91
102
120
127
105
85
73
67
64
46
46
45
45
43
49
54
45
42
42
42
42
40
40
37
33
32
35
37
36
37
37
38
38
40
37
35
33
37
39
38
40
40
40
40
40
37
33
32
36
40
40
39
40
40
40
40
40
33
31
36
40
41
40
40
40
40
40
41
41
31
33
39
40
40
40
39
40
41
40
41
41
34
38
41
40
40
40
40
41
41
40
40
40
37
41
42
40
40
40
40
40
40
40
39
39
127
127
127
127
127
127
127
127
127
127
127
127
127
127
127
127
127
127
127
127
127
127
127
127
127
127
127
127
127
127
127
127
127
127
127
127
127
127
127
127
127
127
127
127
127
127
127
127
127
127
127
127
127
127
127
127
127
127
127
127
127
127
127
127
127
127
127
127
127
127
127
127
109
120
127
127
127
127
127
127
127
127
108
93
72
75
80
92
110
127
127
113
86
71
66
64
46
46
45
46
44
50
56
45
43
42
42
43
40
40
38
34
32
35
38
37
38
38
39
39
40
38
36
34
37
40
40
41
41
40
40
40
37
33
32
37
41
41
40
41
41
41
40
40
33
31
36
40
42
41
40
40
41
41
42
42
31
33
40
41
41
40
40
41
42
40
42
42
34
38
42
40
41
40
40
42
42
40
40
41
37
42
42
40
40
41
41
41
41
40
40
40
