83
81
77
77
77
78
81
84
88
92
97
101
87
85
82
81
81
82
84
88
92
96
101
105
94
92
89
87
87
88
90
94
98
103
107
111
103
100
97
96
95
96
98
102
106
110
115
119
115
111
107
105
104
105
106
110
114
120
125
127
120
122
122
121
120
120
120
125
127
127
127
126
104
109
113
117
120
122
127
127
125
118
110
102
72
75
80
86
93
108
127
110
92
78
71
66
47
48
47
42
43
91
81
48
46
44
43
43
43
40
33
47
103
113
50
39
40
40
40
41
39
39
58
105
127
98
38
43
43
43
43
43
40
58
117
127
127
47
40
43
43
43
43
43
77
127
127
127
85
38
44
42
43
45
45
44
127
127
127
127
49
40
43
43
42
45
46
46
127
127
127
82
37
43
43
42
41
43
45
44
127
127
127
47
42
44
43
41
42
41
43
42
94
92
89
89
89
89
93
96
101
106
110
114
99
96
94
93
92
94
96
100
105
110
114
118
106
103
101
99
99
101
103
106
111
116
120
124
115
112
110
108
107
108
111
115
119
123
127
127
127
124
120
118
117
118
120
123
127
127
127
127
124
127
127
127
127
127
127
127
127
127
127
127
104
110
116
123
127
127
127
127
127
124
113
102
72
75
79
87
97
112
127
115
93
78
70
66
46
46
44
44
45
45
53
48
43
42
42
42
40
39
39
37
33
32
37
37
37
37
38
38
40
40
39
36
33
36
39
40
40
40
40
40
40
39
36
32
33
39
40
40
40
40
40
40
38
34
32
33
37
40
41
40
40
41
41
40
33
32
32
35
40
40
40
40
40
40
41
41
32
32
33
39
42
40
40
40
39
39
40
40
32
32
34
41
42
41
40
39
40
39
40
40
127
127
127
127
127
127
127
127
127
127
127
127
127
127
127
127
127
127
127
127
127
127
127
127
127
127
127
127
127
127
127
127
127
127
127
127
127
127
127
127
127
127
127
127
127
127
127
127
127
127
127
127
127
127
127
127
127
127
127
127
127
127
127
127
127
127
127
127
127
127
127
127
103
113
127
127
127
127
127
127
127
127
118
101
71
73
76
85
102
123
127
127
97
77
68
65
47
46
45
45
46
45
55
49
43
42
42
42
40
40
40
38
33
31
37
37
37
38
39
39
40
40
40
37
33
37
40
40
41
40
40
40
41
40
36
32
33
40
40
41
41
41
40
41
39
34
32
33
37
40
42
40
40
42
43
42
34
32
32
35
40
41
41
40
40
42
43
43
31
32
33
39
42
41
41
40
40
40
42
42
32
32
34
42
43
42
41
40
40
39
40
40
