82
81
78
78
78
79
82
85
89
94
97
101
87
85
82
82
82
83
85
89
93
98
102
106
94
91
89
88
88
89
92
96
99
104
109
113
103
99
97
96
96
97
99
103
107
112
116
120
120
113
108
106
105
106
108
112
116
120
126
127
116
120
120
121
121
120
121
127
127
127
127
127
98
104
110
115
120
127
127
127
125
122
116
108
70
72
77
85
95
112
126
108
92
81
73
68
48
47
47
47
47
50
73
90
52
36
42
43
42
42
42
41
40
40
46
82
113
73
37
33
42
43
43
43
43
43
40
62
123
127
89
56
43
43
43
43
43
43
44
38
62
127
127
112
44
44
43
43
42
42
43
43
40
71
127
127
45
44
44
42
43
43
43
44
41
42
92
127
45
44
44
42
43
43
43
45
45
39
47
104
44
45
44
42
41
43
43
46
44
45
40
47
95
93
91
90
90
92
95
98
103
107
112
116
99
97
95
94
94
96
98
102
106
111
116
120
107
104
102
100
100
102
104
108
113
117
122
126
116
113
110
109
109
110
113
116
120
125
127
127
127
125
121
119
118
119
121
125
127
127
127
127
118
124
127
127
127
127
127
127
127
127
127
127
96
104
113
121
127
127
127
127
127
127
119
110
70
71
76
84
96
116
127
110
93
81
72
68
47
46
45
45
45
50
53
43
43
43
42
42
40
40
39
38
37
37
37
33
32
36
38
39
39
40
40
40
40
40
40
40
35
35
37
39
40
40
40
40
40
40
41
41
40
33
33
35
41
41
40
40
40
39
40
40
40
38
33
31
40
41
41
40
40
40
40
40
40
40
37
32
40
41
41
40
40
40
40
42
40
41
40
37
40
41
41
40
39
40
40
42
40
41
41
40
127
127
127
127
127
127
127
127
127
127
127
127
127
127
127
127
127
127
127
127
127
127
127
127
127
127
127
127
127
127
127
127
127
127
127
127
127
127
127
127
127
127
127
127
127
127
127
127
127
127
127
127
127
127
127
127
127
127
127
127
123
127
127
127
127
127
127
127
127
127
127
127
94
103
119
127
127
127
127
127
127
127
127
112
70
71
74
82
100
127
127
121
98
80
71
67
47
47
46
46
45
50
55
43
43
43
42
42
40
40
40
40
37
37
37
33
31
36
39
40
40
40
41
41
40
40
40
40
35
35
38
40
41
40
41
40
41
40
42
42
40
33
33
36
42
42
41
41
40
40
41
41
41
39
33
31
42
42
42
40
41
40
40
41
41
41
38
32
42
42
42
40
40
41
40
43
41
42
41
37
41
42
42
41
40
40
41
43
42
42
42
42
