84
82
79
79
79
82
83
87
91
96
99
103
88
85
83
82
82
85
87
91
95
99
103
107
94
92
89
89
89
91
93
97
101
106
110
113
103
100
98
96
96
99
101
105
109
113
117
121
116
111
107
106
106
107
110
113
117
123
127
127
120
121
122
122
121
120
124
127
127
127
127
127
103
108
114
119
125
127
127
125
123
117
110
103
71
75
81
91
104
123
117
96
85
76
70
66
48
48
47
47
48
61
96
63
37
41
43
43
43
41
42
41
39
40
73
116
82
37
33
40
43
42
43
43
43
39
50
121
127
90
55
40
43
43
43
43
44
43
36
61
127
127
106
57
43
44
43
43
43
43
42
40
81
127
127
127
43
43
43
43
43
43
43
40
44
113
127
127
44
43
43
43
43
43
43
43
36
59
127
127
45
44
43
43
45
44
42
43
42
35
95
127
95
92
92
91
92
94
96
99
103
109
113
116
99
97
96
95
95
97
99
103
107
113
116
120
107
105
102
101
101
103
106
110
114
119
123
127
116
113
110
110
110
111
114
118
122
127
127
127
127
124
121
119
119
120
123
127
127
127
127
127
123
127
127
127
127
127
127
127
127
127
127
127
102
110
118
127
127
127
127
127
127
122
112
103
71
74
79
90
108
127
120
99
85
75
69
66
46
46
44
45
47
54
46
42
43
42
42
42
40
39
38
37
37
37
34
31
34
38
39
38
40
39
40
40
40
39
39
35
33
37
40
40
40
40
40
40
41
40
40
40
33
32
36
39
40
40
40
40
40
40
40
41
37
32
31
34
41
40
40
40
40
40
40
40
40
35
32
32
41
41
40
40
41
40
40
40
40
39
34
32
42
42
41
41
42
41
40
40
40
40
37
32
127
127
127
127
127
127
127
127
127
127
127
127
127
127
127
127
127
127
127
127
127
127
127
127
127
127
127
127
127
127
127
127
127
127
127
127
127
127
127
127
127
127
127
127
127
127
127
127
127
127
127
127
127
127
127
127
127
127
127
127
127
127
127
127
127
127
127
127
127
127
127
127
99
113
127
127
127
127
127
127
127
127
117
103
71
73
78
92
117
127
127
106
86
74
68
65
47
47
45
44
47
57
48
43
43
43
42
43
40
40
40
38
37
37
34
31
35
39
40
40
40
40
41
41
41
39
40
36
34
38
40
42
40
40
41
41
42
40
40
40
33
32
37
40
41
42
41
41
41
40
40
42
38
32
32
34
42
41
41
41
40
41
41
42
40
36
32
32
42
41
41
41
41
41
41
41
41
40
34
32
43
42
42
41
43
42
40
40
41
41
37
32
