84
82
80
80
80
82
84
88
92
95
99
103
88
85
84
83
83
85
88
91
95
99
103
107
94
92
90
89
89
92
94
97
101
106
110
113
103
100
98
97
97
99
102
106
110
114
118
121
114
110
107
106
106
108
110
114
118
123
127
127
120
122
123
122
121
120
125
127
127
127
127
125
105
110
116
121
127
127
126
125
121
115
108
99
72
76
84
94
109
127
110
92
82
75
68
64
47
47
47
47
49
78
93
43
40
44
43
43
42
42
41
40
39
47
109
106
50
32
39
42
43
43
43
42
42
38
92
127
109
61
40
39
43
43
43
43
43
41
46
127
127
123
61
41
43
43
42
43
43
42
40
78
127
127
127
82
43
43
43
43
42
42
40
45
124
127
127
127
45
44
43
42
43
43
42
37
75
127
127
127
45
45
43
41
43
44
42
42
44
127
127
127
96
94
92
92
92
94
96
100
104
108
113
116
100
98
96
96
96
98
100
104
108
113
117
120
107
104
103
102
102
104
106
110
114
120
123
127
116
113
111
110
110
111
115
119
123
127
127
127
127
123
120
120
119
121
123
127
127
127
127
127
126
127
127
127
127
127
127
127
127
127
127
127
105
113
121
127
127
127
127
127
127
119
109
99
72
76
83
95
113
127
113
95
82
73
68
64
46
46
45
44
49
53
44
43
43
42
42
42
40
39
38
37
37
37
32
32
37
38
39
38
40
40
40
39
40
39
37
33
36
39
40
40
40
41
40
40
40
40
40
35
32
35
38
40
40
40
40
40
40
39
40
38
33
32
33
38
41
40
40
40
40
39
40
40
35
32
32
33
41
40
41
39
40
40
40
40
39
33
32
32
41
41
40
38
41
42
39
41
42
34
32
32
127
127
127
127
127
127
127
127
127
127
127
127
127
127
127
127
127
127
127
127
127
127
127
127
127
127
127
127
127
127
127
127
127
127
127
127
127
127
127
127
127
127
127
127
127
127
127
127
127
127
127
127
127
127
127
127
127
127
127
127
127
127
127
127
127
127
127
127
127
127
127
127
104
118
127
127
127
127
127
127
127
127
112
99
71
74
82
99
127
127
125
100
82
71
67
64
46
46
45
44
50
55
44
43
43
42
42
42
40
40
39
37
37
37
31
33
37
40
40
40
40
41
41
40
40
40
37
33
37
40
41
41
41
42
41
40
40
42
41
35
32
35
39
41
41
40
40
41
40
40
42
39
33
32
34
39
42
40
41
41
40
40
41
41
35
32
32
34
42
42
42
40
41
41
40
42
40
33
32
31
43
43
41
39
42
42
40
42
43
34
32
32
