85
82
81
81
81
83
86
89
92
97
101
104
89
86
85
84
84
86
89
92
96
101
105
108
95
92
91
90
90
92
95
99
103
107
111
115
103
101
99
98
98
100
103
106
110
115
119
123
113
110
108
107
107
110
112
116
120
126
127
127
123
124
123
122
120
123
127
127
127
127
123
116
112
116
120
125
127
127
127
122
116
107
99
91
77
83
91
102
122
119
98
85
75
68
64
63
47
47
47
46
98
71
44
45
44
43
43
43
41
41
34
60
127
70
36
40
40
40
41
41
43
41
41
110
127
85
38
43
43
43
43
43
44
40
67
127
127
101
39
43
43
43
43
43
41
43
127
127
127
118
40
44
44
44
43
44
37
83
127
127
127
127
41
43
44
45
45
46
55
127
127
127
127
127
48
40
43
46
46
45
83
127
127
127
127
127
56
40
42
45
45
43
97
95
93
92
93
96
98
102
106
110
114
116
101
99
97
96
97
99
102
106
110
114
118
121
107
105
103
103
103
106
108
112
116
120
125
127
116
113
112
111
111
113
116
120
123
127
127
127
127
123
120
120
120
123
125
127
127
127
127
127
127
127
127
127
127
127
127
127
127
127
127
119
114
121
127
127
127
127
127
127
120
109
98
91
76
82
92
106
126
123
100
85
74
68
64
63
45
45
44
46
50
50
43
42
42
42
42
42
39
38
37
35
31
35
37
37
37
38
38
38
40
40
40
35
30
37
40
40
40
40
40
40
40
41
39
33
32
37
40
40
40
40
40
40
40
40
35
32
32
36
40
41
41
41
40
41
40
37
33
32
32
35
40
40
41
41
40
41
39
34
32
32
32
33
40
39
40
41
40
40
37
33
32
32
32
33
39
40
39
40
41
40
127
127
127
127
127
127
127
127
127
127
127
127
127
127
127
127
127
127
127
127
127
127
127
127
127
127
127
127
127
127
127
127
127
127
127
127
127
127
127
127
127
127
127
127
127
127
127
127
127
127
127
127
127
127
127
127
127
127
127
127
127
127
127
127
127
127
127
127
127
127
127
123
120
127
127
127
127
127
127
127
127
112
96
88
75
80
93
115
127
127
108
85
72
67
64
63
46
45
44
46
52
52
44
42
43
42
43
43
40
40
38
34
30
34
37
37
38
39
40
40
41
41
41
36
30
37
42
41
40
40
41
40
42
42
40
33
31
37
42
41
41
40
41
40
41
41
36
32
32
36
41
42
42
42
41
42
41
38
33
32
32
35
40
40
42
43
42
43
39
35
32
32
32
33
40
40
41
43
42
42
37
33
32
32
32
33
40
40
40
42
43
40
