84
82
79
78
78
81
82
86
90
95
99
103
88
85
83
82
82
84
86
90
94
99
103
106
94
92
89
89
89
90
92
96
100
105
109
113
103
100
98
96
96
97
100
104
108
113
116
120
113
110
107
106
106
106
109
113
116
122
127
127
122
123
123
121
121
120
122
127
127
127
127
121
107
112
116
120
121
127
127
127
121
113
105
96
74
77
84
91
101
123
119
97
83
73
68
64
47
47
47
39
65
100
54
46
45
43
43
43
43
39
33
66
124
83
38
40
40
40
41
41
39
42
69
127
127
61
40
43
43
43
43
43
42
68
127
127
113
40
43
43
43
43
43
43
83
127
127
127
69
38
43
43
43
43
43
43
127
127
127
127
45
41
43
44
44
44
43
45
127
127
127
86
38
44
43
44
43
46
44
44
127
127
127
54
42
44
42
43
43
46
43
43
95
92
92
91
91
93
95
99
102
108
111
115
99
97
96
95
95
96
99
103
106
112
116
120
107
104
102
101
101
103
105
109
113
118
123
127
116
113
110
110
109
111
113
117
121
126
127
127
127
123
120
119
118
120
122
126
127
127
127
127
127
127
127
127
127
127
127
127
127
127
127
123
107
114
121
127
127
127
127
127
127
116
105
95
73
77
83
92
105
125
123
99
83
71
66
64
46
44
45
45
44
50
52
43
43
42
42
42
39
38
38
36
30
35
37
36
37
37
38
38
40
40
38
34
33
38
40
40
40
40
40
40
41
39
34
31
36
40
40
40
40
40
40
40
37
33
32
33
38
40
40
40
41
40
40
40
33
32
32
34
40
40
40
41
41
41
41
41
32
32
32
37
41
41
40
41
41
42
41
40
32
32
33
39
41
42
39
40
40
42
40
40
127
127
127
127
127
127
127
127
127
127
127
127
127
127
127
127
127
127
127
127
127
127
127
127
127
127
127
127
127
127
127
127
127
127
127
127
127
127
127
127
127
127
127
127
127
127
127
127
127
127
127
127
127
127
127
127
127
127
127
127
127
127
127
127
127
127
127
127
127
127
127
127
108
121
127
127
127
127
127
127
127
126
106
93
71
75
82
95
114
127
127
106
82
69
65
64
46
46
45
45
44
52
54
44
43
42
42
43
40
40
39
36
30
35
37
37
37
39
40
40
41
41
39
35
33
39
40
41
40
40
41
41
42
40
34
31
36
42
41
41
41
40
40
41
38
33
32
33
38
40
41
41
42
41
40
41
33
32
32
34
41
40
40
42
42
42
42
42
32
32
32
37
42
42
40
42
42
43
42
41
32
32
33
40
42
43
40
41
41
43
41
40
