83
81
78
78
78
79
82
85
89
93
98
102
87
85
82
82
81
82
85
89
92
97
102
106
94
92
89
88
87
89
91
95
99
103
108
112
103
100
97
96
95
96
99
103
106
111
116
120
115
110
106
106
105
106
108
111
115
120
126
127
120
121
121
121
121
120
120
126
127
127
127
125
104
110
113
117
121
124
127
127
124
118
110
101
71
75
81
89
96
113
126
105
89
77
70
66
47
48
47
47
40
86
86
45
45
44
43
43
42
42
40
33
65
127
71
36
40
40
40
41
43
42
37
57
124
127
61
40
43
43
43
43
43
40
44
111
127
127
50
41
43
43
43
43
41
38
99
127
127
127
45
42
43
43
42
44
39
88
127
127
127
127
42
43
44
43
42
43
78
127
127
127
127
118
40
44
44
44
42
41
127
127
127
127
127
107
40
44
45
44
42
41
94
92
89
89
89
92
94
98
102
106
111
115
99
96
94
93
93
96
98
102
106
110
115
119
107
103
101
100
99
102
104
108
112
116
121
125
115
112
110
108
108
109
112
116
120
125
127
127
127
123
120
118
117
118
120
124
127
127
127
127
124
127
127
127
127
127
127
127
127
127
127
127
104
111
117
125
127
127
127
127
127
123
111
100
72
75
79
89
99
116
127
110
91
77
69
65
46
46
44
45
45
47
52
46
43
42
42
42
40
39
38
38
35
31
36
37
37
37
38
38
40
39
40
39
35
32
37
40
40
40
40
40
40
39
40
36
32
33
40
40
40
40
40
40
40
40
37
32
32
34
41
40
40
40
40
40
41
37
33
32
32
35
41
40
41
41
39
40
38
33
32
32
32
36
41
41
41
41
40
40
34
32
32
32
32
37
41
40
40
41
40
39
127
127
127
127
127
127
127
127
127
127
127
127
127
127
127
127
127
127
127
127
127
127
127
127
127
127
127
127
127
127
127
127
127
127
127
127
127
127
127
127
127
127
127
127
127
127
127
127
127
127
127
127
127
127
127
127
127
127
127
127
127
127
127
127
127
127
127
127
127
127
127
127
103
114
127
127
127
127
127
127
127
127
116
99
71
73
77
88
105
127
127
120
92
75
68
64
47
46
45
45
46
47
54
47
43
43
42
43
40
40
39
39
35
30
36
37
37
39
39
39
40
40
41
40
35
32
38
40
41
41
41
40
41
40
40
37
32
33
40
40
41
41
41
41
41
40
37
33
32
34
42
40
41
40
40
42
42
37
33
32
31
35
42
41
42
41
40
40
39
33
32
32
31
37
42
42
42
42
40
40
34
32
32
32
32
37
42
42
42
42
40
40
