83
79
78
78
77
79
82
84
88
93
97
101
87
84
82
81
81
82
85
88
92
97
101
105
94
92
89
87
87
88
90
94
98
103
107
111
103
100
97
96
95
96
98
102
106
111
115
119
117
111
107
105
104
105
107
110
115
120
125
127
119
121
121
120
120
120
120
125
127
127
127
127
101
107
112
116
120
125
127
127
126
120
113
105
71
74
78
85
94
106
126
110
93
81
72
68
48
47
47
47
47
51
107
54
43
44
43
43
43
41
41
42
35
69
127
58
36
40
40
40
43
42
43
43
41
113
127
82
38
43
43
43
43
43
44
40
61
127
127
110
40
43
43
43
42
43
43
38
103
127
127
127
47
42
44
43
43
44
40
54
127
127
127
127
61
40
43
43
44
44
40
92
127
127
127
127
85
38
43
44
44
44
43
127
127
127
127
127
110
38
43
45
94
92
89
89
89
91
93
97
101
105
110
113
99
97
94
93
93
94
97
101
105
110
114
118
106
104
101
99
99
100
103
107
111
116
121
125
115
112
110
108
107
109
111
115
119
124
127
127
127
125
120
118
117
118
120
123
127
127
127
127
122
127
127
127
127
127
127
127
127
127
127
127
100
108
115
122
127
127
127
127
127
127
116
106
71
74
78
85
96
111
127
116
95
81
71
67
46
47
45
44
44
47
51
47
43
43
42
42
40
39
39
37
37
35
31
35
37
37
38
38
40
39
40
40
40
35
30
37
40
40
40
40
40
40
41
41
40
33
31
37
40
40
40
40
39
40
40
40
37
32
32
34
40
41
40
41
40
40
40
39
34
32
32
33
38
40
40
40
40
41
40
37
32
32
32
32
36
40
40
40
40
42
41
35
32
32
32
32
36
40
40
40
127
127
127
127
127
127
127
127
127
127
127
127
127
127
127
127
127
127
127
127
127
127
127
127
127
127
127
127
127
127
127
127
127
127
127
127
127
127
127
127
127
127
127
127
127
127
127
127
127
127
127
127
127
127
127
127
127
127
127
127
127
127
127
127
127
127
127
127
127
127
127
127
98
108
123
127
127
127
127
127
127
127
125
107
70
71
75
83
99
123
127
127
99
80
69
66
47
46
45
45
45
48
54
49
43
42
42
42
40
40
39
38
38
34
30
35
37
38
39
39
40
40
41
40
41
35
30
37
42
41
41
40
40
41
42
41
40
33
31
37
42
41
41
41
40
41
41
41
37
32
32
34
41
42
41
42
40
42
41
40
34
32
32
33
38
41
41
41
42
42
41
37
32
32
32
32
37
41
41
41
42
42
42
35
32
32
32
32
37
41
41
42
