83
81
78
78
78
79
82
85
89
93
98
102
87
85
82
82
81
82
85
89
92
97
102
106
93
91
89
88
87
89
91
95
99
103
108
112
103
99
97
96
95
96
99
103
106
111
116
120
118
112
107
106
105
106
107
111
115
120
126
127
118
120
121
121
121
120
120
126
127
127
127
127
99
106
111
115
120
127
127
127
127
121
114
106
71
73
77
85
94
110
127
107
92
81
73
68
48
47
47
47
47
49
94
75
38
45
44
43
43
43
41
40
40
37
82
127
60
32
40
41
43
43
42
43
43
39
70
127
120
56
39
43
43
43
42
44
44
40
55
127
127
110
48
42
43
42
43
43
43
41
46
127
127
127
107
42
43
43
44
44
43
42
40
115
127
127
127
103
43
43
45
45
43
43
37
95
127
127
127
127
44
43
44
44
44
43
37
79
127
127
127
127
94
92
89
89
89
92
94
98
102
106
111
115
99
97
94
93
93
96
98
101
106
110
115
119
107
104
101
99
99
102
104
107
112
116
121
125
115
112
110
108
108
109
112
116
120
125
127
127
127
124
121
118
117
118
120
124
127
127
127
127
120
125
127
127
127
127
127
127
127
127
127
127
99
106
114
122
127
127
127
127
127
127
117
107
70
73
77
85
96
114
127
113
94
81
71
68
47
47
45
44
45
49
52
45
43
42
42
42
40
40
38
37
37
37
35
30
35
38
38
38
40
40
39
40
40
40
37
32
35
40
40
40
40
40
40
40
41
40
40
33
31
36
40
40
40
40
40
40
40
40
40
35
31
32
37
40
40
40
40
40
41
41
41
37
32
32
33
37
40
40
41
41
41
41
41
37
32
32
32
33
41
41
40
40
40
40
40
37
32
32
32
32
127
127
127
127
127
127
127
127
127
127
127
127
127
127
127
127
127
127
127
127
127
127
127
127
127
127
127
127
127
127
127
127
127
127
127
127
127
127
127
127
127
127
127
127
127
127
127
127
127
127
127
127
127
127
127
127
127
127
127
127
127
127
127
127
127
127
127
127
127
127
127
127
96
106
121
127
127
127
127
127
127
127
126
110
71
72
75
83
100
127
127
123
98
80
69
66
47
46
46
45
45
49
54
46
43
42
42
42
40
40
39
38
37
37
34
30
36
39
39
39
40
41
40
41
42
40
37
32
36
40
41
40
40
41
40
42
42
41
40
33
31
37
40
41
41
40
40
41
41
41
41
36
31
33
37
41
41
41
41
42
41
42
42
37
32
32
33
37
41
41
42
42
41
42
41
37
32
32
32
33
42
41
42
42
42
41
40
37
32
32
32
32
