82
81
79
78
78
81
82
86
90
95
99
103
87
85
83
82
82
84
86
90
94
99
103
106
94
92
89
89
89
90
92
96
100
105
109
113
103
100
97
96
96
97
100
104
108
113
116
120
116
111
107
106
106
106
109
113
116
122
127
127
120
121
122
122
121
120
122
127
127
127
127
127
103
108
113
118
123
127
127
127
124
118
110
103
71
75
81
89
100
120
121
99
87
76
70
66
47
47
47
47
47
61
105
50
40
44
43
43
42
43
40
40
40
40
112
110
44
33
41
41
43
43
43
42
43
37
101
127
99
49
39
42
43
43
43
43
44
40
68
127
127
93
45
40
43
43
43
42
43
42
50
127
127
127
99
40
43
42
43
43
43
43
40
114
127
127
127
103
43
42
43
43
43
44
37
86
127
127
127
127
42
42
43
42
45
46
39
68
127
127
127
127
95
92
90
91
91
93
96
99
102
108
111
115
99
97
95
95
95
96
99
103
106
112
116
120
106
104
102
101
101
103
105
109
113
118
123
127
115
113
110
109
109
111
113
117
121
126
127
127
127
124
120
119
118
120
122
126
127
127
127
127
123
127
127
127
127
127
127
127
127
127
127
127
103
110
117
126
127
127
127
127
127
123
113
103
71
74
78
89
103
125
123
103
88
76
70
66
46
46
44
45
45
52
48
44
43
42
42
42
40
39
38
37
37
37
32
31
37
38
38
38
40
40
40
39
40
40
35
32
37
40
40
40
40
40
40
40
41
41
39
33
33
37
40
40
40
40
40
39
40
40
40
34
32
33
36
40
40
40
40
40
40
40
40
36
32
32
33
36
40
40
40
40
40
41
41
38
32
32
32
33
40
39
40
40
42
42
40
40
33
32
32
32
127
127
127
127
127
127
127
127
127
127
127
127
127
127
127
127
127
127
127
127
127
127
127
127
127
127
127
127
127
127
127
127
127
127
127
127
127
127
127
127
127
127
127
127
127
127
127
127
127
127
127
127
127
127
127
127
127
127
127
127
127
127
127
127
127
127
127
127
127
127
127
127
99
112
127
127
127
127
127
127
127
127
117
103
71
73
77
90
111
127
127
110
89
74
68
64
47
46
45
45
46
55
50
44
43
43
42
42
40
40
39
38
37
37
31
31
37
39
39
40
40
41
40
40
42
40
36
33
37
40
41
41
40
41
41
40
42
42
40
33
33
37
40
41
41
41
40
40
40
41
41
34
32
33
37
40
41
40
41
40
40
42
42
36
32
32
33
37
41
40
41
40
41
42
42
39
32
32
32
33
40
40
40
40
43
43
41
40
33
32
32
32
