84
82
79
79
79
81
83
86
90
95
99
102
88
85
83
82
82
85
86
90
94
99
103
106
94
92
89
89
89
91
92
96
100
105
110
113
103
100
98
96
96
98
100
104
108
113
117
121
115
110
107
106
106
107
110
113
117
122
127
127
120
121
122
121
121
120
124
127
127
127
127
126
104
110
115
119
124
127
127
127
123
116
109
101
71
76
82
91
103
124
116
96
85
75
68
65
47
48
47
47
47
72
98
41
43
44
43
43
43
41
41
41
39
49
127
88
36
37
42
41
43
42
43
43
43
40
127
127
78
41
40
43
43
42
43
44
43
39
106
127
127
67
41
42
43
43
43
43
43
40
82
127
127
127
67
36
43
43
45
44
43
40
62
127
127
127
127
70
43
44
44
43
43
40
48
127
127
127
127
127
43
43
43
43
43
42
42
123
127
127
127
127
95
92
92
91
91
93
96
99
103
107
113
116
99
97
96
95
95
97
99
103
107
112
116
120
106
104
102
101
101
103
106
110
113
119
123
127
115
113
110
110
110
111
113
117
122
127
127
127
127
124
120
119
119
120
123
127
127
127
127
127
124
127
127
127
127
127
127
127
127
127
127
127
104
111
119
127
127
127
127
127
127
121
110
100
71
75
81
91
107
127
120
99
85
75
68
65
46
46
45
45
47
52
47
43
42
42
42
42
40
39
38
37
37
37
30
33
37
38
38
38
40
39
40
40
40
40
33
33
37
40
40
40
40
40
40
40
40
41
37
31
33
38
40
40
40
40
40
40
40
41
39
32
32
34
39
41
40
41
40
40
41
40
39
33
32
32
34
39
40
41
40
40
41
40
39
34
32
32
32
34
41
40
40
40
40
40
40
34
32
32
32
32
127
127
127
127
127
127
127
127
127
127
127
127
127
127
127
127
127
127
127
127
127
127
127
127
127
127
127
127
127
127
127
127
127
127
127
127
127
127
127
127
127
127
127
127
127
127
127
127
127
127
127
127
127
127
127
127
127
127
127
127
127
127
127
127
127
127
127
127
127
127
127
127
103
115
127
127
127
127
127
127
127
127
114
100
71
74
78
92
116
127
127
106
85
72
67
65
47
47
44
45
47
55
49
44
43
42
42
42
40
40
39
38
37
37
30
33
38
39
39
39
40
40
41
41
40
40
33
33
39
41
41
40
41
40
42
42
41
42
37
31
33
40
42
40
40
40
41
41
40
43
40
32
32
34
40
42
41
42
42
42
41
41
40
33
32
32
35
39
41
42
41
41
42
40
40
34
32
32
32
34
42
41
40
40
41
40
40
35
32
32
32
32
