84
82
80
79
79
82
83
87
91
96
99
103
88
85
83
83
83
85
87
91
95
99
103
107
94
92
89
89
89
91
93
97
101
106
110
113
103
100
98
97
97
99
101
105
109
113
117
121
114
110
107
106
106
108
110
113
118
123
127
127
121
123
123
122
121
120
125
127
127
127
127
124
106
111
116
120
126
127
127
126
121
115
107
99
73
76
83
93
106
127
111
94
83
75
68
64
47
47
47
47
46
90
82
39
44
44
43
43
41
42
41
40
35
76
127
61
33
40
41
41
42
43
43
43
38
65
127
120
55
37
43
43
43
43
44
44
40
52
127
127
107
43
41
43
44
43
43
43
41
47
127
127
127
98
39
42
43
43
43
43
42
42
127
127
127
127
88
40
43
43
43
43
43
40
120
127
127
127
127
78
43
43
45
43
43
39
108
127
127
127
127
127
96
94
92
92
92
94
96
100
104
109
112
116
100
98
96
96
96
97
100
104
108
113
116
120
107
105
102
102
102
103
106
110
114
119
123
127
116
113
110
110
110
112
114
118
122
127
127
127
127
124
120
119
119
120
123
127
127
127
127
127
126
127
127
127
127
127
127
127
127
127
127
127
106
113
121
127
127
127
127
127
127
119
109
99
72
76
82
94
111
127
116
96
82
72
68
65
47
46
45
44
47
52
45
43
43
42
42
42
39
39
38
37
37
36
30
35
38
37
38
38
39
40
40
40
40
37
32
36
40
40
40
40
40
40
40
41
40
39
33
32
36
40
40
40
40
40
40
40
40
40
33
32
32
37
41
41
40
40
40
40
40
40
34
32
32
33
38
41
40
40
41
40
40
40
36
32
32
32
34
38
41
41
42
40
40
40
36
32
32
32
32
34
127
127
127
127
127
127
127
127
127
127
127
127
127
127
127
127
127
127
127
127
127
127
127
127
127
127
127
127
127
127
127
127
127
127
127
127
127
127
127
127
127
127
127
127
127
127
127
127
127
127
127
127
127
127
127
127
127
127
127
127
127
127
127
127
127
127
127
127
127
127
127
127
105
119
127
127
127
127
127
127
127
127
111
97
71
74
82
96
122
127
127
102
82
71
67
64
47
45
45
44
48
54
47
43
43
42
42
43
40
39
39
37
37
36
30
35
38
38
39
39
40
40
41
41
40
38
32
36
40
41
40
40
41
41
42
42
40
40
33
32
37
41
41
41
41
40
41
41
40
41
34
32
33
37
42
42
41
40
41
41
40
41
35
32
32
33
39
43
41
41
42
41
40
41
36
32
32
32
34
40
42
42
43
41
40
41
37
32
32
32
32
35
