83
82
80
80
80
82
85
88
92
96
100
103
88
86
84
83
84
85
89
92
96
100
104
107
95
92
90
89
90
92
94
98
102
106
110
114
103
100
99
97
97
99
102
106
110
114
118
122
113
110
107
106
106
109
111
115
119
125
127
127
123
123
123
122
120
121
127
127
127
127
126
120
109
113
118
123
127
127
127
124
119
111
103
95
75
80
88
98
116
124
103
89
78
71
66
64
47
47
47
43
70
99
45
46
44
43
43
43
42
41
40
33
82
127
48
38
41
40
41
41
43
43
43
39
113
127
83
39
43
43
43
43
44
43
43
50
127
127
127
43
42
43
43
43
43
43
40
69
127
127
127
69
39
44
44
43
43
43
38
102
127
127
127
109
40
45
45
45
43
42
44
127
127
127
127
127
57
43
45
45
43
41
55
127
127
127
127
127
78
40
45
43
96
93
92
92
92
95
97
101
105
110
113
117
100
98
96
96
96
99
101
105
109
113
117
121
107
105
103
103
103
105
107
111
115
120
124
127
116
113
111
110
110
113
115
119
123
127
127
127
127
123
120
120
120
122
124
127
127
127
127
127
127
127
127
127
127
127
127
127
127
127
127
123
110
117
125
127
127
127
127
127
124
113
103
95
74
79
88
100
120
127
107
90
78
70
66
64
46
45
44
45
50
51
45
43
42
41
42
42
39
39
37
37
33
31
35
37
37
38
38
38
40
40
40
40
34
30
37
40
40
40
40
40
40
40
41
40
34
31
35
40
40
40
40
40
40
40
41
39
32
32
33
39
42
41
40
41
41
40
40
37
31
32
32
36
40
42
40
41
41
40
40
34
31
32
32
33
38
41
40
41
40
40
40
33
32
32
32
32
37
40
41
40
127
127
127
127
127
127
127
127
127
127
127
127
127
127
127
127
127
127
127
127
127
127
127
127
127
127
127
127
127
127
127
127
127
127
127
127
127
127
127
127
127
127
127
127
127
127
127
127
127
127
127
127
127
127
127
127
127
127
127
127
127
127
127
127
127
127
127
127
127
127
127
127
113
127
127
127
127
127
127
127
127
119
102
91
73
76
87
106
127
127
116
93
75
68
64
64
46
46
44
45
51
54
46
43
43
42
42
43
40
40
39
37
34
30
35
37
38
39
39
39
40
40
41
41
35
30
38
41
40
40
40
40
42
41
42
41
34
31
35
41
41
40
41
40
41
41
42
40
33
32
33
40
43
42
41
42
41
40
41
37
32
32
32
37
41
43
42
42
41
40
40
34
31
32
32
33
39
43
42
41
41
41
40
33
32
32
32
32
37
41
42
40
