83
82
80
80
80
82
84
88
92
96
100
103
88
85
84
83
83
85
88
92
96
100
104
107
95
92
90
89
89
92
94
98
102
106
110
114
103
100
98
97
97
99
102
106
110
114
118
122
113
110
107
106
106
109
110
114
119
124
127
127
123
123
123
122
120
121
126
127
127
127
125
118
110
113
118
122
125
127
127
123
118
110
101
93
76
80
89
96
114
124
103
89
78
70
65
64
47
47
47
41
85
86
45
45
44
43
43
43
41
41
35
51
127
85
35
40
40
40
41
41
43
40
43
105
127
89
38
43
43
43
43
43
43
40
75
127
127
88
39
43
43
43
43
43
37
56
127
127
127
89
38
44
44
43
43
44
46
115
127
127
127
92
39
43
44
43
44
43
92
127
127
127
127
94
40
42
43
43
46
44
127
127
127
127
127
94
39
42
41
43
47
47
96
93
92
92
92
95
97
99
103
110
113
117
100
98
96
96
96
98
101
104
108
113
117
121
107
105
103
102
102
104
107
111
115
120
124
127
116
113
111
110
110
113
115
119
123
127
127
127
127
123
120
120
120
121
123
127
127
127
127
127
127
127
127
127
127
127
127
127
127
127
127
121
111
118
126
127
127
127
127
127
123
112
101
92
75
79
89
100
119
127
107
90
77
69
65
64
46
45
45
45
48
51
45
43
42
41
42
42
39
38
38
36
30
35
37
37
37
38
38
38
40
40
40
36
30
37
40
40
40
40
40
40
41
41
39
33
32
37
40
40
40
40
40
40
40
40
34
32
32
37
40
41
41
41
40
40
40
35
32
32
32
37
41
40
41
40
41
40
37
33
32
32
32
37
41
40
40
40
41
40
33
32
32
32
32
38
42
40
39
40
42
41
127
127
127
127
127
127
127
127
127
127
127
127
127
127
127
127
127
127
127
127
127
127
127
127
127
127
127
127
127
127
127
127
127
127
127
127
127
127
127
127
127
127
127
127
127
127
127
127
127
127
127
127
127
127
127
127
127
127
127
127
127
127
127
127
127
127
127
127
127
127
127
127
115
127
127
127
127
127
127
127
127
116
100
90
74
77
88
106
127
127
116
92
75
67
65
64
46
45
44
46
50
54
46
43
43
42
42
43
40
39
39
36
30
34
37
37
38
39
40
39
41
41
41
36
30
37
42
41
40
40
41
40
42
42
39
33
31
38
42
41
41
41
40
41
41
40
34
32
32
37
41
42
42
42
41
42
41
36
32
32
32
38
42
41
42
42
42
41
38
33
32
32
32
38
42
40
40
41
43
42
33
32
32
32
32
38
42
40
39
40
43
43
