84
82
80
79
80
82
84
87
91
96
99
103
88
85
84
83
83
85
87
91
95
99
103
107
94
92
90
89
89
92
93
97
101
106
110
114
103
100
98
97
97
99
101
105
109
114
118
121
113
110
107
106
106
108
110
114
118
124
127
127
123
123
123
122
120
120
126
127
127
127
125
119
110
113
118
122
124
127
127
124
119
111
102
93
75
79
88
96
112
126
106
91
78
71
66
64
47
47
47
41
80
91
47
46
44
43
43
43
42
42
34
51
127
88
36
40
41
40
41
41
43
40
44
106
127
87
38
43
43
43
43
43
43
41
81
127
127
80
39
43
43
43
43
43
36
67
127
127
127
76
41
44
44
44
43
43
57
127
127
127
127
72
42
45
43
43
43
43
112
127
127
127
127
68
41
44
43
43
44
44
127
127
127
127
127
62
39
43
43
43
43
43
96
94
91
92
92
94
96
100
104
109
112
116
100
98
96
96
96
98
100
104
108
113
116
120
107
104
103
102
102
104
106
110
114
119
123
127
116
113
111
110
110
112
114
118
123
127
127
127
127
123
120
119
119
121
123
127
127
127
127
127
127
127
127
127
127
127
127
127
127
127
127
122
110
117
124
127
127
127
127
127
123
113
102
93
75
79
87
99
116
127
110
92
78
70
66
63
46
45
44
45
48
53
46
43
42
41
42
42
39
38
38
36
30
34
36
37
37
38
38
38
40
40
40
36
30
36
40
40
40
40
40
40
40
41
37
33
32
38
41
40
40
40
40
40
41
39
33
32
32
39
41
40
41
41
40
40
39
34
32
32
33
39
41
40
40
40
40
41
35
32
32
32
33
39
40
40
40
40
41
41
33
32
32
32
33
38
40
40
40
40
41
40
127
127
127
127
127
127
127
127
127
127
127
127
127
127
127
127
127
127
127
127
127
127
127
127
127
127
127
127
127
127
127
127
127
127
127
127
127
127
127
127
127
127
127
127
127
127
127
127
127
127
127
127
127
127
127
127
127
127
127
127
127
127
127
127
127
127
127
127
127
127
127
127
113
127
127
127
127
127
127
127
127
119
101
90
73
77
86
103
127
127
121
94
76
68
65
64
46
46
44
45
49
54
47
43
43
42
43
43
40
40
38
36
30
34
37
37
39
39
39
40
40
41
40
36
31
37
41
41
41
41
40
41
41
42
37
33
32
39
42
41
41
41
40
41
42
40
33
32
32
40
43
42
42
42
41
41
40
35
32
32
33
40
43
42
41
41
42
42
36
32
32
32
33
40
42
42
41
40
42
42
33
32
32
32
33
39
40
41
41
41
41
41
