82
81
79
78
78
81
82
86
90
95
99
103
87
85
83
82
82
84
86
89
93
99
103
106
94
92
89
89
88
90
92
96
99
105
109
113
103
100
97
96
96
98
99
103
107
113
116
120
114
110
107
106
105
106
109
113
116
122
127
127
121
123
122
121
120
119
122
127
127
127
127
123
106
111
115
119
123
127
127
127
122
115
106
99
72
76
83
91
100
122
118
98
85
75
68
64
47
47
47
47
43
103
65
44
45
44
43
43
42
41
41
33
71
127
57
37
40
40
41
41
42
43
40
51
127
127
62
40
43
43
43
43
43
43
40
96
127
127
65
40
43
43
43
43
44
37
66
127
127
127
68
40
44
44
44
43
40
51
127
127
127
127
73
39
43
46
45
45
45
98
127
127
127
127
78
37
42
44
46
46
57
127
127
127
127
127
81
37
42
42
45
45
95
93
90
90
90
92
95
99
103
106
112
116
99
97
95
94
94
96
99
103
106
111
116
120
106
104
102
100
100
103
105
109
113
118
122
126
115
113
110
109
109
110
113
116
121
126
127
127
127
123
120
119
118
120
122
126
127
127
127
127
126
127
127
127
127
127
127
127
127
127
127
127
106
113
120
127
127
127
127
127
127
120
108
98
72
75
82
91
105
126
123
101
85
74
68
64
47
46
45
45
46
50
50
43
43
42
42
42
39
39
38
38
35
31
36
36
37
37
38
38
39
40
40
40
35
30
38
40
40
40
40
40
40
40
40
37
33
32
39
40
40
40
40
40
40
40
39
33
32
32
38
40
41
41
41
40
41
40
34
32
32
32
38
40
40
41
41
41
41
37
32
32
32
32
38
40
39
40
41
41
40
34
32
32
32
32
38
40
39
38
40
42
127
127
127
127
127
127
127
127
127
127
127
127
127
127
127
127
127
127
127
127
127
127
127
127
127
127
127
127
127
127
127
127
127
127
127
127
127
127
127
127
127
127
127
127
127
127
127
127
127
127
127
127
127
127
127
127
127
127
127
127
127
127
127
127
127
127
127
127
127
127
127
127
106
118
127
127
127
127
127
127
127
127
111
96
72
74
80
92
113
127
127
108
85
71
67
64
46
46
44
45
47
52
51
44
43
42
42
43
40
40
39
38
34
30
36
37
37
38
39
39
40
40
41
40
35
30
39
42
40
40
40
40
40
41
41
38
33
32
40
42
41
41
40
41
41
41
40
33
32
32
39
42
42
42
42
41
42
40
35
32
32
32
39
41
40
43
43
42
41
37
32
32
32
32
39
40
40
42
43
43
40
34
32
32
32
32
38
41
40
40
42
43
