82
80
78
78
78
80
82
85
89
94
97
101
87
85
82
82
82
83
85
89
93
98
102
106
94
92
89
88
88
89
92
96
99
104
109
113
103
100
97
96
96
96
99
103
107
112
116
120
115
110
107
106
105
106
108
112
116
121
126
127
120
121
122
121
120
120
121
127
127
127
127
125
104
110
114
117
123
127
127
127
123
116
109
101
71
75
82
89
98
118
122
101
87
76
69
65
47
47
47
47
42
87
84
43
45
44
43
43
41
42
42
37
43
127
95
33
40
40
40
41
42
43
43
37
84
127
116
37
43
43
43
43
43
43
40
50
127
127
127
41
43
43
43
43
43
43
36
96
127
127
127
50
43
44
44
43
44
40
57
127
127
127
127
59
40
43
43
43
43
46
106
127
127
127
127
72
38
43
43
43
42
57
127
127
127
127
127
83
38
44
43
43
95
92
91
90
90
92
95
98
103
107
112
116
99
96
95
94
94
96
98
102
106
111
116
120
106
103
101
100
100
102
104
108
113
117
122
126
115
112
110
109
108
110
113
116
120
125
127
127
127
123
120
119
118
119
121
125
127
127
127
127
124
127
127
127
127
127
127
127
127
127
127
127
104
110
118
125
127
127
127
127
127
122
110
100
71
75
80
89
102
123
125
104
89
75
68
65
46
46
45
45
45
49
50
45
43
42
42
42
39
39
38
37
36
31
33
37
37
37
38
38
39
40
40
40
37
31
34
40
40
40
40
40
40
40
40
40
34
31
35
40
40
40
40
40
40
40
40
37
32
32
33
40
40
41
40
40
40
41
40
33
32
32
33
39
40
40
40
40
41
41
37
32
32
32
33
37
40
40
40
41
42
40
34
32
32
32
32
37
40
40
40
40
127
127
127
127
127
127
127
127
127
127
127
127
127
127
127
127
127
127
127
127
127
127
127
127
127
127
127
127
127
127
127
127
127
127
127
127
127
127
127
127
127
127
127
127
127
127
127
127
127
127
127
127
127
127
127
127
127
127
127
127
127
127
127
127
127
127
127
127
127
127
127
127
103
115
127
127
127
127
127
127
127
127
115
99
71
74
78
90
108
127
127
113
89
74
67
64
46
47
45
46
46
51
52
44
43
43
42
43
40
40
40
38
36
31
33
37
37
39
39
39
40
40
41
40
37
31
35
41
40
41
41
40
41
41
42
40
33
31
35
41
41
41
40
40
41
41
41
37
32
32
34
41
42
42
41
40
41
42
40
33
32
32
33
40
41
41
40
41
42
42
37
32
32
32
32
38
41
41
40
42
43
41
34
32
32
32
32
37
41
42
40
41
