83
79
78
78
78
78
81
85
89
93
98
102
87
84
82
81
81
82
85
89
92
97
102
106
94
92
89
87
87
89
91
95
99
103
108
112
103
100
97
96
95
96
99
103
106
111
116
120
117
111
107
105
104
106
107
111
115
120
125
127
118
120
121
120
120
120
120
126
127
127
127
127
100
106
112
115
120
127
127
127
126
121
113
106
71
73
78
85
94
110
125
106
92
81
72
68
48
47
47
47
47
50
102
61
41
45
43
43
43
42
41
41
40
39
124
103
35
40
40
41
43
43
42
43
43
43
127
127
67
38
43
43
43
43
43
44
43
48
127
127
120
43
42
43
41
43
43
43
41
53
127
127
127
82
37
43
42
44
44
44
40
61
127
127
127
127
57
38
43
45
45
44
40
72
127
127
127
127
104
43
43
44
46
45
40
81
127
127
127
127
127
57
94
92
89
89
89
92
93
97
100
106
111
115
99
97
94
93
93
95
97
101
105
110
115
119
107
104
101
99
99
101
103
107
112
116
121
125
115
112
110
108
108
109
112
116
120
124
127
127
127
124
121
118
117
118
120
124
127
127
127
127
121
126
127
127
127
127
127
127
127
127
127
127
99
106
114
122
127
127
127
127
127
127
116
106
70
73
77
85
96
115
127
112
94
80
71
67
47
47
45
44
44
49
50
45
43
43
43
42
40
40
38
37
37
37
32
32
37
37
38
38
40
40
39
40
40
40
33
33
39
40
40
40
40
40
40
40
40
40
33
32
35
40
40
40
38
40
40
40
40
39
33
32
32
37
40
40
39
41
41
41
41
39
32
32
32
34
39
40
40
41
41
42
41
39
32
32
32
32
36
40
40
41
41
42
41
38
32
32
32
32
33
39
127
127
127
127
127
127
127
127
127
127
127
127
127
127
127
127
127
127
127
127
127
127
127
127
127
127
127
127
127
127
127
127
127
127
127
127
127
127
127
127
127
127
127
127
127
127
127
127
127
127
127
127
127
127
127
127
127
127
127
127
127
127
127
127
127
127
127
127
127
127
127
127
97
108
123
127
127
127
127
127
127
127
125
108
70
71
75
83
100
127
127
122
98
79
69
66
47
46
46
45
45
50
54
46
43
42
42
43
40
40
39
38
37
37
31
32
37
38
38
39
40
40
40
40
41
40
32
33
39
41
41
40
40
40
41
41
41
41
33
32
35
41
42
41
39
41
41
41
41
40
33
32
32
38
41
42
40
42
42
42
42
40
32
32
32
34
40
41
41
43
42
42
42
40
32
32
32
32
36
40
41
42
43
43
43
40
32
32
32
32
33
39
