83
81
78
78
78
79
82
85
89
93
98
102
87
85
82
82
81
82
85
89
92
97
102
106
93
91
89
88
87
89
91
95
99
103
108
112
103
99
97
96
95
96
99
103
106
111
116
120
118
111
107
106
105
106
107
111
115
120
126
127
118
120
121
121
121
120
120
127
127
127
127
127
99
106
112
115
120
127
127
127
127
121
114
106
71
73
78
85
94
112
124
106
92
81
73
68
48
47
47
47
47
50
93
73
38
45
44
43
42
42
41
41
40
37
84
127
57
32
40
41
42
43
43
43
42
38
74
127
118
54
38
43
43
43
43
43
43
39
57
127
127
106
46
40
46
44
44
44
43
41
47
127
127
127
103
40
44
43
45
44
42
40
41
121
127
127
127
100
43
44
45
43
42
41
38
102
127
127
127
127
43
45
46
43
43
42
36
87
127
127
127
127
94
92
89
89
89
92
94
98
102
106
111
115
99
97
94
93
93
96
98
102
106
110
115
119
107
104
101
99
99
102
104
108
112
116
121
125
115
112
110
108
108
109
112
116
120
125
127
127
127
124
121
118
117
118
120
124
127
127
127
127
120
125
127
127
127
127
127
127
127
127
127
127
99
106
114
122
127
127
127
127
127
127
117
107
70
73
77
85
96
116
127
110
94
81
71
68
47
47
45
45
44
50
50
44
43
43
42
42
40
40
39
38
36
37
34
30
35
38
37
38
40
40
40
40
40
40
37
32
35
40
40
40
40
41
40
40
40
40
40
33
31
36
40
40
41
40
40
41
40
40
39
34
32
32
37
40
40
41
41
40
40
40
40
36
32
32
33
37
40
41
41
40
40
39
40
37
32
32
32
33
40
41
41
40
40
39
39
37
32
32
32
32
127
127
127
127
127
127
127
127
127
127
127
127
127
127
127
127
127
127
127
127
127
127
127
127
127
127
127
127
127
127
127
127
127
127
127
127
127
127
127
127
127
127
127
127
127
127
127
127
127
127
127
127
127
127
127
127
127
127
127
127
127
127
127
127
127
127
127
127
127
127
127
127
96
106
122
127
127
127
127
127
127
127
126
110
70
71
75
83
100
127
127
121
98
79
70
66
47
46
45
46
45
51
53
44
44
42
42
42
40
40
39
40
37
37
34
30
36
39
38
40
40
40
40
41
40
40
37
32
36
40
41
41
41
42
41
41
40
41
40
33
32
37
40
41
42
42
42
42
40
41
40
34
31
32
37
42
41
41
42
41
40
40
41
36
32
31
33
37
41
41
42
41
40
40
40
37
32
32
32
33
40
42
43
41
41
40
39
37
32
32
32
32
