82
80
78
78
78
80
82
85
89
94
98
102
87
85
82
82
82
83
85
89
93
98
102
106
94
92
89
88
88
89
92
95
99
104
108
112
103
100
97
96
96
96
99
103
107
112
116
120
118
111
107
106
105
106
108
112
116
120
126
127
118
120
121
120
121
120
121
127
127
127
127
127
99
106
112
116
121
127
127
127
126
120
113
106
71
73
78
86
96
115
123
104
91
79
72
68
48
47
47
47
47
52
96
69
38
45
43
43
43
42
41
41
40
37
85
127
60
32
40
41
43
43
43
43
43
40
70
127
121
59
39
41
43
44
43
43
43
42
49
127
127
117
51
41
45
44
42
42
43
43
41
117
127
127
120
49
44
43
41
41
43
43
38
91
127
127
127
119
44
43
42
42
43
43
40
67
127
127
127
127
44
43
43
43
43
44
42
51
127
127
127
127
95
92
91
90
90
92
94
98
102
107
110
114
99
96
95
94
94
96
98
102
106
111
115
119
106
103
101
100
100
102
104
108
112
117
122
126
115
112
110
109
108
110
112
116
120
125
127
127
127
124
121
119
118
119
121
125
127
127
127
127
121
126
127
127
127
127
127
127
127
127
127
127
99
106
115
123
127
127
127
127
127
126
116
106
70
73
78
85
98
120
125
109
93
79
71
67
47
47
45
45
45
51
50
43
43
43
42
42
40
40
39
38
37
38
35
30
36
38
38
38
40
40
40
40
40
40
38
32
35
39
40
40
40
41
40
40
40
40
40
33
31
35
39
40
41
41
40
39
40
41
40
36
32
32
35
40
41
41
39
39
40
40
40
37
33
32
33
35
41
41
40
40
40
40
41
39
33
32
32
33
41
40
40
40
40
41
42
40
33
32
32
32
127
127
127
127
127
127
127
127
127
127
127
127
127
127
127
127
127
127
127
127
127
127
127
127
127
127
127
127
127
127
127
127
127
127
127
127
127
127
127
127
127
127
127
127
127
127
127
127
127
127
127
127
127
127
127
127
127
127
127
127
127
127
127
127
127
127
127
127
127
127
127
127
96
107
123
127
127
127
127
127
127
127
124
108
71
71
75
85
103
127
127
118
96
78
69
66
47
45
46
45
44
53
52
44
44
42
42
42
40
40
40
38
37
38
34
30
36
39
39
39
40
41
40
40
40
41
38
32
36
40
41
41
41
42
40
40
40
41
41
33
31
35
40
41
42
41
40
40
41
42
42
36
32
32
35
40
42
41
40
40
40
41
41
38
33
32
33
36
42
41
40
40
40
41
42
40
33
32
32
33
42
41
41
41
40
42
43
41
33
32
32
32
