84
82
79
79
79
82
83
87
91
96
99
103
88
85
83
82
82
85
87
91
95
99
103
107
94
92
89
89
89
91
93
97
101
106
110
113
103
100
98
97
96
99
101
105
109
113
117
121
114
110
107
106
106
108
110
113
118
123
127
127
120
122
123
122
120
120
125
127
127
127
127
125
105
110
116
120
126
127
127
127
121
115
107
99
72
76
83
92
108
123
109
95
83
75
68
64
47
47
47
47
47
86
83
39
44
44
43
43
42
42
40
40
37
71
127
65
33
40
41
41
43
43
42
43
40
61
127
125
58
38
43
43
43
43
43
43
43
49
127
127
113
46
41
43
43
41
43
43
43
43
127
127
127
105
40
40
42
41
43
44
43
40
124
127
127
127
93
40
43
43
43
44
45
39
108
127
127
127
127
83
44
43
42
43
45
39
96
127
127
127
127
127
95
92
92
91
92
94
96
99
104
109
112
116
99
97
96
95
96
97
100
103
108
113
116
120
107
105
102
101
102
103
106
110
114
119
123
127
116
113
110
110
110
112
114
118
122
127
127
127
127
124
120
119
119
120
123
127
127
127
127
127
126
127
127
127
127
127
127
127
127
127
127
127
105
113
121
127
127
127
127
127
127
119
109
99
72
75
82
93
113
127
113
97
83
73
68
64
46
46
44
44
49
50
44
43
43
42
42
42
40
39
37
37
38
35
30
34
38
37
38
38
40
40
39
40
40
37
32
35
39
40
40
40
41
40
40
40
40
40
33
32
35
40
40
40
40
39
40
40
40
40
34
32
32
37
40
40
40
40
40
41
41
41
36
32
32
33
37
40
40
40
40
41
41
42
37
32
32
32
33
37
40
40
39
40
41
41
38
32
32
32
32
34
127
127
127
127
127
127
127
127
127
127
127
127
127
127
127
127
127
127
127
127
127
127
127
127
127
127
127
127
127
127
127
127
127
127
127
127
127
127
127
127
127
127
127
127
127
127
127
127
127
127
127
127
127
127
127
127
127
127
127
127
127
127
127
127
127
127
127
127
127
127
127
127
105
118
127
127
127
127
127
127
127
127
112
98
71
74
81
96
125
127
125
103
82
71
67
64
46
46
45
44
50
53
45
44
43
42
42
43
40
40
38
37
37
35
29
35
38
39
39
39
41
40
40
40
41
38
32
35
40
41
40
40
42
40
40
41
42
40
33
32
36
40
41
41
40
39
40
41
41
41
34
32
32
37
41
40
40
40
40
42
42
42
35
31
32
33
37
40
40
41
40
42
42
42
37
31
32
32
33
38
41
42
40
42
43
43
39
32
32
32
32
35
