84
82
80
80
80
82
84
88
92
95
99
103
88
85
84
83
83
85
88
91
95
99
103
107
94
92
90
89
89
92
94
97
101
106
110
114
103
100
98
97
97
99
102
106
110
114
118
122
113
110
107
106
106
108
110
114
118
123
127
127
122
123
123
122
120
121
126
127
127
127
127
122
107
113
117
121
127
127
127
125
120
113
105
97
74
78
85
96
114
121
104
92
80
72
68
64
47
47
47
46
54
103
54
43
44
43
43
43
42
41
41
38
43
127
95
33
40
40
41
41
43
43
43
40
48
127
127
61
39
43
43
43
43
43
43
40
56
127
127
113
43
42
43
43
44
44
44
38
63
127
127
127
77
37
44
43
44
44
45
37
71
127
127
127
127
52
40
43
44
45
44
37
82
127
127
127
127
99
44
42
45
46
43
37
89
127
127
127
127
127
54
40
96
94
92
92
92
94
96
100
104
108
113
116
100
98
96
96
96
98
100
104
108
113
117
120
107
104
103
102
102
104
106
110
114
120
123
127
116
113
111
110
110
111
115
119
123
127
127
127
127
123
120
120
119
121
123
127
127
127
127
127
127
127
127
127
127
127
127
127
127
127
127
125
108
116
123
127
127
127
127
127
126
116
105
96
73
78
85
98
120
123
110
92
79
71
66
64
46
45
44
45
50
47
45
43
43
42
42
42
39
39
38
37
37
31
32
37
37
37
38
38
40
40
40
40
39
32
33
39
40
40
40
40
40
40
40
40
39
33
32
36
40
40
40
40
41
41
41
40
39
33
32
32
38
40
41
40
41
40
41
40
38
33
32
32
34
40
41
40
41
40
41
40
37
33
32
32
32
37
40
40
41
41
40
40
37
32
32
32
32
33
40
40
127
127
127
127
127
127
127
127
127
127
127
127
127
127
127
127
127
127
127
127
127
127
127
127
127
127
127
127
127
127
127
127
127
127
127
127
127
127
127
127
127
127
127
127
127
127
127
127
127
127
127
127
127
127
127
127
127
127
127
127
127
127
127
127
127
127
127
127
127
127
127
127
109
123
127
127
127
127
127
127
127
123
106
93
71
75
84
103
127
127
120
96
78
69
65
64
46
46
45
45
53
50
45
43
43
42
42
43
40
40
39
37
37
30
31
37
39
39
40
39
40
40
41
40
40
33
33
40
41
40
41
40
41
41
41
40
40
33
32
36
41
41
40
41
42
42
42
41
39
33
32
32
39
42
42
40
42
41
42
41
38
33
32
32
34
41
42
40
42
42
42
41
37
33
32
32
32
37
40
40
43
43
41
41
37
32
32
32
32
33
40
41
