84
82
80
80
80
82
84
88
92
95
99
103
88
85
84
83
83
85
88
91
95
99
103
107
94
92
90
89
89
92
94
97
101
106
110
114
103
100
98
97
97
99
102
106
110
114
118
122
113
110
107
106
106
108
110
114
119
124
127
127
123
123
123
122
120
122
126
127
127
127
126
120
109
113
118
122
127
127
127
124
120
111
103
95
75
79
87
97
115
119
104
91
79
71
67
64
47
47
47
43
68
97
46
46
44
43
43
43
42
41
41
33
90
127
41
39
40
40
41
41
43
43
41
46
127
127
61
40
43
43
43
43
43
43
39
74
127
127
89
39
44
43
43
42
44
43
40
123
127
127
121
40
43
43
44
44
45
40
66
127
127
127
127
54
41
44
43
44
43
44
110
127
127
127
127
76
40
45
43
43
41
51
127
127
127
127
127
95
38
44
43
43
96
94
92
92
92
94
96
100
104
108
113
116
100
98
96
96
96
98
100
104
108
113
117
120
107
104
103
102
102
104
106
110
114
120
123
127
116
113
111
110
110
111
115
119
123
127
127
127
127
123
120
120
119
121
123
127
127
127
127
127
127
127
127
127
127
127
127
127
127
127
127
123
110
116
123
127
127
127
127
127
124
114
103
95
74
78
86
99
120
121
109
92
78
71
66
64
46
45
44
45
50
47
44
43
42
41
42
42
39
39
38
37
33
30
36
37
38
37
38
38
40
40
40
39
33
31
40
40
40
40
40
40
40
40
40
38
33
32
38
41
40
40
40
40
41
41
41
36
32
32
35
40
40
40
41
41
41
41
39
33
32
32
34
40
41
41
41
41
41
41
36
32
32
32
33
39
41
41
40
40
41
40
33
32
32
32
32
37
41
41
40
40
127
127
127
127
127
127
127
127
127
127
127
127
127
127
127
127
127
127
127
127
127
127
127
127
127
127
127
127
127
127
127
127
127
127
127
127
127
127
127
127
127
127
127
127
127
127
127
127
127
127
127
127
127
127
127
127
127
127
127
127
127
127
127
127
127
127
127
127
127
127
127
127
112
127
127
127
127
127
127
127
127
120
103
91
73
77
85
104
127
127
118
95
77
68
65
64
47
46
45
45
52
48
45
43
43
42
43
43
40
40
39
37
33
30
36
37
39
39
40
39
40
40
41
40
33
31
40
41
41
40
41
40
41
40
41
39
33
31
38
42
41
41
40
40
42
42
42
36
32
32
36
41
41
41
42
42
42
42
40
33
32
32
34
41
42
42
42
42
42
42
37
32
32
32
33
40
42
42
41
41
42
41
34
32
32
32
32
38
42
41
40
40
