85
82
81
80
80
82
85
88
92
96
100
103
89
86
85
84
84
85
89
92
96
100
104
107
95
92
91
90
90
92
94
98
102
106
110
114
103
101
99
98
98
99
102
106
110
114
118
122
113
110
108
107
106
109
111
114
119
124
127
127
123
123
123
123
120
123
127
127
127
127
126
120
109
113
117
123
127
127
127
124
119
111
103
94
75
79
87
96
114
119
105
91
78
71
66
64
47
47
47
42
75
92
47
46
44
43
43
43
42
41
37
40
120
106
36
40
41
40
40
41
43
41
38
82
127
120
38
43
43
43
43
43
43
41
54
127
127
123
38
43
43
43
44
43
42
40
112
127
127
127
40
43
43
42
44
45
38
81
127
127
127
127
42
43
43
42
43
43
61
127
127
127
127
127
46
43
43
42
41
43
94
127
127
127
127
127
49
43
44
42
41
44
97
95
92
92
92
95
97
101
105
110
113
117
101
99
96
96
96
99
101
105
109
113
117
121
107
105
104
103
103
105
107
111
115
120
124
127
116
113
112
110
110
113
115
119
123
127
127
127
127
123
121
120
120
122
123
127
127
127
127
127
127
127
127
127
127
127
127
127
127
127
127
123
110
117
125
127
127
127
127
127
124
113
103
93
74
78
86
99
120
121
109
92
78
70
66
63
46
45
44
45
50
47
45
43
42
41
42
42
39
38
38
37
32
32
36
37
37
37
38
38
40
39
40
38
31
34
40
40
40
40
40
40
40
40
40
33
32
35
40
40
40
41
40
40
40
40
37
32
32
34
40
41
40
40
40
41
41
38
33
32
32
34
40
41
41
40
39
40
40
35
32
32
32
34
41
41
41
40
39
40
38
33
32
32
32
33
42
42
41
40
39
42
127
127
127
127
127
127
127
127
127
127
127
127
127
127
127
127
127
127
127
127
127
127
127
127
127
127
127
127
127
127
127
127
127
127
127
127
127
127
127
127
127
127
127
127
127
127
127
127
127
127
127
127
127
127
127
127
127
127
127
127
127
127
127
127
127
127
127
127
127
127
127
127
113
127
127
127
127
127
127
127
127
120
102
91
73
77
85
104
127
127
118
95
77
68
65
64
46
46
44
46
50
47
46
43
43
42
43
43
40
39
39
37
31
32
36
37
39
39
39
39
40
40
41
38
32
35
40
41
41
41
41
40
40
41
40
33
32
35
40
41
41
41
42
41
41
41
37
32
32
34
41
41
40
40
42
42
43
38
33
32
32
34
41
42
41
40
41
40
41
35
32
32
32
34
42
42
41
40
40
40
39
33
32
32
32
33
43
43
42
40
40
43
