83
81
80
80
80
82
84
88
92
96
99
103
88
85
84
83
83
85
88
91
95
99
103
107
95
92
90
89
89
92
94
97
101
106
110
114
103
100
99
97
97
99
102
105
110
114
118
122
113
110
108
106
106
108
110
114
118
124
127
127
123
123
123
122
120
121
126
127
127
127
126
120
109
113
117
122
125
127
127
125
119
111
103
94
75
79
86
96
113
119
106
92
79
71
66
64
47
47
47
41
77
90
46
46
44
43
43
43
42
42
34
50
127
91
35
40
40
40
41
41
43
40
46
105
127
89
38
43
43
43
43
43
43
42
85
127
127
77
39
44
43
43
43
43
37
73
127
127
127
69
40
43
43
43
43
43
67
127
127
127
127
63
40
43
44
43
44
44
123
127
127
127
127
57
41
44
44
45
45
44
127
127
127
127
127
53
40
44
44
47
44
43
96
93
92
92
92
95
96
100
104
108
113
117
100
98
96
96
96
98
100
104
108
113
117
121
107
106
103
102
102
104
106
110
114
120
123
127
116
113
111
110
110
112
115
119
123
127
127
127
127
123
120
120
120
121
123
127
127
127
127
127
127
127
127
127
127
127
127
127
127
127
127
122
110
116
123
127
127
127
127
127
125
114
103
93
74
78
86
98
118
121
110
93
79
71
66
63
46
45
44
45
49
47
45
43
42
41
42
42
39
39
38
36
31
33
36
37
37
38
38
38
40
40
40
36
30
37
40
40
40
40
40
40
40
41
37
33
32
38
40
40
40
40
40
40
41
39
33
32
33
39
40
40
40
40
40
41
40
34
32
32
33
39
42
41
41
40
40
40
36
32
32
32
33
39
41
42
42
41
41
40
32
32
32
31
33
39
40
41
41
42
41
41
127
127
127
127
127
127
127
127
127
127
127
127
127
127
127
127
127
127
127
127
127
127
127
127
127
127
127
127
127
127
127
127
127
127
127
127
127
127
127
127
127
127
127
127
127
127
127
127
127
127
127
127
127
127
127
127
127
127
127
127
127
127
127
127
127
127
127
127
127
127
127
127
112
127
127
127
127
127
127
127
127
120
102
91
73
77
85
103
127
127
120
96
78
68
65
64
47
46
45
46
50
48
46
43
43
42
43
43
40
40
39
37
30
33
37
37
38
39
40
39
40
41
40
36
30
37
41
41
40
41
41
40
41
42
38
33
32
39
41
41
40
40
41
41
43
40
33
32
33
40
41
41
41
41
40
41
40
35
32
32
33
40
42
42
42
41
42
42
36
32
32
32
33
40
42
43
42
42
43
42
32
32
32
31
33
40
41
42
42
43
42
42
