82
81
79
78
78
80
82
85
89
93
99
103
87
85
83
82
82
84
85
89
93
98
103
106
94
92
89
88
88
90
92
96
99
105
109
113
103
100
97
96
96
97
99
103
107
113
116
120
114
110
107
106
105
106
109
113
116
121
127
127
121
123
122
122
120
120
123
127
127
127
127
123
106
110
115
119
123
126
127
127
123
115
107
99
72
75
82
89
103
118
112
99
85
75
68
64
47
47
47
47
46
99
64
45
45
44
43
43
42
40
41
33
70
127
59
37
40
40
41
41
42
43
40
50
125
127
63
40
43
43
43
43
43
43
40
94
127
127
64
40
44
43
43
43
43
38
67
127
127
127
67
38
43
43
43
43
40
52
127
127
127
127
71
37
43
43
43
43
46
99
127
127
127
127
75
37
43
43
43
44
58
127
127
127
127
127
79
38
43
43
43
45
95
93
90
90
90
92
95
99
103
106
112
116
99
97
95
94
94
96
99
103
106
111
116
120
106
104
102
100
100
103
105
109
113
118
122
126
115
113
110
109
109
110
113
116
120
126
127
127
127
123
120
119
118
119
122
125
127
127
127
127
126
127
127
127
127
127
127
127
127
127
127
127
105
112
120
127
127
127
127
127
127
120
108
98
72
75
82
90
109
122
115
102
85
74
68
64
47
46
45
45
47
47
47
43
42
42
42
42
39
39
38
38
34
30
35
37
37
37
38
38
39
40
40
40
34
31
38
40
40
40
40
40
40
41
41
37
33
32
38
40
40
40
40
40
40
41
39
33
32
32
37
40
40
41
40
40
40
40
34
32
32
32
37
40
40
40
40
41
40
37
32
32
32
32
37
40
40
40
40
41
40
33
32
32
32
32
38
41
41
40
40
42
127
127
127
127
127
127
127
127
127
127
127
127
127
127
127
127
127
127
127
127
127
127
127
127
127
127
127
127
127
127
127
127
127
127
127
127
127
127
127
127
127
127
127
127
127
127
127
127
127
127
127
127
127
127
127
127
127
127
127
127
127
127
127
127
127
127
127
127
127
127
127
127
105
117
127
127
127
127
127
127
127
127
111
96
71
73
79
91
118
127
127
110
86
71
67
64
46
46
44
44
49
49
47
44
43
42
42
43
40
40
39
38
35
30
35
37
37
39
39
39
40
40
41
40
35
31
39
42
40
41
40
40
40
42
42
37
33
32
39
42
41
41
41
40
41
42
40
33
32
32
38
40
41
42
41
40
41
40
35
32
32
32
37
40
40
41
41
41
41
37
32
32
32
32
38
40
41
41
41
42
40
33
32
32
32
32
39
42
42
40
41
43
