82
80
78
78
78
80
82
85
89
94
98
102
87
85
82
82
82
83
85
89
92
98
102
106
94
92
89
88
88
89
91
95
99
104
108
112
103
100
97
96
96
96
99
103
107
112
116
120
115
110
107
106
105
106
108
112
116
120
126
127
120
121
122
121
120
120
123
127
127
127
127
126
103
108
113
117
123
127
127
127
124
118
110
102
71
75
80
88
100
115
115
102
89
77
70
66
47
47
47
47
45
71
93
43
46
44
43
43
42
42
41
40
35
104
124
37
39
41
40
41
43
43
43
39
53
127
127
53
40
43
43
43
43
44
43
37
90
127
127
75
37
43
43
43
43
42
40
47
127
127
127
101
39
43
43
43
43
43
37
81
127
127
127
127
46
43
44
43
43
42
45
127
127
127
127
127
59
40
43
43
43
41
58
127
127
127
127
127
71
38
42
43
95
92
91
90
90
92
94
98
102
106
110
114
99
96
95
94
94
96
98
102
106
110
115
119
106
103
101
100
100
102
104
108
112
117
122
126
115
112
110
109
108
110
112
116
120
125
127
127
127
123
120
118
117
119
121
124
127
127
127
127
123
127
127
127
127
127
127
127
127
127
127
127
103
110
117
124
127
127
127
127
127
123
113
102
71
74
78
87
103
120
117
106
90
77
70
66
46
46
44
44
47
49
45
45
43
42
42
42
40
39
38
37
37
33
30
37
37
38
38
38
40
40
40
40
39
33
33
40
40
40
40
40
40
41
40
40
37
32
33
38
40
40
40
40
40
40
40
40
34
32
32
36
41
41
41
40
40
40
40
38
33
32
32
35
40
41
40
40
40
40
40
35
32
32
32
33
39
40
40
40
40
41
40
33
32
32
32
33
38
40
40
40
127
127
127
127
127
127
127
127
127
127
127
127
127
127
127
127
127
127
127
127
127
127
127
127
127
127
127
127
127
127
127
127
127
127
127
127
127
127
127
127
127
127
127
127
127
127
127
127
127
127
127
127
127
127
127
127
127
127
127
127
127
127
127
127
127
127
127
127
127
127
127
127
100
113
127
127
127
127
127
127
127
127
117
102
71
73
77
87
109
127
127
116
92
75
68
65
47
46
45
44
47
50
46
46
43
43
42
42
40
40
40
38
37
33
30
37
37
39
39
39
40
40
41
40
40
33
33
40
40
41
41
40
41
42
41
40
37
32
33
39
41
41
41
40
40
40
41
41
35
32
32
37
42
42
42
40
41
40
41
38
33
32
31
35
42
42
41
41
41
41
40
35
32
32
31
33
40
41
41
41
41
42
40
33
32
32
32
33
39
40
41
41
