82
80
78
78
78
79
82
85
89
94
98
102
87
85
82
82
82
82
85
89
92
98
102
106
94
92
89
88
88
89
91
95
99
104
108
112
103
100
97
96
96
96
99
103
106
112
116
120
116
111
107
106
105
106
108
111
116
120
126
127
119
121
122
121
120
120
123
127
127
127
127
127
102
107
113
116
122
127
126
127
125
119
112
104
70
74
79
86
98
113
115
103
91
78
71
67
47
47
47
47
48
57
101
49
44
44
43
43
42
42
40
40
39
54
127
69
34
40
40
41
43
42
43
43
40
74
127
117
43
42
43
43
43
42
43
44
38
97
127
127
68
40
43
43
43
43
43
43
39
121
127
127
120
38
43
43
43
43
45
42
47
127
127
127
127
70
39
43
43
43
44
40
62
127
127
127
127
120
47
43
43
43
43
38
75
127
127
127
127
127
63
40
95
93
89
90
89
92
94
98
102
106
111
115
99
97
94
94
93
96
98
102
106
110
115
119
106
103
101
100
99
102
104
108
112
117
121
125
115
112
110
109
108
110
112
116
120
125
127
127
127
124
120
118
117
119
121
124
127
127
127
127
122
127
127
127
127
127
127
127
127
127
127
127
101
108
116
123
127
127
127
127
127
125
115
104
71
73
78
85
100
118
117
107
92
78
71
66
46
46
44
44
46
49
45
45
43
42
42
42
40
39
38
37
37
36
30
34
37
37
39
38
40
40
40
40
40
37
31
35
40
40
40
40
40
40
40
41
41
37
32
33
38
41
40
40
40
40
40
40
40
35
32
32
35
40
40
40
40
40
40
40
40
34
32
32
33
38
40
40
40
41
40
40
40
33
32
32
32
35
40
40
40
40
40
40
38
33
32
32
32
33
39
40
127
127
127
127
127
127
127
127
127
127
127
127
127
127
127
127
127
127
127
127
127
127
127
127
127
127
127
127
127
127
127
127
127
127
127
127
127
127
127
127
127
127
127
127
127
127
127
127
127
127
127
127
127
127
127
127
127
127
127
127
127
127
127
127
127
127
127
127
127
127
127
127
99
110
126
127
127
127
127
127
127
127
121
105
70
72
76
85
106
127
127
116
95
77
69
65
47
46
45
44
47
50
45
45
43
43
42
42
40
40
39
38
37
36
29
34
37
38
39
39
40
40
40
41
41
39
31
36
41
41
41
40
40
40
40
42
42
38
32
33
39
42
41
41
41
40
41
41
41
35
32
32
35
40
41
41
41
41
43
42
40
34
32
32
33
38
41
40
41
42
42
42
40
33
32
32
32
36
40
41
41
41
40
41
39
33
32
32
32
33
40
42
