82
80
78
78
78
80
82
85
89
94
97
101
87
85
82
82
82
83
85
89
93
98
102
106
94
92
89
88
88
89
92
96
99
104
109
113
103
100
97
96
96
96
99
103
107
112
116
120
116
111
107
106
105
106
108
112
116
121
126
127
119
121
122
121
120
120
123
127
127
127
127
127
102
107
113
116
123
127
126
127
125
119
112
103
70
74
79
87
100
114
114
101
90
78
71
67
47
47
47
47
48
57
100
50
43
44
43
43
42
43
42
41
39
45
127
89
33
40
41
41
42
43
43
43
41
47
127
127
62
38
43
43
43
43
43
43
42
47
127
127
116
43
42
43
43
43
43
42
42
50
127
127
127
88
37
43
44
44
43
43
41
51
127
127
127
127
66
37
45
44
43
43
40
53
127
127
127
127
118
51
45
44
44
43
40
54
127
127
127
127
127
78
95
92
91
90
90
92
94
98
101
107
110
114
99
96
95
94
94
96
98
102
106
111
115
119
106
103
101
100
100
102
104
108
113
117
122
126
115
112
110
109
108
110
113
116
120
125
127
127
127
124
120
119
118
119
121
125
127
127
127
127
123
127
127
127
127
127
127
127
127
127
127
127
102
108
116
123
127
127
127
127
127
124
114
104
71
73
78
86
103
119
116
106
91
78
70
66
46
46
44
44
46
49
44
44
43
42
41
42
39
39
38
37
37
36
30
33
37
37
37
38
39
40
40
40
40
39
33
33
39
40
40
40
40
40
40
40
40
40
33
32
35
40
40
40
40
40
40
40
41
40
33
32
32
37
41
41
41
41
40
40
40
39
33
32
32
34
39
41
41
41
41
40
40
39
33
32
32
32
35
40
42
41
42
41
40
39
33
32
32
32
33
38
127
127
127
127
127
127
127
127
127
127
127
127
127
127
127
127
127
127
127
127
127
127
127
127
127
127
127
127
127
127
127
127
127
127
127
127
127
127
127
127
127
127
127
127
127
127
127
127
127
127
127
127
127
127
127
127
127
127
127
127
127
127
127
127
127
127
127
127
127
127
127
127
99
110
127
127
127
127
127
127
127
127
120
103
70
72
77
86
110
127
127
114
93
76
68
64
47
46
45
44
47
50
45
44
43
43
42
42
40
40
40
39
37
36
30
32
37
38
39
39
40
40
41
41
40
40
33
33
40
41
41
40
41
40
41
41
40
40
33
32
36
41
41
40
41
41
41
40
42
40
33
32
32
38
42
42
42
42
41
41
41
40
33
32
32
34
40
42
42
42
41
41
41
40
33
32
32
32
36
40
43
43
42
42
41
39
33
32
32
32
33
39
