82
80
78
78
78
80
83
85
89
94
99
103
87
85
82
82
82
83
86
89
93
98
103
106
94
92
89
88
88
89
92
96
99
104
109
113
103
100
97
96
96
97
99
103
107
112
116
120
116
111
107
106
105
106
109
112
116
121
127
127
119
121
122
121
120
120
123
127
127
127
127
127
102
108
113
117
123
127
126
127
125
118
111
103
71
75
80
88
102
115
113
99
89
77
71
67
47
47
47
47
48
59
100
47
43
44
43
43
42
43
41
40
40
46
127
87
33
40
41
41
43
43
43
42
42
47
127
127
64
37
43
43
43
43
43
43
43
47
127
127
121
45
41
43
43
43
42
42
41
44
127
127
127
99
37
41
43
43
43
43
41
45
127
127
127
127
77
37
43
41
43
43
43
45
127
127
127
127
127
62
43
41
42
43
43
44
127
127
127
127
127
101
95
92
91
90
90
92
95
99
103
107
112
116
99
96
95
94
94
96
99
103
106
111
116
120
106
104
102
100
100
103
105
109
113
117
122
126
115
113
110
109
109
110
113
116
120
126
127
127
127
124
120
119
118
119
121
125
127
127
127
127
123
127
127
127
127
127
127
127
127
127
127
127
102
109
117
124
127
127
127
127
127
123
113
103
71
73
78
88
106
119
115
104
90
77
70
66
46
46
44
45
47
49
44
45
43
42
42
42
40
39
38
37
37
37
30
33
37
37
38
38
40
40
40
39
40
40
33
33
39
40
40
40
40
40
40
40
40
41
34
32
35
40
40
40
41
40
40
40
39
40
34
32
32
37
40
40
41
40
40
40
40
40
34
32
32
33
38
41
41
39
40
40
41
42
34
32
32
32
34
40
41
39
40
40
41
42
34
32
32
32
32
36
127
127
127
127
127
127
127
127
127
127
127
127
127
127
127
127
127
127
127
127
127
127
127
127
127
127
127
127
127
127
127
127
127
127
127
127
127
127
127
127
127
127
127
127
127
127
127
127
127
127
127
127
127
127
127
127
127
127
127
127
127
127
127
127
127
127
127
127
127
127
127
127
99
111
127
127
127
127
127
127
127
127
119
103
71
72
76
87
113
127
127
113
92
75
68
64
47
46
45
44
47
50
45
45
43
43
42
42
40
40
39
37
37
37
30
33
37
39
39
40
40
40
40
40
40
41
33
33
39
41
41
41
41
40
41
40
41
42
34
32
35
40
41
41
42
41
40
40
40
41
34
32
32
37
40
40
42
40
41
40
41
42
34
32
32
33
39
42
42
40
41
40
41
43
34
32
32
32
35
40
42
40
40
41
42
42
34
32
32
32
32
37
