82
81
79
78
78
81
82
86
90
95
99
103
87
85
83
82
82
84
86
89
93
99
103
106
94
92
89
89
88
90
92
96
99
105
109
113
103
100
97
96
96
98
99
103
108
113
116
120
116
111
107
106
105
106
109
113
116
121
127
127
120
121
122
122
120
120
123
127
127
127
127
127
103
108
113
118
124
127
125
127
124
117
110
102
71
75
81
89
104
116
112
99
88
76
70
66
47
47
47
47
48
63
99
43
43
44
43
43
42
42
40
41
39
50
127
81
33
40
40
41
43
42
42
43
42
49
127
127
62
38
43
43
43
42
43
44
43
47
127
127
117
45
42
43
43
43
44
44
43
45
127
127
127
97
37
42
43
43
44
43
43
44
127
127
127
127
78
38
43
43
44
43
43
43
127
127
127
127
127
65
43
43
43
43
43
43
127
127
127
127
127
106
95
93
90
90
90
92
95
99
103
106
112
116
99
97
95
94
94
96
99
103
106
111
116
120
106
104
102
100
100
103
105
109
113
118
122
126
115
113
110
109
109
110
113
116
121
126
127
127
127
124
120
119
118
120
122
126
127
127
127
127
123
127
127
127
127
127
127
127
127
127
127
127
103
110
118
126
127
127
127
127
127
123
113
102
71
74
78
89
109
119
113
103
89
76
69
66
46
46
44
45
47
48
43
44
43
42
42
42
40
39
38
37
37
36
30
33
37
38
38
38
40
40
40
40
40
39
32
33
39
40
40
40
40
40
40
40
40
40
33
32
35
40
40
40
40
40
41
40
40
40
33
32
32
37
40
40
40
41
40
40
40
40
34
32
32
33
37
41
40
41
40
40
40
40
34
32
32
32
34
40
40
41
40
40
40
40
35
31
32
32
32
37
127
127
127
127
127
127
127
127
127
127
127
127
127
127
127
127
127
127
127
127
127
127
127
127
127
127
127
127
127
127
127
127
127
127
127
127
127
127
127
127
127
127
127
127
127
127
127
127
127
127
127
127
127
127
127
127
127
127
127
127
127
127
127
127
127
127
127
127
127
127
127
127
100
113
127
127
127
127
127
127
127
127
117
102
71
73
77
89
116
127
126
110
89
74
68
65
47
46
45
44
48
50
44
44
43
43
42
43
40
40
39
38
37
36
29
33
38
39
39
39
40
40
40
41
41
40
32
34
40
41
41
40
40
40
40
42
41
41
33
32
35
41
42
41
41
41
42
41
41
41
34
32
32
37
41
41
41
42
41
41
41
41
34
32
32
33
38
42
41
42
41
41
41
41
34
32
32
32
34
40
40
42
41
40
40
41
35
31
32
32
32
37
