82
81
79
78
78
81
82
86
90
95
99
103
87
85
83
82
82
84
86
90
94
99
103
106
94
92
89
89
89
90
92
96
100
105
109
113
103
100
97
96
96
97
100
104
108
113
117
121
115
110
107
106
106
106
109
113
116
122
127
127
120
121
122
122
120
120
123
127
127
127
127
126
103
110
114
119
126
127
125
127
123
116
109
101
71
75
81
89
107
116
110
97
86
76
69
65
47
47
47
47
48
69
94
41
44
44
43
43
42
41
42
41
37
59
127
71
33
40
40
41
43
42
43
43
40
58
127
127
55
38
43
43
43
43
43
43
42
54
127
127
104
42
41
43
43
43
43
43
41
52
127
127
127
84
38
43
43
43
43
43
42
51
127
127
127
127
70
39
43
43
44
44
42
49
127
127
127
127
123
57
44
43
45
45
43
47
127
127
127
127
127
88
95
92
90
91
91
93
96
99
103
108
111
115
99
97
95
95
95
96
99
103
107
112
116
120
106
104
102
101
101
103
105
109
113
118
123
127
115
113
110
109
109
111
113
117
121
126
127
127
127
124
120
119
118
120
122
126
127
127
127
127
124
127
127
127
127
127
127
127
127
127
127
127
103
110
119
127
127
127
127
127
127
121
110
101
71
74
79
90
111
119
113
101
87
75
68
65
46
46
44
45
47
48
43
43
42
42
42
42
40
39
38
37
37
35
30
34
37
37
38
38
40
39
40
40
40
38
32
35
40
40
40
40
40
40
40
40
41
39
33
32
37
41
40
40
40
40
40
40
40
39
33
32
33
38
41
40
40
41
40
40
41
40
33
32
32
34
40
41
41
41
40
40
41
40
33
32
32
32
36
40
42
41
41
40
41
40
33
32
32
32
33
37
127
127
127
127
127
127
127
127
127
127
127
127
127
127
127
127
127
127
127
127
127
127
127
127
127
127
127
127
127
127
127
127
127
127
127
127
127
127
127
127
127
127
127
127
127
127
127
127
127
127
127
127
127
127
127
127
127
127
127
127
127
127
127
127
127
127
127
127
127
127
127
127
102
114
127
127
127
127
127
127
127
127
115
100
71
73
78
91
121
127
123
108
88
73
67
64
47
47
45
45
48
50
43
44
43
43
42
42
40
40
40
38
37
35
29
34
38
38
39
39
40
40
41
41
41
39
32
35
40
41
40
40
40
41
41
41
42
39
33
32
37
42
41
41
41
41
41
40
41
40
33
32
33
39
43
42
41
42
41
41
42
40
33
32
32
34
40
43
42
42
42
41
42
40
33
32
32
31
36
40
43
42
43
42
42
40
33
32
32
32
32
37
