84
82
79
79
79
82
83
87
91
96
99
103
88
85
83
82
82
85
87
91
95
99
103
107
94
92
89
89
89
91
93
97
101
106
110
113
103
100
98
97
96
99
101
105
109
113
117
121
114
110
107
106
106
108
110
113
117
123
127
127
121
123
123
122
120
122
125
127
127
127
127
123
106
111
116
121
127
126
126
126
121
114
106
98
73
77
83
96
112
115
105
94
82
74
68
64
47
47
47
48
48
94
67
42
45
44
43
43
42
41
41
41
35
113
115
39
38
40
41
41
43
42
43
43
40
127
127
75
38
43
43
43
43
43
44
42
46
127
127
127
47
41
43
43
43
45
44
40
52
127
127
127
92
37
44
44
43
43
43
40
60
127
127
127
127
58
38
44
43
43
43
38
70
127
127
127
127
108
45
42
44
43
44
38
78
127
127
127
127
127
60
40
95
92
92
91
92
94
96
99
103
109
113
116
99
97
96
95
95
97
99
103
107
113
116
120
107
105
102
101
101
103
106
110
114
119
123
127
116
113
110
110
110
112
114
118
122
127
127
127
127
124
120
119
119
120
123
127
127
127
127
127
126
127
127
127
127
127
127
127
127
127
127
127
106
113
121
127
127
127
127
127
127
119
107
98
72
76
82
97
117
116
109
96
82
73
67
64
46
45
44
46
50
46
45
44
43
42
42
42
39
38
38
37
37
32
32
37
37
37
38
38
40
39
40
40
40
34
33
38
40
40
40
40
40
40
40
40
40
34
32
34
40
40
40
40
40
41
40
40
40
33
32
32
37
40
41
41
40
40
40
41
39
33
32
32
34
39
40
40
40
40
40
41
39
33
32
32
32
36
39
40
41
41
41
41
38
33
32
32
32
33
39
40
127
127
127
127
127
127
127
127
127
127
127
127
127
127
127
127
127
127
127
127
127
127
127
127
127
127
127
127
127
127
127
127
127
127
127
127
127
127
127
127
127
127
127
127
127
127
127
127
127
127
127
127
127
127
127
127
127
127
127
127
127
127
127
127
127
127
127
127
127
127
127
127
106
120
127
127
127
127
127
127
127
127
110
96
71
74
81
101
127
127
118
101
82
70
66
64
46
46
44
46
50
47
45
44
43
42
42
43
40
39
39
38
37
31
31
37
38
38
39
39
40
40
41
41
40
34
33
39
41
40
40
40
40
40
42
41
41
35
31
35
41
41
41
40
41
42
41
41
40
33
32
32
37
41
42
42
41
41
40
41
40
33
32
32
34
40
41
41
41
41
41
41
38
33
32
32
32
36
40
40
42
42
42
42
38
33
32
32
32
33
40
40
