84
82
80
79
79
82
84
87
91
96
99
103
88
85
83
83
83
85
87
91
95
99
103
107
94
92
89
89
89
91
93
97
101
106
110
113
103
100
98
97
97
99
101
105
109
113
117
121
113
110
107
106
106
108
110
113
118
123
127
127
121
123
123
122
120
122
126
127
127
127
127
123
106
112
116
122
127
125
127
126
120
113
106
97
73
78
84
98
113
114
104
93
82
73
68
64
47
47
47
49
50
100
58
43
45
43
43
43
42
42
41
39
41
127
95
33
40
40
40
41
43
43
43
40
53
127
127
54
40
43
43
43
43
43
44
38
70
127
127
95
40
43
43
43
43
43
43
37
89
127
127
127
55
41
44
43
44
43
42
39
109
127
127
127
102
38
43
43
44
44
42
45
127
127
127
127
127
59
41
43
44
43
41
52
127
127
127
127
127
91
40
43
96
94
92
92
92
94
96
100
104
109
112
116
100
98
96
96
96
98
100
104
108
113
116
120
107
105
102
102
102
104
106
110
114
119
123
127
116
113
110
110
110
112
114
118
122
127
127
127
127
123
120
119
119
121
123
127
127
127
127
127
127
127
127
127
127
127
127
127
127
127
127
126
107
115
122
127
127
127
127
127
127
116
106
97
73
77
83
100
119
116
108
95
81
71
67
64
46
45
44
46
49
45
45
43
43
42
42
42
39
39
38
37
36
31
33
37
37
37
38
38
40
40
40
40
38
33
33
39
40
40
40
40
40
40
41
40
38
33
32
37
40
40
40
40
40
40
40
40
37
32
32
33
40
40
40
40
40
41
40
40
36
32
32
32
37
40
40
40
40
41
41
40
34
32
32
32
33
40
40
40
41
41
42
41
34
32
32
32
32
37
41
40
127
127
127
127
127
127
127
127
127
127
127
127
127
127
127
127
127
127
127
127
127
127
127
127
127
127
127
127
127
127
127
127
127
127
127
127
127
127
127
127
127
127
127
127
127
127
127
127
127
127
127
127
127
127
127
127
127
127
127
127
127
127
127
127
127
127
127
127
127
127
127
127
108
121
127
127
127
127
127
127
127
126
108
95
71
75
81
106
127
127
116
99
81
70
66
64
46
46
44
46
50
46
45
43
43
42
43
43
40
40
39
37
36
30
33
37
38
38
39
39
40
41
41
40
39
33
33
40
40
40
40
40
41
41
42
41
39
33
32
37
41
41
41
40
41
40
41
41
38
32
31
34
40
42
41
41
42
41
41
41
37
31
32
32
37
42
40
41
42
42
42
41
35
31
32
32
33
40
41
41
42
42
43
41
34
32
32
32
32
37
42
41
