84
82
80
79
79
82
85
87
91
96
99
103
88
85
83
83
83
85
88
91
95
99
103
107
94
92
89
89
89
91
93
97
101
106
110
114
103
100
98
97
97
99
101
105
109
113
118
122
113
110
107
106
106
108
110
114
118
123
127
127
122
123
123
122
120
122
126
127
127
127
127
122
107
112
116
123
127
124
127
125
120
113
105
97
74
78
85
101
114
113
103
93
81
72
68
64
47
47
47
48
54
101
51
45
44
43
43
43
42
41
40
37
58
127
67
35
41
40
41
41
43
42
43
38
89
127
106
38
43
43
43
43
43
42
43
43
124
127
127
49
40
43
43
43
43
43
40
58
127
127
127
80
37
43
43
45
43
43
39
89
127
127
127
118
40
43
44
43
43
43
43
127
127
127
127
127
60
40
43
42
43
42
50
127
127
127
127
127
82
39
43
42
96
94
91
92
92
94
96
100
104
109
112
116
100
98
96
96
96
98
100
104
108
113
116
120
107
105
103
102
102
104
106
110
114
119
123
127
116
113
110
110
110
112
114
118
122
127
127
127
127
123
120
119
119
121
123
127
127
127
127
127
127
127
127
127
127
127
127
127
127
127
127
125
108
115
122
127
127
127
127
127
127
116
106
96
73
78
84
103
120
114
106
93
80
71
67
64
46
45
44
47
49
45
45
43
43
42
42
42
39
38
37
37
35
30
34
37
38
37
38
38
40
39
40
40
37
30
36
40
40
40
40
40
40
39
40
41
35
31
34
39
40
40
40
40
40
40
40
40
33
32
32
37
40
40
40
41
40
41
41
38
32
32
32
35
39
41
41
40
40
41
40
35
32
32
32
33
38
41
41
39
41
40
40
33
32
32
32
32
37
40
40
40
127
127
127
127
127
127
127
127
127
127
127
127
127
127
127
127
127
127
127
127
127
127
127
127
127
127
127
127
127
127
127
127
127
127
127
127
127
127
127
127
127
127
127
127
127
127
127
127
127
127
127
127
127
127
127
127
127
127
127
127
127
127
127
127
127
127
127
127
127
127
127
127
109
123
127
127
127
127
127
127
127
124
106
93
71
75
82
110
127
126
115
97
80
70
65
64
46
46
44
47
50
45
45
43
43
42
43
43
40
39
38
37
35
29
34
37
39
39
39
39
40
40
41
41
37
30
37
41
41
40
40
40
40
40
42
42
36
31
34
40
41
41
41
41
40
42
42
40
33
32
32
37
40
41
41
42
41
42
42
38
32
32
32
35
40
42
42
41
41
42
41
35
32
32
32
33
39
42
42
40
41
41
40
33
32
32
32
32
38
41
41
40
