84
82
79
79
79
82
83
87
91
96
99
103
88
85
83
82
82
85
87
91
95
99
103
107
94
92
89
89
89
91
93
97
101
106
110
113
103
100
98
97
96
99
101
105
109
113
117
121
113
110
107
106
106
107
110
113
117
123
127
127
122
123
123
121
120
122
125
127
127
127
127
122
107
112
116
123
127
125
127
125
120
113
105
97
74
78
84
102
114
113
103
93
82
73
68
64
47
47
47
47
54
101
54
45
45
43
43
43
42
42
41
34
63
127
61
37
40
40
41
41
43
43
43
37
101
127
92
37
43
43
43
43
43
43
40
51
127
127
124
41
43
43
43
43
43
43
37
85
127
127
127
56
40
43
44
43
44
43
43
127
127
127
127
80
37
43
43
44
44
40
71
127
127
127
127
110
40
43
43
45
45
39
103
127
127
127
127
127
46
43
43
44
95
92
92
91
92
94
96
99
103
109
113
116
99
97
96
95
95
97
99
103
107
113
116
120
107
105
102
101
101
103
106
110
114
119
123
127
116
113
110
110
110
111
114
118
122
127
127
127
127
123
120
119
119
120
123
127
127
127
127
127
127
127
127
127
127
127
127
127
127
127
127
125
107
115
122
127
127
127
127
127
127
116
106
96
73
77
83
105
119
114
106
94
81
71
67
64
46
45
44
47
49
44
45
43
43
42
42
42
39
39
38
37
35
30
35
37
38
37
38
38
40
40
40
39
36
30
37
40
40
40
40
40
40
40
40
40
34
31
35
40
40
40
40
40
41
40
40
37
32
32
33
40
40
40
41
40
41
41
40
35
32
32
33
38
40
40
40
40
41
41
38
33
32
32
32
36
40
40
40
40
41
40
35
32
32
32
32
34
40
41
40
41
127
127
127
127
127
127
127
127
127
127
127
127
127
127
127
127
127
127
127
127
127
127
127
127
127
127
127
127
127
127
127
127
127
127
127
127
127
127
127
127
127
127
127
127
127
127
127
127
127
127
127
127
127
127
127
127
127
127
127
127
127
127
127
127
127
127
127
127
127
127
127
127
108
122
127
127
127
127
127
127
127
125
107
94
71
75
81
112
127
125
115
98
81
69
65
64
46
46
45
47
50
46
46
44
43
42
42
43
40
40
39
37
35
29
35
37
39
39
39
40
40
41
40
40
36
30
37
41
41
40
40
41
41
41
40
40
34
31
36
41
41
41
40
40
41
40
41
39
32
32
33
40
41
41
42
40
42
41
41
35
32
32
33
39
42
41
41
42
42
42
39
33
32
32
32
37
42
41
40
43
42
41
36
32
32
32
32
35
41
42
41
42
