84
82
79
78
79
81
84
86
90
95
98
103
88
85
83
82
82
84
87
90
94
99
103
106
94
92
89
89
89
90
92
96
100
105
110
113
103
99
98
96
96
98
100
104
108
113
117
121
114
110
107
106
106
106
110
113
117
122
127
127
121
123
123
120
119
121
125
127
127
127
127
123
106
111
115
123
127
125
126
125
121
114
106
98
73
77
82
101
113
113
105
94
83
74
68
64
47
47
46
49
50
99
60
44
45
44
43
43
43
41
41
37
52
127
75
36
40
40
41
41
43
42
43
38
89
127
107
38
43
43
43
43
43
42
43
47
127
127
127
44
43
43
43
43
43
44
40
74
127
127
127
62
39
43
44
44
43
43
40
120
127
127
127
89
38
43
43
44
43
40
64
127
127
127
127
118
42
41
42
43
44
39
96
127
127
127
127
127
48
40
42
43
95
92
92
91
91
93
96
99
103
108
113
116
99
97
96
95
95
97
99
103
107
112
116
120
106
104
102
101
101
103
106
110
113
118
123
127
115
113
110
110
110
111
113
117
121
127
127
127
127
123
120
119
118
120
123
126
127
127
127
127
126
127
127
127
127
127
127
127
127
127
127
127
106
113
120
127
127
127
127
127
127
119
107
97
72
76
82
104
119
114
106
96
82
73
67
64
46
46
44
47
50
45
45
43
43
42
42
42
39
39
38
37
36
30
34
37
37
37
38
38
40
40
40
40
37
30
36
40
40
40
40
40
40
40
40
40
35
31
34
40
40
40
40
40
40
41
40
39
32
32
33
38
41
40
41
41
40
40
40
35
32
32
32
37
41
40
40
40
40
40
40
33
32
32
32
35
40
40
39
40
40
41
38
32
32
32
32
34
40
40
40
40
127
127
127
127
127
127
127
127
127
127
127
127
127
127
127
127
127
127
127
127
127
127
127
127
127
127
127
127
127
127
127
127
127
127
127
127
127
127
127
127
127
127
127
127
127
127
127
127
127
127
127
127
127
127
127
127
127
127
127
127
127
127
127
127
127
127
127
127
127
127
127
127
106
120
127
127
127
127
127
127
127
127
110
96
71
74
80
110
127
125
116
99
82
70
66
64
46
46
43
47
51
46
46
43
43
42
42
43
40
39
38
37
36
29
34
37
38
38
39
39
40
40
41
42
37
30
37
41
41
40
40
40
40
40
42
42
34
31
34
40
41
41
41
40
41
42
42
40
32
32
33
40
42
41
41
42
41
41
41
36
32
32
32
38
42
40
40
41
41
41
40
33
32
32
32
36
41
40
40
40
42
42
38
31
32
32
32
34
40
41
40
40
