82
80
79
78
78
81
82
86
90
95
98
102
87
85
83
82
82
84
86
90
94
99
103
106
94
92
89
89
89
90
92
96
100
105
110
113
103
100
97
96
96
98
100
104
108
113
117
121
114
110
107
106
106
106
109
113
117
122
127
127
121
123
122
121
119
121
123
127
127
127
127
123
106
111
114
123
127
124
125
125
121
115
107
99
72
76
82
100
114
113
105
94
84
75
68
64
47
47
46
50
48
95
66
44
45
44
43
43
41
42
41
38
45
127
88
34
40
40
40
41
42
43
43
38
75
127
123
40
43
43
43
43
43
43
42
42
116
127
127
54
41
43
43
43
43
43
40
59
127
127
127
78
40
45
45
43
43
44
39
98
127
127
127
109
40
43
43
43
43
43
51
127
127
127
127
127
50
40
43
43
43
41
70
127
127
127
127
127
63
40
43
45
95
92
90
91
91
93
96
98
103
108
111
115
99
97
95
95
95
96
99
103
107
112
116
120
106
104
102
101
101
103
106
110
113
118
123
127
115
113
110
110
109
111
113
117
121
126
127
127
127
123
120
119
118
120
122
126
127
127
127
127
126
127
127
127
127
127
127
127
127
127
127
127
106
113
120
127
127
127
127
127
127
120
108
98
72
75
80
103
119
114
107
96
83
74
68
64
47
46
44
47
50
45
45
44
43
42
42
42
39
39
38
37
37
30
33
37
37
37
38
38
39
40
40
40
37
31
35
40
40
40
40
40
40
40
40
41
36
31
33
40
40
40
40
40
40
40
40
39
33
32
32
38
41
40
40
40
41
40
41
37
32
32
32
35
40
40
40
40
41
41
41
34
32
32
32
33
39
40
40
40
40
42
40
32
32
32
32
33
39
40
40
40
127
127
127
127
127
127
127
127
127
127
127
127
127
127
127
127
127
127
127
127
127
127
127
127
127
127
127
127
127
127
127
127
127
127
127
127
127
127
127
127
127
127
127
127
127
127
127
127
127
127
127
127
127
127
127
127
127
127
127
127
127
127
127
127
127
127
127
127
127
127
127
127
106
118
127
127
127
127
127
127
127
127
111
97
72
74
78
110
127
125
116
100
83
71
67
64
46
46
43
47
51
46
45
44
43
42
42
42
40
40
39
37
36
30
33
37
37
38
39
39
40
40
41
41
38
31
35
41
40
40
40
40
41
41
40
42
36
31
33
41
41
41
41
41
41
41
41
40
33
32
32
39
43
42
42
41
42
42
42
38
32
32
32
36
41
41
41
40
42
42
41
35
32
32
32
33
39
40
40
41
41
43
40
33
32
32
32
33
39
41
40
42
