83
81
79
79
79
81
83
86
90
95
98
102
88
85
83
82
82
84
86
90
94
99
103
106
95
92
89
89
89
90
92
96
100
105
110
113
103
101
98
97
96
98
100
104
108
113
117
121
115
111
107
106
106
106
109
113
116
122
127
127
120
122
123
120
119
121
124
127
127
127
127
125
104
109
114
125
127
126
124
125
122
116
109
101
71
74
79
106
113
113
105
95
85
75
69
65
47
46
44
51
50
76
86
42
45
44
43
43
42
41
41
41
34
94
127
43
37
40
40
41
43
43
43
42
39
123
127
76
38
43
43
43
43
43
43
41
50
127
127
121
43
43
43
43
44
43
44
38
70
127
127
127
68
39
43
43
44
43
44
39
96
127
127
127
114
39
43
43
45
44
43
44
123
127
127
127
127
61
42
44
47
45
42
51
127
127
127
127
127
92
41
47
96
92
92
91
91
93
96
99
103
108
111
115
100
98
96
95
95
97
99
103
107
112
116
120
107
105
102
101
101
103
106
110
113
118
123
127
116
113
110
110
110
111
113
117
121
126
127
127
127
125
120
119
119
120
122
126
127
127
127
127
125
127
127
127
127
127
127
127
127
127
127
127
103
110
119
127
127
127
127
127
127
121
110
100
71
73
78
110
119
113
106
97
84
75
68
65
46
44
42
48
50
47
43
45
43
42
42
42
40
38
38
37
37
33
31
37
37
37
38
38
40
39
40
40
40
34
32
38
40
40
40
40
40
40
40
40
40
33
31
35
41
40
40
40
41
41
40
41
38
33
32
33
40
40
40
40
40
40
41
41
37
32
32
32
35
40
40
40
40
40
41
40
36
32
32
32
33
39
41
41
40
41
40
40
34
32
32
32
32
37
43
42
127
127
127
127
127
127
127
127
127
127
127
127
127
127
127
127
127
127
127
127
127
127
127
127
127
127
127
127
127
127
127
127
127
127
127
127
127
127
127
127
127
127
127
127
127
127
127
127
127
127
127
127
127
127
127
127
127
127
127
127
127
127
127
127
127
127
127
127
127
127
127
127
102
114
127
127
127
127
127
127
127
127
114
100
71
71
77
120
127
123
114
100
84
72
67
65
46
44
43
49
50
47
43
45
43
43
42
42
40
39
39
37
37
33
30
37
38
38
39
39
40
40
41
40
40
34
32
38
42
40
40
40
41
41
41
41
40
33
31
35
42
41
41
41
42
42
42
42
39
33
32
33
40
41
41
41
42
42
42
42
38
32
32
32
37
41
42
41
42
42
42
42
36
32
32
32
33
39
43
42
43
42
41
41
34
32
32
32
32
37
43
43
