85
82
80
79
79
82
83
87
90
95
99
102
89
86
84
83
83
85
87
90
94
99
103
106
95
92
90
89
89
90
93
96
100
105
110
113
103
101
99
97
97
98
101
104
108
113
117
120
116
111
108
106
106
107
110
113
117
122
127
127
120
123
123
120
120
121
125
127
127
127
127
125
103
108
117
127
127
126
123
124
121
115
108
101
68
71
86
114
113
111
103
93
84
75
68
65
46
44
46
53
50
75
86
42
46
45
43
43
42
41
40
40
36
82
127
51
37
41
40
41
43
43
43
43
37
103
127
92
39
43
43
43
43
42
43
43
40
124
127
127
52
40
44
44
43
42
43
43
50
127
127
127
95
37
43
43
42
41
45
41
64
127
127
127
127
55
39
43
41
41
44
39
81
127
127
127
127
99
41
42
41
41
42
37
94
127
127
127
127
127
48
40
96
93
92
92
92
94
96
99
103
107
113
116
100
98
96
96
96
97
99
103
107
112
116
120
108
106
103
102
102
103
106
110
113
119
123
127
116
114
111
110
110
112
114
117
121
127
127
127
127
125
121
120
119
120
123
127
127
127
127
127
125
127
127
127
127
127
127
127
127
127
127
127
103
110
123
127
127
127
127
127
127
120
110
100
68
70
86
118
116
112
105
96
83
74
68
66
43
42
43
50
50
47
43
46
43
43
42
42
39
38
37
37
37
34
30
37
38
38
38
38
40
40
40
40
40
36
30
37
40
40
40
40
40
39
40
40
40
35
31
34
40
40
40
40
40
40
40
41
40
33
32
32
37
40
40
40
40
39
41
41
40
33
32
32
33
39
40
40
39
39
40
41
38
33
32
32
32
37
40
40
39
40
39
41
37
32
32
32
32
34
39
39
127
127
127
127
127
127
127
127
127
127
127
127
127
127
127
127
127
127
127
127
127
127
127
127
127
127
127
127
127
127
127
127
127
127
127
127
127
127
127
127
127
127
127
127
127
127
127
127
127
127
127
127
127
127
127
127
127
127
127
127
127
127
127
127
127
127
127
127
127
127
127
127
101
116
127
127
127
127
127
127
127
127
113
99
68
68
87
127
127
122
113
98
83
71
67
65
44
43
43
50
50
47
44
46
44
42
43
43
40
39
37
37
37
33
30
37
39
38
39
39
40
40
40
40
40
36
31
37
41
40
41
40
41
40
40
41
41
35
31
33
40
41
42
41
41
40
41
43
41
33
32
32
37
41
41
40
40
40
42
43
40
33
32
32
33
40
40
40
40
40
41
43
39
33
32
32
32
37
40
40
40
40
40
42
37
32
32
32
32
34
40
40
