84
82
79
78
78
81
82
86
90
95
99
103
88
85
83
82
82
84
86
90
94
99
103
106
94
92
89
89
89
90
92
96
100
105
109
113
103
100
98
96
96
98
100
104
108
113
116
120
114
110
107
106
106
106
109
113
116
122
127
127
120
123
122
120
120
121
125
127
127
127
127
124
103
110
121
127
127
125
123
124
120
114
106
99
67
71
96
116
113
111
101
92
83
75
68
64
44
43
48
54
50
80
82
42
46
45
43
43
41
41
40
41
36
79
127
54
36
41
41
41
43
43
43
43
36
90
127
103
40
41
43
43
43
43
43
44
37
105
127
127
63
39
43
43
43
43
43
43
38
123
127
127
120
40
43
43
43
43
43
41
43
127
127
127
127
78
40
45
43
44
43
40
53
127
127
127
127
127
53
43
44
45
44
39
61
127
127
127
127
127
74
39
95
92
92
91
91
93
96
99
102
108
111
115
99
97
96
95
95
96
99
103
106
112
116
120
107
104
102
101
101
103
105
109
113
118
123
127
116
113
110
110
110
110
113
117
121
126
127
127
127
123
120
119
118
120
122
126
127
127
127
127
126
127
127
127
127
127
127
127
127
127
127
127
103
112
127
127
127
127
127
127
127
118
108
99
67
70
98
120
116
111
103
94
82
74
68
64
43
41
46
50
50
47
44
45
43
43
42
42
39
38
37
37
37
34
30
36
37
38
38
38
40
40
40
40
40
36
31
36
40
40
40
40
40
40
40
41
40
36
32
33
40
40
40
40
40
40
40
40
40
35
32
32
36
41
40
41
40
40
40
40
40
34
32
32
33
38
41
40
41
40
40
40
40
33
32
32
32
35
40
40
41
41
41
40
39
33
32
32
32
33
38
40
127
127
127
127
127
127
127
127
127
127
127
127
127
127
127
127
127
127
127
127
127
127
127
127
127
127
127
127
127
127
127
127
127
127
127
127
127
127
127
127
127
127
127
127
127
127
127
127
127
127
127
127
127
127
127
127
127
127
127
127
127
127
127
127
127
127
127
127
127
127
127
127
102
119
127
127
127
127
127
127
127
127
111
97
66
68
103
127
127
121
110
96
82
71
67
64
43
42
47
51
50
47
45
45
44
43
43
43
39
39
37
37
37
34
30
37
39
39
39
39
40
41
40
41
40
37
31
37
41
40
40
40
40
41
41
42
41
36
32
33
40
41
40
41
41
40
40
41
40
35
32
32
37
42
42
41
41
41
41
41
40
34
32
32
33
40
43
42
41
41
41
41
40
33
32
32
32
35
41
42
42
42
42
40
40
33
32
32
32
33
38
41
