82
81
79
78
78
81
82
86
90
95
99
103
87
85
83
82
82
84
86
90
94
99
103
106
94
91
89
89
89
90
92
96
100
105
109
113
103
99
97
96
96
97
100
104
108
113
117
121
113
110
107
106
106
106
109
113
117
123
127
127
123
124
121
120
120
122
124
127
127
127
127
122
106
118
127
127
127
123
123
122
117
112
104
97
69
88
114
113
113
107
98
90
82
74
68
64
43
47
54
52
58
96
55
44
47
46
45
44
41
40
41
40
40
120
106
39
39
41
41
41
43
42
43
42
39
127
127
74
38
43
43
43
43
43
44
43
44
127
127
127
49
41
43
43
44
45
43
40
49
127
127
127
96
37
44
43
43
43
43
40
55
127
127
127
127
63
38
43
43
43
43
40
64
127
127
127
127
114
47
41
43
44
44
39
71
127
127
127
127
127
65
38
95
92
90
91
91
93
96
99
102
108
111
115
99
97
95
95
95
96
99
103
106
112
116
120
106
105
103
101
101
103
105
109
113
118
123
127
115
113
110
109
109
111
113
117
121
126
127
127
127
122
120
119
118
120
122
126
127
127
127
127
127
127
127
127
127
127
127
127
127
127
127
125
109
125
127
127
127
127
127
127
123
114
105
96
68
89
119
117
113
108
99
89
81
73
68
65
42
45
50
50
49
44
46
46
44
43
43
43
39
37
37
37
37
32
33
37
38
38
38
39
40
40
40
40
40
33
32
37
40
40
40
40
40
40
40
40
40
34
32
34
40
40
40
40
40
41
40
40
40
33
32
32
37
40
41
41
40
40
40
41
39
33
32
32
33
38
40
40
40
40
40
41
39
33
32
32
32
35
39
40
41
40
41
42
38
33
32
32
32
33
38
40
127
127
127
127
127
127
127
127
127
127
127
127
127
127
127
127
127
127
127
127
127
127
127
127
127
127
127
127
127
127
127
127
127
127
127
127
127
127
127
127
127
127
127
127
127
127
127
127
127
127
127
127
127
127
127
127
127
127
127
127
127
127
127
127
127
127
127
127
127
127
127
127
113
127
127
127
127
127
127
127
127
120
105
94
66
91
127
127
123
116
104
89
78
71
67
65
43
45
51
50
49
44
47
46
44
43
43
43
40
38
37
37
37
31
33
39
39
39
40
40
41
40
40
40
40
33
32
39
41
40
40
40
40
40
42
41
41
35
31
35
41
41
41
40
41
42
41
41
40
33
32
32
37
41
42
42
41
41
40
42
40
33
32
32
33
39
41
41
41
40
40
42
40
33
32
32
32
35
40
40
42
41
41
42
39
33
32
32
32
33
39
40
