82
80
79
78
78
81
84
86
90
95
98
102
87
85
83
82
82
84
87
90
94
99
103
106
95
92
89
89
89
90
92
96
100
105
110
113
103
99
97
96
96
98
100
104
108
113
117
121
112
109
107
106
106
106
110
113
118
123
127
127
126
123
121
120
120
122
125
127
127
127
122
116
123
127
127
126
121
123
122
119
115
108
99
93
96
116
114
113
109
102
94
86
78
73
68
67
48
54
52
63
96
55
47
48
47
47
47
47
40
40
36
69
127
62
38
42
41
42
42
42
42
41
40
110
127
85
38
43
43
43
43
43
43
40
61
127
127
108
37
43
43
43
43
43
42
40
115
127
127
127
41
43
43
43
45
44
38
72
127
127
127
127
47
42
42
43
45
46
50
122
127
127
127
127
59
40
42
42
43
44
69
127
127
127
127
127
70
40
42
42
41
42
95
92
92
91
91
93
96
99
103
108
111
115
99
97
96
95
95
97
99
103
107
112
116
120
107
105
102
101
101
103
106
110
113
118
123
127
115
113
110
110
109
111
113
117
121
127
127
127
124
122
120
119
118
120
123
127
127
127
127
127
127
127
127
127
127
127
127
127
127
127
125
118
127
127
127
127
127
127
127
125
117
108
99
92
98
120
117
115
110
104
94
85
78
72
68
67
47
50
50
50
46
47
47
46
45
46
45
45
37
37
37
36
30
36
38
38
39
39
40
40
40
39
40
35
31
37
40
40
40
40
40
40
40
40
40
33
32
36
40
40
40
40
40
40
40
40
36
32
32
34
40
41
40
40
41
40
41
39
33
32
32
33
40
40
40
40
41
41
40
36
32
32
32
32
40
40
40
40
40
40
40
33
32
32
32
32
39
41
40
40
39
39
127
127
127
127
127
127
127
127
127
127
127
127
127
127
127
127
127
127
127
127
127
127
127
127
127
127
127
127
127
127
127
127
127
127
127
127
127
127
127
127
127
127
127
127
127
127
127
127
127
127
127
127
127
127
127
127
127
127
127
127
127
127
127
127
127
127
127
127
127
127
127
122
127
127
127
127
127
127
127
127
125
110
97
89
102
127
127
125
119
108
96
83
75
71
68
67
47
52
51
50
46
47
47
47
46
45
46
46
37
37
38
35
30
36
38
39
40
40
40
40
40
40
41
36
31
37
40
40
40
40
40
40
40
41
40
33
32
36
40
41
41
41
40
41
41
41
37
32
32
34
41
42
40
41
43
42
41
39
33
32
32
33
41
41
40
40
43
43
41
35
31
32
32
32
40
41
40
40
41
42
40
33
31
32
32
32
39
41
40
40
40
40
