83
79
78
78
78
78
81
85
89
93
96
100
87
84
82
81
81
82
85
88
92
97
101
105
94
92
89
87
87
88
91
94
98
103
108
112
103
99
97
96
95
96
98
102
106
111
116
120
112
109
106
105
104
105
107
111
116
122
127
127
126
123
120
119
119
120
123
125
127
125
121
116
123
127
127
125
123
124
122
119
114
108
101
94
96
117
114
113
111
103
96
89
81
76
72
70
49
54
47
80
90
48
50
50
49
50
50
50
40
33
56
127
92
35
41
41
42
43
43
43
38
57
113
127
82
37
43
42
43
43
43
43
51
112
127
127
54
40
43
42
43
43
43
43
124
127
127
127
41
43
43
43
43
43
43
43
127
127
127
92
39
44
44
44
43
43
43
42
127
127
127
61
41
44
45
44
43
43
43
42
127
127
127
45
43
43
44
44
45
44
44
42
94
92
89
89
89
91
93
97
101
106
110
113
99
96
94
93
93
95
97
101
105
110
114
118
107
103
101
99
99
101
103
107
111
116
121
126
115
112
110
108
108
109
111
115
120
124
127
127
125
122
120
118
117
118
120
124
127
127
127
127
127
127
127
127
127
127
127
127
127
127
123
116
127
127
127
127
127
127
127
124
117
109
100
94
96
121
119
115
111
105
96
88
81
75
73
71
46
50
51
48
47
48
47
47
47
47
48
48
37
37
37
31
34
38
38
38
40
40
40
40
40
39
35
31
37
40
40
39
40
40
39
40
40
36
32
33
39
40
40
40
40
40
40
40
35
32
32
35
40
40
40
40
40
41
40
40
33
32
32
37
41
41
40
40
40
40
40
39
32
32
33
40
42
41
41
41
41
40
41
39
32
32
33
41
41
40
41
41
42
41
42
40
127
127
127
127
127
127
127
127
127
127
127
127
127
127
127
127
127
127
127
127
127
127
127
127
127
127
127
127
127
127
127
127
127
127
127
127
127
127
127
127
127
127
127
127
127
127
127
127
127
127
127
127
127
127
127
127
127
127
127
127
127
127
127
127
127
127
127
127
127
127
127
119
127
127
127
127
127
127
127
127
124
109
98
92
101
127
127
126
120
110
97
86
78
74
72
71
47
52
51
48
47
49
47
48
47
48
47
49
37
37
36
30
34
38
38
39
40
40
40
41
41
39
35
31
38
41
40
40
40
40
40
40
40
36
32
33
40
41
41
40
41
41
41
41
35
32
32
35
41
41
40
40
41
42
40
40
33
32
32
38
42
42
41
41
40
41
41
40
32
32
33
41
43
42
42
42
41
41
41
40
32
32
33
43
43
41
42
42
43
42
42
40
