82
80
78
77
76
78
79
83
87
92
95
99
86
84
82
80
80
81
82
86
90
96
99
103
94
91
89
86
86
87
89
92
96
102
106
110
103
100
97
95
94
95
96
100
104
110
114
118
113
110
107
105
103
104
106
110
113
120
124
127
127
124
120
119
118
120
121
123
125
125
122
117
116
127
127
127
123
124
123
120
116
111
104
97
80
110
116
114
113
106
99
92
85
79
75
73
45
52
49
64
99
55
50
51
50
50
50
51
41
34
43
113
114
40
40
42
42
43
43
43
38
49
95
127
107
38
41
43
43
43
43
43
44
92
127
127
73
38
43
43
43
44
44
43
107
127
127
127
49
42
44
43
43
43
43
45
127
127
127
108
39
43
45
43
42
41
43
45
127
127
127
72
38
43
45
45
43
42
43
43
127
127
127
50
41
42
46
45
43
43
41
40
94
91
89
89
88
89
92
96
99
103
108
113
99
96
93
92
92
93
96
99
103
108
113
117
107
103
101
99
98
99
102
106
110
115
120
124
116
112
110
107
106
107
110
113
117
123
127
127
126
122
120
117
116
117
119
123
127
127
127
127
127
127
127
127
127
127
127
127
127
127
126
120
121
127
127
127
127
127
127
126
120
112
103
96
79
113
121
116
113
108
99
92
83
78
75
73
43
50
51
49
47
49
48
49
48
48
50
50
37
37
37
33
32
37
37
38
40
40
40
41
40
39
36
32
36
40
39
39
40
40
39
40
40
37
33
32
39
41
40
40
40
40
40
40
36
33
32
34
40
40
40
40
40
40
40
41
33
32
32
36
40
40
41
41
40
39
41
41
32
32
33
39
40
40
41
41
40
40
40
40
32
32
33
40
40
40
41
41
41
40
38
38
127
127
127
127
127
127
127
127
127
127
127
127
127
127
127
127
127
127
127
127
127
127
127
127
127
127
127
127
127
127
127
127
127
127
127
127
127
127
127
127
127
127
127
127
127
127
127
127
127
127
127
127
127
127
127
127
127
127
127
127
127
127
127
127
127
127
127
127
127
127
127
123
127
127
127
127
127
127
127
127
127
113
101
94
78
123
127
127
123
114
103
90
82
77
75
73
43
50
53
50
47
49
49
49
48
49
50
50
39
38
37
32
32
37
38
39
40
40
40
42
41
40
37
32
36
40
40
40
40
40
40
40
40
37
33
32
39
42
41
40
40
41
42
41
36
33
32
34
41
42
42
41
40
40
40
42
33
32
32
36
41
41
43
42
40
40
41
42
32
32
33
39
41
40
43
42
40
40
40
41
32
32
33
41
41
40
43
43
42
41
39
39
