82
78
76
76
76
77
78
82
86
91
94
98
86
83
81
80
79
80
82
85
89
95
99
103
94
91
89
86
85
86
88
92
96
101
106
110
103
100
97
94
93
94
96
99
103
109
113
117
113
110
107
104
103
103
105
109
113
118
123
127
126
124
121
119
117
118
120
123
125
126
123
119
113
126
127
127
122
123
123
121
117
113
106
99
75
103
117
114
114
108
101
95
86
81
77
75
44
50
52
54
100
63
49
51
51
50
52
52
41
37
34
91
127
51
38
42
43
43
43
43
39
41
74
127
127
47
40
42
43
43
42
43
40
67
127
127
109
40
43
42
43
43
44
43
71
127
127
127
81
37
45
43
41
42
43
45
127
127
127
127
58
39
43
43
42
43
42
44
127
127
127
127
43
41
42
43
43
43
43
43
127
127
127
109
37
43
42
43
42
42
44
44
94
91
89
87
88
89
91
95
99
103
107
113
99
96
93
92
92
92
95
99
103
107
112
116
107
103
100
99
98
99
101
105
109
113
119
123
116
113
109
107
106
107
109
113
116
122
127
127
127
123
119
117
116
116
118
122
126
127
127
127
127
127
127
127
127
127
127
127
127
127
127
120
116
127
127
127
127
127
127
127
122
113
105
99
73
105
123
119
114
110
102
94
85
80
77
75
42
47
52
50
47
49
48
48
49
49
50
51
37
37
37
34
32
37
37
38
40
40
40
40
40
40
37
33
33
39
39
39
39
40
39
39
40
38
33
31
35
40
40
40
40
40
40
40
37
33
32
33
38
41
41
40
40
40
40
41
33
32
32
33
39
40
40
41
40
40
40
41
32
32
32
34
40
40
40
41
40
40
40
41
32
32
32
35
40
40
40
41
40
40
41
40
127
127
127
127
127
127
127
127
127
127
127
127
127
127
127
127
127
127
127
127
127
127
127
127
127
127
127
127
127
127
127
127
127
127
127
127
127
127
127
127
127
127
127
127
127
127
127
127
127
127
127
127
127
127
127
127
127
127
127
127
127
127
127
127
127
127
127
127
127
127
127
125
127
127
127
127
127
127
127
127
127
116
104
96
71
110
127
127
124
116
105
92
83
79
76
75
42
47
52
51
47
49
49
50
50
49
50
50
38
37
37
33
31
37
38
39
40
40
40
42
41
40
37
33
33
41
40
40
40
40
40
40
41
39
33
31
37
42
42
40
40
41
42
41
38
33
32
33
39
42
42
41
40
40
41
42
33
32
32
33
40
41
41
42
40
40
40
42
32
32
32
34
41
41
40
42
41
40
41
42
32
32
32
36
41
41
40
41
40
40
42
41
