82
78
76
75
75
76
78
81
85
89
94
98
87
83
81
79
78
79
82
84
89
93
98
102
95
91
88
85
85
85
88
90
95
99
104
108
103
100
96
94
93
93
95
98
102
107
112
116
114
110
106
104
103
103
104
107
111
116
123
127
126
125
121
119
117
117
119
122
124
125
124
120
110
122
127
127
123
123
123
122
119
114
109
103
71
92
117
115
114
110
103
98
90
84
80
78
43
47
54
47
90
78
49
51
52
51
53
54
40
40
33
56
127
82
37
41
43
43
43
43
43
39
48
110
127
81
38
42
42
43
42
42
41
43
93
127
127
67
39
43
43
43
43
43
35
86
127
127
127
59
41
43
43
43
43
43
82
127
127
127
127
50
42
43
43
43
42
43
127
127
127
127
127
45
43
45
44
43
42
42
127
127
127
127
115
43
43
45
45
44
42
42
94
92
89
88
87
88
89
93
97
103
107
111
99
96
93
92
91
92
93
97
101
106
111
115
107
103
100
98
97
98
99
103
107
113
117
121
116
113
109
106
106
106
107
111
115
120
125
127
127
123
119
116
116
116
117
120
125
127
127
127
127
127
127
127
127
127
127
127
127
127
127
123
113
127
127
127
127
127
127
127
123
116
108
102
70
93
121
120
116
112
105
97
89
83
79
78
42
45
51
51
48
49
49
49
50
50
51
52
38
37
38
37
31
35
38
38
40
40
40
41
40
40
39
35
31
37
40
39
39
40
39
39
40
40
37
33
33
39
40
40
40
40
40
40
40
38
33
32
33
40
40
40
40
40
40
40
37
33
32
32
34
40
41
40
41
40
40
40
34
32
32
32
34
40
41
41
41
41
40
40
32
32
32
32
35
40
41
40
40
42
39
39
127
127
127
127
127
127
127
127
127
127
127
127
127
127
127
127
127
127
127
127
127
127
127
127
127
127
127
127
127
127
127
127
127
127
127
127
127
127
127
127
127
127
127
127
127
127
127
127
127
127
127
127
127
127
127
127
127
127
127
127
127
127
127
127
127
127
127
127
127
127
127
127
119
127
127
127
127
127
127
127
127
121
108
99
67
96
127
127
127
119
108
96
87
82
79
78
43
45
52
53
49
48
50
50
50
50
52
53
39
38
37
36
30
35
38
39
40
40
42
42
40
41
40
35
31
38
40
40
40
40
40
40
40
41
37
33
33
40
41
40
40
41
41
41
41
39
33
32
33
40
42
40
41
41
40
41
39
34
32
32
34
41
42
41
42
41
40
40
34
31
32
32
36
41
42
42
42
42
40
40
32
32
32
31
37
42
42
41
42
43
40
40
