82
78
76
75
75
76
78
81
85
89
92
98
87
83
81
79
78
79
82
84
88
92
97
102
95
91
88
85
85
85
88
90
94
99
104
108
103
100
96
94
92
93
95
98
102
106
111
116
114
110
106
104
103
103
104
107
111
116
122
127
126
126
121
120
117
117
119
122
124
125
123
121
110
123
127
127
123
123
123
122
120
115
109
103
71
95
117
115
115
110
103
98
91
85
81
78
43
48
54
49
92
75
50
51
52
53
54
54
40
41
33
60
127
77
37
40
42
43
43
43
43
38
50
116
127
76
38
41
42
42
42
42
42
43
99
127
127
64
40
43
43
43
43
44
36
92
127
127
127
56
42
44
43
42
42
44
88
127
127
127
127
47
41
44
44
42
43
43
127
127
127
127
117
40
42
44
45
43
43
42
127
127
127
127
106
38
43
43
46
44
42
42
94
91
88
86
87
88
89
93
97
102
106
111
99
96
93
91
91
92
93
96
101
106
110
115
107
103
101
98
97
98
100
103
107
112
117
121
116
113
109
106
106
106
107
111
115
120
125
127
127
123
119
116
116
116
116
120
124
127
127
127
127
127
127
127
127
127
127
127
127
127
127
123
113
127
127
127
127
127
127
127
123
117
109
102
71
96
122
119
116
112
105
97
89
84
81
78
42
46
51
51
47
48
49
49
50
50
52
53
37
37
37
36
30
36
38
38
39
40
40
41
40
40
39
34
31
38
40
39
39
39
39
39
40
40
37
32
33
40
40
40
40
40
40
41
40
37
33
32
33
40
41
40
41
39
40
40
37
33
32
32
33
40
40
40
41
40
40
40
33
32
32
32
35
40
40
40
41
41
40
40
32
32
32
32
37
40
40
40
40
41
40
39
127
127
127
127
127
127
127
127
127
127
127
127
127
127
127
127
127
127
127
127
127
127
127
127
127
127
127
127
127
127
127
127
127
127
127
127
127
127
127
127
127
127
127
127
127
127
127
127
127
127
127
127
127
127
127
127
127
127
127
127
127
127
127
127
127
127
127
127
127
127
127
127
121
127
127
127
127
127
127
127
127
120
108
99
68
100
127
127
127
119
108
96
87
83
80
78
42
47
52
52
49
48
50
50
50
50
52
54
39
37
38
36
30
35
38
39
40
41
41
42
40
41
40
35
31
39
40
40
40
40
40
40
41
41
37
32
33
40
41
40
41
40
41
42
41
37
33
31
33
41
42
42
42
40
40
41
38
33
32
32
34
40
41
42
42
40
40
40
34
32
32
32
36
40
41
42
42
42
40
40
32
32
32
32
37
41
41
41
43
42
40
40
