82
78
76
75
75
75
78
81
85
89
93
96
87
83
81
79
78
79
81
84
88
92
97
101
95
91
88
85
85
85
87
90
94
99
103
108
103
100
96
94
92
93
95
98
102
106
111
115
114
110
106
104
103
103
104
107
111
116
123
127
127
125
121
120
117
117
119
122
124
125
124
120
112
125
127
127
123
123
123
122
119
115
110
103
73
100
118
114
114
109
103
98
91
85
82
79
44
50
54
51
98
68
50
53
53
53
54
55
40
40
33
76
127
61
37
41
43
43
43
44
42
39
61
127
127
58
40
42
42
42
42
42
41
52
121
127
127
48
42
43
42
43
44
43
48
120
127
127
119
41
42
45
43
42
42
43
115
127
127
127
99
38
43
45
44
43
42
43
127
127
127
127
78
39
43
44
43
44
42
41
127
127
127
127
64
40
43
43
42
44
42
41
94
91
88
86
87
88
90
92
97
102
106
110
99
96
93
91
91
92
94
96
100
106
110
114
107
103
101
98
97
98
100
103
106
112
117
122
116
113
109
106
106
106
107
111
115
120
125
127
127
123
119
116
116
116
116
120
124
127
127
127
127
127
127
127
127
127
127
127
127
127
127
122
116
127
127
127
127
127
127
127
123
116
109
103
72
103
123
119
115
111
104
97
89
85
81
79
43
47
52
50
47
49
50
49
50
51
52
54
38
37
38
34
31
37
38
38
40
40
41
41
40
40
38
33
32
39
40
39
39
39
40
39
41
40
35
31
33
40
40
40
40
40
40
40
40
35
32
31
36
40
40
41
40
40
40
40
36
33
32
32
37
41
40
42
41
40
39
40
33
32
32
32
39
41
40
41
40
41
39
40
32
32
32
33
39
41
40
40
40
42
40
39
127
127
127
127
127
127
127
127
127
127
127
127
127
127
127
127
127
127
127
127
127
127
127
127
127
127
127
127
127
127
127
127
127
127
127
127
127
127
127
127
127
127
127
127
127
127
127
127
127
127
127
127
127
127
127
127
127
127
127
127
127
127
127
127
127
127
127
127
127
127
127
127
125
127
127
127
127
127
127
127
127
119
107
99
70
109
127
127
126
118
107
96
87
83
81
79
42
47
52
52
48
49
50
50
50
51
52
54
38
37
37
34
30
36
39
39
40
41
41
42
41
41
39
33
32
40
40
40
40
40
40
40
42
40
35
31
34
41
41
41
40
40
41
41
41
36
32
31
36
41
41
42
41
40
40
41
36
33
32
32
37
42
41
43
42
41
40
40
33
32
32
32
39
42
41
42
41
41
40
40
32
32
32
33
40
42
40
41
40
42
40
40
