82
78
76
75
75
75
78
80
84
89
93
97
87
83
81
79
78
78
80
84
88
92
97
101
95
91
88
85
85
85
86
90
94
99
103
107
103
100
96
94
92
93
95
97
102
106
111
115
114
111
106
104
103
103
104
106
111
116
123
127
127
125
122
120
117
117
119
121
123
124
122
119
120
127
127
126
123
124
122
120
118
113
108
102
88
116
116
116
115
107
103
96
90
85
83
81
47
52
47
87
90
50
54
53
54
54
57
58
34
36
77
127
71
37
42
42
43
44
44
45
48
78
127
127
52
40
43
42
41
43
42
41
89
127
127
85
37
43
43
43
42
43
43
43
127
127
127
46
44
44
44
44
43
43
42
43
127
127
82
38
45
45
44
44
44
44
42
42
127
127
45
40
44
44
43
44
44
44
43
42
127
86
36
42
43
43
43
43
43
45
43
42
94
90
88
86
86
88
89
92
96
102
106
110
99
96
93
91
90
91
92
96
100
106
110
114
107
103
100
99
96
97
99
103
106
112
116
121
116
113
109
107
105
106
108
110
114
120
124
127
127
123
120
117
115
116
116
120
124
127
127
127
127
127
127
127
127
127
127
127
127
127
125
120
127
127
127
127
127
127
127
126
121
114
107
101
89
121
121
118
114
110
103
96
90
85
82
81
44
50
52
49
48
50
50
50
52
54
54
57
38
37
35
31
35
38
39
40
40
40
41
43
40
37
33
33
38
40
40
39
38
39
39
39
37
33
32
37
41
40
40
40
40
40
40
41
33
32
33
40
41
41
40
41
40
40
40
40
32
32
37
40
40
40
40
41
40
41
39
39
32
34
39
40
40
40
40
41
40
41
40
39
32
37
40
40
40
40
40
40
40
40
40
40
127
127
127
127
127
127
127
127
127
127
127
127
127
127
127
127
127
127
127
127
127
127
127
127
127
127
127
127
127
127
127
127
127
127
127
127
127
127
127
127
127
127
127
127
127
127
127
127
127
127
127
127
127
127
127
127
127
127
127
127
127
127
127
127
127
127
127
127
127
127
127
122
127
127
127
127
127
127
127
127
127
114
105
99
91
127
127
127
123
115
103
94
88
85
83
81
45
52
53
50
49
50
50
51
53
54
55
57
39
37
35
30
36
38
39
40
41
42
42
43
40
37
33
33
40
40
40
40
39
40
40
40
38
33
31
37
42
41
41
40
40
41
41
42
33
32
33
41
43
42
42
42
41
41
40
40
32
32
37
41
42
42
42
42
42
42
40
40
32
35
39
40
42
41
41
42
42
42
40
40
33
38
40
40
41
40
40
41
41
42
41
40
