82
78
76
75
75
75
78
80
84
89
93
97
87
83
81
79
78
78
81
83
87
92
97
101
95
91
88
85
85
85
86
89
93
99
103
107
103
100
96
94
92
92
94
97
101
106
111
116
114
110
106
104
103
103
104
106
111
116
123
127
127
125
122
120
117
117
119
121
123
123
121
118
125
127
127
125
124
124
122
120
118
113
106
101
97
118
116
116
113
107
103
96
90
85
83
81
49
48
50
101
74
50
54
54
54
55
57
59
31
50
106
113
48
39
42
41
43
44
45
45
67
110
127
89
40
43
43
41
41
42
41
42
127
127
123
39
42
45
44
43
43
43
43
44
127
127
56
38
43
44
43
44
44
43
42
43
127
82
39
43
43
43
43
43
45
43
42
42
102
43
40
46
44
43
43
42
45
45
42
42
47
40
43
45
46
43
43
42
46
45
43
42
94
91
88
86
86
87
89
92
96
101
106
110
99
96
93
91
90
91
92
96
100
105
110
114
107
103
100
99
96
97
99
103
106
111
116
121
116
113
109
107
105
106
107
110
114
120
124
127
127
123
120
117
115
115
116
120
124
127
127
127
127
127
127
127
127
127
127
127
127
127
123
119
127
127
127
127
127
127
127
126
120
113
106
101
99
123
121
117
114
109
103
95
89
85
84
82
46
52
52
47
50
50
50
51
53
54
55
58
38
37
33
32
37
38
39
40
40
41
42
43
39
35
32
36
39
40
40
40
39
39
38
39
34
32
35
40
40
41
40
40
40
40
40
41
31
33
39
40
40
40
40
40
41
40
40
40
33
38
40
40
40
40
40
40
41
40
40
40
37
40
40
41
40
40
40
40
41
42
40
40
39
41
40
41
41
40
40
40
41
42
40
40
127
127
127
127
127
127
127
127
127
127
127
127
127
127
127
127
127
127
127
127
127
127
127
127
127
127
127
127
127
127
127
127
127
127
127
127
127
127
127
127
127
127
127
127
127
127
127
127
127
127
127
127
127
127
127
127
127
127
127
127
127
127
127
127
127
127
127
127
127
127
127
120
127
127
127
127
127
127
127
127
126
113
104
99
103
127
127
127
123
114
103
93
88
85
83
81
47
53
52
48
50
50
51
52
54
54
56
58
39
37
33
32
37
38
40
40
41
42
43
43
39
36
33
37
40
40
40
40
40
39
39
40
34
32
35
40
41
42
41
42
41
40
40
42
31
33
40
40
41
41
41
42
42
40
40
40
33
38
41
41
41
41
41
41
43
41
40
40
37
41
41
43
42
41
41
41
43
43
40
40
40
42
40
43
43
42
41
40
43
43
40
40
