82
78
76
75
75
75
77
79
83
88
92
96
87
83
81
79
78
78
80
83
87
92
96
100
95
91
88
85
84
85
86
89
93
98
102
107
103
100
96
94
92
92
94
97
101
106
110
116
114
110
107
104
103
103
103
106
111
117
124
127
127
125
123
120
117
117
118
121
123
123
120
117
127
127
127
126
125
123
121
120
117
113
106
101
110
117
116
118
111
106
102
96
91
86
84
83
46
48
79
99
54
52
54
54
56
57
59
61
56
97
105
66
40
41
42
43
43
44
45
46
113
124
92
44
40
43
43
43
42
41
41
42
127
89
39
40
43
44
43
43
43
42
43
44
68
43
42
42
43
43
43
43
43
43
42
43
42
40
43
43
44
43
44
43
43
43
42
43
40
44
43
43
44
45
44
43
44
43
43
43
43
43
41
43
43
46
45
44
45
44
44
43
94
91
88
87
86
87
89
92
96
101
106
110
99
96
92
91
90
91
92
96
99
105
110
113
107
104
100
98
96
97
99
102
106
111
116
120
116
113
110
107
105
105
106
110
114
119
124
127
127
123
120
117
115
115
116
120
124
127
127
127
127
127
127
127
127
127
127
127
127
127
122
117
127
127
127
127
127
127
127
124
119
112
105
100
113
123
120
117
114
108
102
95
90
86
85
83
50
52
50
48
51
51
51
52
54
56
57
60
36
33
33
36
37
38
39
40
40
42
43
43
34
34
36
39
39
39
40
40
39
38
38
38
33
38
40
39
40
40
40
41
40
40
40
40
38
40
40
40
40
40
40
40
40
40
40
40
40
41
40
40
41
41
41
40
40
40
40
40
40
40
40
40
41
41
41
40
40
40
40
40
40
40
39
40
41
41
41
40
41
41
42
40
127
127
127
127
127
127
127
127
127
127
127
127
127
127
127
127
127
127
127
127
127
127
127
127
127
127
127
127
127
127
127
127
127
127
127
127
127
127
127
127
127
127
127
127
127
127
127
127
127
127
127
127
127
127
127
127
127
127
127
127
127
127
127
127
127
127
127
127
127
127
127
117
127
127
127
127
127
127
127
127
122
110
103
99
123
127
127
127
121
113
101
92
89
86
85
83
50
53
50
48
51
51
52
53
54
57
58
61
36
33
33
36
38
39
40
40
41
43
43
44
35
35
37
40
40
40
40
40
40
39
39
39
33
39
41
40
41
41
41
42
41
40
40
41
39
41
41
40
42
41
41
41
41
41
40
40
40
42
41
40
42
42
42
41
41
41
40
41
40
41
40
40
42
42
42
41
42
41
40
41
40
40
39
41
42
43
42
42
43
42
42
40
