82
78
76
75
75
75
76
79
83
88
92
96
87
83
81
78
78
78
80
82
86
92
96
100
95
91
88
85
84
85
86
89
92
98
102
107
103
100
96
94
92
92
94
96
100
105
110
116
114
111
107
104
103
103
103
106
110
117
124
127
127
125
123
120
117
117
118
121
123
123
120
116
127
127
127
127
125
123
121
120
117
112
106
100
113
117
117
119
111
106
102
96
91
86
85
83
45
54
89
89
52
54
54
55
57
58
60
62
78
101
87
55
40
41
42
43
43
44
46
47
114
106
68
40
41
42
43
42
41
40
41
41
106
50
37
43
42
43
43
43
43
42
42
43
46
42
42
43
42
44
44
43
44
43
43
43
39
42
43
42
43
46
45
44
44
44
43
43
43
43
43
41
43
46
46
46
44
44
43
44
42
43
43
41
42
43
45
47
44
45
44
45
94
91
88
87
86
87
89
92
96
100
104
110
99
96
92
91
90
90
92
96
99
104
109
113
107
104
100
98
96
96
98
102
106
110
116
120
116
113
110
107
105
105
106
110
113
119
123
127
127
123
120
117
115
115
116
120
124
127
127
127
127
127
127
127
127
127
127
127
127
126
121
116
127
127
127
127
127
127
127
124
119
111
105
100
118
123
120
117
114
108
102
95
90
86
85
83
50
51
49
49
51
51
52
53
54
57
59
61
34
33
34
37
37
38
40
40
40
41
43
44
34
35
37
40
39
39
40
39
39
37
38
38
37
40
40
40
40
40
40
40
40
40
40
40
40
41
40
40
40
41
41
41
40
40
40
40
42
40
40
40
40
41
41
40
41
41
40
41
40
40
40
39
40
41
41
40
41
41
40
41
39
40
40
39
39
40
40
40
41
41
40
41
127
127
127
127
127
127
127
127
127
127
127
127
127
127
127
127
127
127
127
127
127
127
127
127
127
127
127
127
127
127
127
127
127
127
127
127
127
127
127
127
127
127
127
127
127
127
127
127
127
127
127
127
127
127
127
127
127
127
127
127
127
127
127
127
127
127
127
127
127
127
124
116
127
127
127
127
127
127
127
127
121
109
103
99
127
127
127
127
120
112
100
92
89
86
85
83
51
52
49
49
51
51
52
54
55
57
59
61
34
33
33
37
37
38
40
40
42
42
43
45
35
36
38
40
40
40
40
40
40
38
39
39
37
40
41
41
40
41
41
41
41
40
40
41
41
41
40
41
40
42
42
42
41
41
40
41
43
40
40
40
40
43
43
42
42
42
41
41
41
40
40
40
40
43
43
42
42
42
41
41
40
40
40
40
40
41
42
43
42
42
41
42
