82
79
77
75
74
75
76
78
82
87
91
95
87
84
81
78
78
78
79
82
85
90
95
98
95
92
88
85
84
84
85
88
92
96
101
106
104
101
97
94
92
92
93
96
99
104
110
116
115
111
107
104
102
101
103
105
110
117
124
127
127
126
122
120
118
117
118
120
123
123
120
116
127
127
127
127
126
123
122
120
118
113
106
101
110
119
118
120
112
107
103
96
92
88
86
85
46
65
90
78
52
54
54
56
57
60
62
64
89
88
70
50
40
41
42
43
44
44
46
47
101
81
53
40
42
42
41
43
42
41
40
41
56
38
41
44
43
43
42
44
44
43
43
43
43
42
45
44
42
43
43
44
43
43
43
45
42
43
45
43
41
42
43
43
44
43
43
44
43
43
44
43
42
41
43
43
44
43
43
43
43
43
43
43
43
41
43
44
43
43
45
43
94
91
88
85
85
86
86
91
95
99
104
108
99
96
92
90
89
90
91
94
98
103
108
112
108
104
100
98
96
96
98
100
104
110
115
119
117
113
110
106
104
104
106
109
113
117
123
127
127
123
120
116
114
114
116
119
123
127
127
127
127
127
127
127
127
127
127
127
127
126
120
116
127
127
127
127
127
127
127
124
118
112
105
101
114
123
120
118
115
109
103
96
91
88
86
85
50
51
48
50
52
52
52
54
55
59
61
64
34
33
35
37
38
38
38
40
41
43
43
45
35
37
39
40
40
39
38
39
39
38
37
38
39
40
40
40
41
40
40
40
40
40
40
40
41
40
41
41
40
40
40
41
40
40
40
41
41
40
41
40
38
39
40
41
41
40
40
40
40
40
41
40
39
39
40
41
41
40
40
40
40
41
41
40
40
39
40
41
40
40
41
40
127
127
127
127
127
127
127
127
127
127
127
127
127
127
127
127
127
127
127
127
127
127
127
127
127
127
127
127
127
127
127
127
127
127
127
127
127
127
127
127
127
127
127
127
127
127
127
127
127
127
127
127
127
127
127
127
127
127
127
127
127
127
127
127
127
127
127
127
127
127
123
114
127
127
127
127
127
127
127
127
120
109
103
100
123
127
127
127
122
113
102
94
90
88
86
85
50
51
50
50
52
52
53
54
56
59
61
64
33
33
35
37
38
38
40
41
42
43
44
46
36
37
40
41
40
40
39
40
40
39
38
39
40
41
42
42
41
40
40
42
42
41
41
41
42
41
42
42
40
40
41
42
41
41
41
42
42
40
42
41
39
40
41
42
42
41
41
41
41
40
42
41
40
39
41
42
42
41
42
41
41
41
41
41
41
40
41
42
41
41
43
40
