82
78
76
73
73
73
74
76
79
84
88
92
88
84
81
78
77
76
77
79
82
87
92
96
96
92
89
85
83
82
83
85
89
93
97
102
105
102
98
94
92
91
92
93
97
101
106
112
117
112
108
105
103
101
101
103
106
112
120
127
127
127
124
120
118
117
117
118
121
123
123
120
116
127
127
127
127
126
123
121
120
117
112
105
75
99
120
120
119
112
107
103
97
92
90
89
37
47
73
89
69
53
54
56
58
60
64
65
78
89
79
61
46
40
41
42
43
44
46
47
101
93
69
44
40
42
43
42
42
40
40
41
77
47
39
42
42
43
45
43
43
43
42
43
44
43
42
43
42
43
44
44
44
44
43
43
41
41
43
43
44
43
43
43
43
44
44
44
43
40
43
43
45
45
43
43
43
44
45
44
40
40
43
43
44
45
44
43
43
44
45
43
95
91
87
85
83
85
85
88
91
96
99
105
100
96
92
90
88
89
89
92
95
100
104
109
109
105
101
98
96
95
96
98
101
106
111
116
118
114
110
106
104
103
104
106
110
114
119
123
127
126
121
117
115
113
114
116
120
125
127
127
127
127
127
127
127
127
127
127
127
127
124
120
120
127
127
127
127
127
127
127
123
117
110
106
74
103
125
122
118
114
108
102
96
92
90
89
42
47
50
50
50
51
52
54
55
58
62
64
36
33
34
36
37
37
38
40
40
42
43
45
37
37
38
39
40
39
39
39
39
37
37
38
38
40
41
40
40
40
41
41
40
40
40
40
41
40
40
40
40
40
40
40
41
41
40
40
41
40
40
40
41
40
40
40
40
40
41
40
40
38
40
40
42
40
40
40
40
40
41
40
38
37
40
40
41
40
41
40
40
41
41
41
127
127
127
127
127
127
127
127
127
127
127
127
127
127
127
127
127
127
127
127
127
127
127
127
127
127
127
127
127
127
127
127
127
127
127
127
127
127
127
127
127
127
127
127
127
127
127
127
127
127
127
127
127
127
127
127
127
127
127
127
127
127
127
127
127
127
127
127
127
127
127
120
127
127
127
127
127
127
127
127
127
116
108
104
71
107
127
127
127
121
110
99
94
92
90
89
43
47
50
50
50
52
52
53
56
58
62
64
36
33
34
36
37
38
38
40
41
42
43
46
37
37
39
40
40
40
40
40
40
39
38
39
39
41
42
41
40
40
42
42
41
41
40
41
42
41
40
40
41
40
42
41
42
42
41
41
42
40
40
41
42
41
41
40
41
42
42
42
40
38
40
41
42
41
41
40
41
42
42
42
38
38
40
41
41
42
42
41
40
42
43
42
