83
80
76
74
71
71
72
74
77
80
84
88
89
85
82
78
76
75
76
78
80
84
88
92
96
93
89
86
84
82
82
84
86
90
94
98
107
103
99
95
92
91
91
92
95
99
103
106
120
116
110
106
103
101
101
103
105
108
113
119
124
127
127
123
120
118
117
117
120
122
123
124
104
111
120
127
127
127
127
124
123
122
120
116
68
71
84
115
119
120
113
109
105
100
96
93
44
43
39
47
84
91
54
55
57
58
61
63
33
35
61
102
97
59
40
41
42
43
45
46
56
84
116
120
82
43
41
41
41
42
41
40
112
127
127
72
38
43
43
42
43
44
43
43
127
127
61
42
43
42
43
42
43
45
45
44
120
68
40
40
41
42
43
44
44
44
44
44
58
36
41
43
40
41
43
45
44
43
43
43
36
41
43
43
41
40
43
43
43
43
43
42
95
92
88
85
83
82
84
85
89
92
96
101
101
97
93
90
88
87
88
89
92
96
100
105
110
106
103
98
96
95
95
96
99
103
107
111
120
116
112
107
105
103
103
105
107
111
115
119
127
127
124
119
116
114
113
115
117
121
126
127
127
127
127
127
127
127
127
127
127
127
127
127
106
115
127
127
127
127
127
127
127
125
120
115
67
71
85
121
123
120
115
110
104
99
96
93
42
42
43
50
49
48
52
53
54
56
60
61
39
38
36
33
33
36
37
39
39
40
43
43
39
37
36
34
37
40
39
39
38
39
38
37
35
33
33
39
41
40
40
39
40
41
40
40
31
34
39
42
40
40
40
39
40
40
41
40
35
39
40
41
39
40
41
40
40
40
40
40
39
40
40
40
38
39
41
41
41
40
40
40
40
39
40
41
39
37
41
41
40
40
41
40
127
127
127
127
127
127
127
127
127
127
127
127
127
127
127
127
127
127
127
127
127
127
127
127
127
127
127
127
127
127
127
127
127
127
127
127
127
127
127
127
127
127
127
127
127
127
127
127
127
127
127
127
127
127
127
127
127
127
127
127
127
127
127
127
127
127
127
127
127
127
127
127
106
121
127
127
127
127
127
127
127
127
121
113
65
68
85
127
127
127
122
112
103
97
95
93
43
42
43
51
50
49
52
53
54
57
60
62
40
39
37
33
33
36
37
40
40
41
43
43
40
38
36
35
37
40
40
40
39
40
39
38
35
33
33
40
42
41
40
40
41
42
41
41
31
34
40
43
41
40
41
40
41
42
42
41
35
39
41
42
40
40
42
41
42
41
41
41
40
41
41
41
39
40
42
42
42
41
41
41
40
40
41
42
40
38
41
42
41
40
41
40
