84
81
78
75
72
72
72
74
76
79
83
86
89
86
82
79
77
76
76
78
80
83
87
90
98
94
90
87
85
83
83
84
86
89
93
96
109
105
100
96
94
92
92
92
95
97
101
104
122
119
113
108
105
103
103
103
105
107
110
113
114
120
126
126
122
120
119
119
120
121
124
125
92
100
110
127
127
127
127
124
124
124
124
123
63
65
71
100
120
118
117
114
109
106
103
102
43
43
43
49
54
55
66
92
74
50
56
62
41
41
41
40
40
40
43
68
112
92
47
36
43
43
43
43
43
42
39
49
104
127
99
61
43
43
42
44
44
43
43
40
44
127
127
127
44
43
43
44
44
43
43
43
40
57
127
127
44
43
43
43
44
44
43
43
42
38
79
127
43
43
43
44
43
43
43
43
43
39
41
97
43
45
43
45
43
42
42
42
42
41
40
47
96
92
89
86
84
83
83
85
87
90
94
99
102
98
94
92
89
88
88
89
92
95
99
103
111
107
103
99
97
96
96
96
99
102
106
109
121
118
114
109
106
105
104
105
107
110
114
117
127
127
127
121
118
116
115
115
118
120
123
127
116
124
127
127
127
127
127
127
127
127
127
127
90
99
113
127
127
127
127
127
127
127
127
124
63
65
70
103
126
121
118
114
110
106
103
101
43
42
41
47
51
51
51
50
53
56
58
60
39
38
38
37
37
37
37
37
34
37
40
43
40
40
40
40
40
39
39
39
34
32
33
37
40
40
40
40
41
40
40
41
40
34
32
34
41
40
40
40
41
40
40
40
41
38
33
31
41
40
40
40
41
41
40
40
41
40
38
33
40
40
41
40
40
40
40
40
40
40
40
38
40
41
40
42
40
40
39
39
40
39
40
42
127
127
127
127
127
127
127
127
127
127
127
127
127
127
127
127
127
127
127
127
127
127
127
127
127
127
127
127
127
127
127
127
127
127
127
127
127
127
127
127
127
127
127
127
127
127
127
127
127
127
127
127
127
127
127
127
127
127
127
127
120
127
127
127
127
127
127
127
127
127
127
127
88
99
120
127
127
127
127
127
127
127
127
127
63
64
68
108
127
127
127
119
111
105
101
99
43
43
42
47
52
53
52
50
53
57
58
61
39
40
39
37
37
37
37
37
34
37
41
43
40
41
41
40
40
40
40
40
35
33
34
37
41
40
40
41
42
41
41
42
41
34
33
35
42
41
40
42
42
41
41
40
42
40
33
31
41
40
41
41
42
42
41
41
42
41
38
33
41
41
41
42
41
41
40
40
40
40
41
39
40
42
41
43
40
40
40
40
40
39
40
43
