83
80
77
74
71
71
71
74
76
79
83
87
89
85
82
78
76
75
75
77
79
83
87
91
97
93
89
86
84
82
82
83
85
89
93
97
107
103
99
96
92
91
91
92
94
98
102
105
121
116
111
106
104
102
101
102
104
107
111
115
121
127
127
123
121
119
118
118
120
121
124
125
100
110
127
127
127
127
125
123
124
124
124
122
65
71
105
120
119
118
115
110
107
105
103
101
44
43
50
54
56
61
87
82
54
54
61
64
41
40
40
41
41
42
57
96
106
63
38
38
43
43
42
42
42
40
43
79
125
117
77
49
43
43
43
43
43
43
43
37
80
127
127
99
43
42
42
44
44
43
43
43
41
82
127
127
43
43
43
44
44
43
43
45
40
45
96
127
43
43
43
44
43
43
44
45
45
38
47
104
44
43
42
43
43
43
46
46
44
43
37
46
96
92
88
85
83
82
82
85
88
92
96
99
101
97
93
90
88
87
87
89
92
96
99
103
110
106
103
98
96
95
95
96
99
102
106
110
120
116
112
108
106
103
103
105
107
110
114
117
127
127
123
120
116
115
114
115
117
120
124
127
125
127
127
127
127
127
127
127
127
127
127
127
99
113
127
127
127
127
127
127
127
127
126
123
64
70
107
125
121
119
115
111
108
105
103
101
42
41
47
51
51
51
51
52
56
58
61
63
38
38
37
37
37
37
37
35
35
40
42
43
40
40
40
40
39
39
39
37
33
33
35
37
40
40
40
40
40
40
40
41
39
33
33
36
40
40
40
41
41
40
40
40
41
38
33
32
40
40
40
40
41
40
40
41
41
40
37
32
40
40
40
40
41
40
40
41
41
41
39
36
41
41
40
40
40
41
41
41
41
40
40
40
127
127
127
127
127
127
127
127
127
127
127
127
127
127
127
127
127
127
127
127
127
127
127
127
127
127
127
127
127
127
127
127
127
127
127
127
127
127
127
127
127
127
127
127
127
127
127
127
127
127
127
127
127
127
127
127
127
127
127
127
127
127
127
127
127
127
127
127
127
127
127
127
98
119
127
127
127
127
127
127
127
127
127
122
64
68
114
127
127
127
120
113
106
103
101
100
43
42
48
52
52
52
50
52
57
59
61
64
39
39
37
37
37
37
37
36
36
41
43
44
40
41
40
40
40
40
40
37
33
34
36
37
40
41
40
41
40
41
42
42
39
33
33
36
41
40
40
42
42
41
41
42
42
39
33
32
41
41
40
42
42
40
41
42
42
41
37
32
41
41
40
42
42
41
42
42
42
42
40
36
42
42
40
41
41
42
43
43
42
41
40
40
