83
79
75
74
71
71
72
74
77
81
85
87
89
85
81
78
76
75
76
78
80
85
89
92
97
93
89
86
84
82
82
84
86
91
95
99
106
103
99
95
92
91
91
92
95
99
103
106
118
113
110
106
103
101
101
103
105
109
113
119
127
127
127
123
120
118
117
117
120
123
125
125
122
127
127
127
127
124
123
124
124
123
123
120
85
118
120
118
119
114
110
108
106
104
102
101
46
53
54
54
71
98
61
51
60
63
66
68
40
40
40
40
43
95
120
63
35
40
47
47
43
42
42
42
37
72
127
120
65
38
37
40
43
43
43
43
43
38
127
127
127
65
43
42
43
42
46
44
44
38
75
127
127
127
81
38
43
43
44
45
44
41
47
127
127
127
127
98
43
43
43
45
44
43
37
89
127
127
127
127
43
43
44
44
43
44
37
58
127
127
127
127
95
92
88
85
83
82
84
85
89
92
97
101
101
97
93
90
88
87
88
89
92
96
101
105
110
106
103
98
96
95
95
96
99
103
107
111
120
116
112
107
105
103
103
105
107
111
115
119
127
127
123
119
116
114
114
116
118
121
126
127
127
127
127
127
127
127
127
127
127
127
127
127
127
127
127
127
127
127
127
127
127
126
123
119
86
122
123
121
118
115
111
108
106
103
102
100
43
50
51
51
51
50
53
57
58
61
64
67
37
37
37
37
37
34
33
38
41
42
43
44
40
40
39
39
40
37
31
33
37
37
37
37
40
40
40
40
41
40
35
32
34
38
40
40
40
40
40
40
41
40
37
33
32
34
39
40
40
40
40
40
41
41
40
34
32
32
34
37
40
40
40
40
41
41
40
37
32
32
31
33
40
41
40
40
41
41
40
38
33
32
32
32
127
127
127
127
127
127
127
127
127
127
127
127
127
127
127
127
127
127
127
127
127
127
127
127
127
127
127
127
127
127
127
127
127
127
127
127
127
127
127
127
127
127
127
127
127
127
127
127
127
127
127
127
127
127
127
127
127
127
127
127
127
127
127
127
127
127
127
127
127
127
127
127
127
127
127
127
127
127
127
127
127
127
122
116
87
127
127
127
127
120
113
107
103
102
101
100
44
50
52
51
51
50
54
57
59
61
64
67
39
37
37
37
37
34
33
39
42
42
44
45
41
40
40
40
40
37
31
33
37
37
39
38
41
40
41
41
42
41
35
32
34
39
42
41
40
40
42
42
42
42
38
33
32
34
39
41
41
40
41
42
43
42
40
34
32
32
34
37
41
41
41
42
43
42
41
37
32
32
31
33
41
42
41
41
42
42
40
38
33
32
32
32
