82
79
75
74
71
72
72
75
78
82
85
89
88
85
81
78
76
76
76
78
81
85
89
93
96
93
89
86
84
82
82
85
87
91
95
99
106
103
99
95
92
91
91
92
96
99
103
110
116
113
110
106
103
101
101
102
106
113
121
127
127
127
126
123
119
117
117
119
122
124
125
124
127
127
127
127
127
125
123
124
124
122
118
114
118
117
119
116
113
111
109
106
104
102
101
100
54
49
86
92
53
57
59
61
64
68
71
75
34
47
127
110
37
42
43
44
44
47
49
50
44
95
127
118
36
41
43
41
40
40
41
40
82
127
127
106
37
43
44
42
43
43
44
43
127
127
127
93
38
43
42
43
43
43
43
43
127
127
127
80
38
43
43
43
42
43
44
43
127
127
127
68
40
43
43
43
42
43
46
43
127
127
127
61
41
43
43
42
41
43
46
43
95
92
88
85
83
84
83
86
89
94
97
101
100
97
93
90
88
88
88
90
93
98
102
106
110
106
102
98
96
95
95
97
99
104
109
113
119
115
111
107
105
103
103
106
108
113
116
121
127
126
122
118
116
114
114
116
119
124
127
127
127
127
127
127
127
127
127
127
127
127
127
124
127
127
127
127
127
127
127
127
124
121
117
114
122
122
120
117
115
112
107
106
104
102
101
101
50
52
50
50
54
55
56
60
64
67
71
74
37
37
32
33
38
39
40
42
42
44
46
47
40
36
31
34
39
39
39
38
37
37
37
37
38
33
32
37
40
40
41
40
40
40
40
40
33
32
32
37
41
40
40
40
40
41
40
40
32
32
32
38
41
40
40
41
40
40
41
41
32
32
32
40
41
40
40
40
40
40
41
41
32
32
32
40
42
40
40
39
39
40
42
40
127
127
127
127
127
127
127
127
127
127
127
127
127
127
127
127
127
127
127
127
127
127
127
127
127
127
127
127
127
127
127
127
127
127
127
127
127
127
127
127
127
127
127
127
127
127
127
127
127
127
127
127
127
127
127
127
127
127
127
127
127
127
127
127
127
127
127
127
127
127
127
125
127
127
127
127
127
127
127
127
127
120
115
113
127
127
127
124
119
113
106
103
102
102
101
101
51
52
50
50
54
55
57
61
63
67
71
74
37
37
31
33
39
40
40
43
43
45
47
47
40
36
31
34
40
40
40
39
37
38
38
37
38
33
32
37
41
41
42
40
40
41
42
41
33
32
31
38
42
40
40
41
40
41
41
41
32
32
32
39
42
41
41
42
40
41
42
42
32
32
32
40
42
41
41
41
40
41
43
42
32
32
32
40
42
41
40
40
39
40
43
41
