82
79
75
74
71
72
72
75
77
81
85
89
88
85
81
78
76
75
76
78
81
85
89
92
97
93
89
86
84
82
82
84
87
91
95
99
106
103
99
95
92
91
91
92
95
99
104
113
116
113
110
106
103
101
101
102
107
116
125
127
127
127
127
123
120
117
118
120
123
124
124
122
127
127
127
127
127
125
124
123
123
120
116
112
117
119
121
116
113
111
108
106
103
103
102
100
45
85
99
54
56
58
60
64
67
71
75
78
100
113
68
39
42
43
43
44
47
48
50
51
127
99
47
40
43
42
40
40
40
40
40
40
99
42
40
43
44
43
43
42
43
44
43
43
46
42
43
43
43
40
43
44
43
43
43
44
40
42
42
43
43
41
43
44
45
43
43
43
43
43
43
44
43
43
43
43
44
43
43
43
43
43
44
45
43
43
44
43
42
44
45
43
95
92
88
85
83
82
84
86
89
93
96
100
101
97
93
90
88
87
88
90
92
97
101
105
110
106
102
98
96
95
95
96
99
103
108
113
120
116
111
107
105
103
103
105
107
112
116
123
127
127
123
119
116
114
115
116
119
125
127
127
127
127
127
127
127
127
127
127
127
127
125
123
127
127
127
127
127
127
127
127
123
120
116
113
122
121
120
118
114
111
107
105
103
103
103
100
51
49
49
53
54
56
58
61
64
70
75
78
33
33
36
37
38
40
40
41
43
46
47
49
33
36
39
39
39
39
37
37
37
37
37
37
37
40
40
40
40
40
40
40
40
40
40
40
41
40
40
40
40
38
40
41
40
40
40
40
41
40
40
40
40
39
40
41
41
41
40
40
41
40
40
40
40
40
40
40
40
41
40
40
40
40
41
41
40
40
40
40
40
40
41
40
127
127
127
127
127
127
127
127
127
127
127
127
127
127
127
127
127
127
127
127
127
127
127
127
127
127
127
127
127
127
127
127
127
127
127
127
127
127
127
127
127
127
127
127
127
127
127
127
127
127
127
127
127
127
127
127
127
127
127
127
127
127
127
127
127
127
127
127
127
127
126
120
127
127
127
127
127
127
127
127
123
116
113
112
127
127
127
123
117
110
105
103
103
103
103
100
52
50
49
53
54
56
58
62
65
71
75
78
33
32
36
38
40
40
41
42
44
47
48
50
33
36
40
40
40
40
38
37
38
38
37
37
37
40
41
41
42
41
40
40
42
42
41
41
41
40
40
41
41
40
41
42
41
41
41
42
42
40
40
41
41
40
41
42
42
42
41
41
42
40
41
42
41
40
41
41
41
42
41
40
41
40
42
43
41
41
41
40
40
42
42
40
