83
80
76
74
71
71
72
74
76
80
84
88
89
85
82
78
76
75
76
78
80
84
88
90
97
93
89
86
84
82
82
84
86
90
94
99
106
103
99
95
92
91
91
92
95
99
103
113
117
114
110
106
103
102
101
102
106
116
125
127
127
127
127
123
120
119
118
120
123
124
124
122
127
127
127
127
127
126
124
124
123
120
116
112
117
118
122
116
113
112
109
106
104
103
102
102
49
82
98
54
56
58
60
64
67
71
75
80
102
95
64
40
41
42
43
45
46
47
49
53
113
80
43
40
42
41
41
41
41
40
39
40
59
38
41
43
43
43
43
43
44
43
42
43
42
42
42
46
44
44
43
43
42
43
42
43
42
43
43
46
45
44
44
43
42
43
43
43
44
43
43
44
45
44
44
43
43
43
44
43
43
44
42
43
44
45
44
43
43
43
43
43
96
92
88
85
83
82
82
85
87
92
96
100
101
97
93
90
88
87
87
89
92
96
100
103
110
106
103
98
96
95
95
96
99
103
107
112
120
116
112
108
105
103
103
105
107
111
116
123
127
127
123
119
116
114
115
116
119
124
127
127
127
127
127
127
127
127
127
127
127
126
125
123
127
127
127
127
127
127
127
127
123
120
115
113
121
121
120
118
115
112
107
106
104
103
102
101
50
49
48
52
53
55
57
61
65
70
75
78
33
33
36
37
38
39
40
42
43
46
47
50
34
37
39
39
39
39
38
37
37
37
36
37
40
40
40
40
40
40
40
40
41
40
40
40
40
40
40
41
40
41
40
40
40
40
39
40
40
40
40
40
40
41
41
40
40
40
40
40
40
40
40
40
40
41
41
40
40
40
41
40
40
41
40
40
40
41
41
41
40
40
41
40
127
127
127
127
127
127
127
127
127
127
127
127
127
127
127
127
127
127
127
127
127
127
127
127
127
127
127
127
127
127
127
127
127
127
127
127
127
127
127
127
127
127
127
127
127
127
127
127
127
127
127
127
127
127
127
127
127
127
127
127
127
127
127
127
127
127
127
127
127
127
126
120
127
127
127
127
127
127
127
127
123
117
113
112
127
127
127
125
120
112
106
103
103
103
102
101
51
50
49
53
54
56
58
61
65
71
75
79
33
33
36
37
38
40
41
43
44
47
47
50
36
38
40
40
40
40
39
39
38
37
37
37
40
41
40
40
41
41
41
41
42
40
40
40
40
40
40
43
42
42
42
41
40
40
40
40
41
40
40
42
42
42
42
40
40
41
41
41
41
41
40
40
42
42
42
40
40
41
42
41
41
42
40
40
41
42
43
41
41
40
42
41
