83
80
77
74
71
71
71
74
76
79
83
86
89
85
82
78
76
75
75
77
79
83
87
89
97
94
89
86
84
82
82
83
85
89
93
99
106
103
99
96
92
91
91
92
94
98
103
112
117
114
110
106
104
102
101
102
106
114
124
127
127
127
127
124
121
119
118
120
122
124
124
123
127
127
127
127
127
127
125
124
124
122
116
113
118
117
123
118
114
112
110
106
105
104
103
102
48
71
99
63
54
57
59
63
66
71
75
80
96
90
68
43
41
42
43
44
45
47
50
53
107
80
47
40
43
42
41
40
40
40
40
40
57
37
41
43
44
43
43
42
43
44
43
43
43
42
43
43
43
42
43
42
43
44
45
44
42
42
43
43
42
41
43
44
44
43
44
44
43
42
43
43
42
42
43
45
45
43
43
43
43
43
44
43
42
43
43
44
44
44
43
42
96
92
88
85
83
82
82
84
88
92
96
99
101
97
93
91
89
87
87
89
92
96
99
102
110
106
103
99
96
95
95
96
99
102
106
111
120
116
112
108
106
103
103
105
107
110
116
122
127
127
123
120
117
115
114
116
118
123
127
127
127
127
127
127
127
127
127
127
127
127
125
123
127
127
127
127
127
127
127
127
124
120
116
113
122
122
121
120
116
113
109
106
105
104
103
102
50
49
48
51
54
54
57
61
65
70
75
79
33
33
35
37
38
39
40
41
43
45
47
50
36
37
39
39
39
39
39
37
37
37
37
37
40
40
40
40
40
40
40
40
40
41
40
40
41
40
40
41
40
39
40
40
40
40
41
40
40
40
40
40
39
38
41
41
40
40
40
40
40
40
40
40
39
39
41
41
41
40
40
40
40
40
40
40
40
40
41
41
40
40
40
40
127
127
127
127
127
127
127
127
127
127
127
127
127
127
127
127
127
127
127
127
127
127
127
127
127
127
127
127
127
127
127
127
127
127
127
127
127
127
127
127
127
127
127
127
127
127
127
127
127
127
127
127
127
127
127
127
127
127
127
127
127
127
127
127
127
127
127
127
127
127
127
121
127
127
127
127
127
127
127
127
125
118
114
113
127
127
127
127
122
114
108
104
104
104
103
102
51
50
48
51
53
54
57
61
65
70
75
79
33
33
35
37
38
40
41
43
43
45
48
50
36
37
40
40
40
40
39
38
37
37
37
37
41
41
41
41
42
42
40
40
40
42
42
41
42
41
41
41
41
40
41
41
40
42
42
42
41
40
40
41
40
39
41
42
41
41
41
41
41
40
40
41
40
40
41
43
42
41
41
41
41
40
41
41
40
41
42
42
42
42
41
40
