83
80
76
74
71
71
71
71
74
78
82
85
89
85
82
78
76
75
75
76
78
82
85
89
98
94
90
86
84
82
82
83
85
88
92
95
107
103
99
96
93
92
91
92
94
96
100
106
119
115
112
108
105
103
103
103
104
109
118
127
127
127
127
126
123
121
120
119
121
123
125
124
122
127
127
127
127
127
127
125
126
125
120
116
82
113
119
122
119
114
111
110
107
106
104
103
38
47
73
95
64
54
57
60
64
68
74
78
71
94
88
63
43
40
42
43
44
47
48
50
108
105
78
44
41
42
42
42
41
40
39
39
107
56
37
42
43
43
43
44
43
43
43
42
47
43
43
43
43
43
45
43
42
43
43
41
40
43
45
43
42
43
44
43
41
43
42
41
44
45
45
43
42
43
43
42
41
43
43
43
43
43
44
43
41
43
43
43
40
43
44
44
96
92
89
85
83
82
82
83
85
89
92
97
101
98
94
91
89
87
87
88
90
93
97
101
110
107
103
99
96
95
95
96
98
101
104
108
120
116
113
109
106
104
104
104
106
110
113
117
127
127
124
120
118
116
115
116
117
121
127
127
127
127
127
127
127
127
127
127
127
127
127
125
127
127
127
127
127
127
127
127
127
124
120
116
83
118
124
122
120
116
112
108
106
105
104
103
43
49
49
49
51
54
54
57
62
67
72
77
36
33
33
36
37
38
39
40
42
44
46
47
36
35
37
39
40
39
39
39
37
37
37
36
35
40
41
40
40
40
40
41
40
40
40
40
40
41
41
41
40
40
41
40
40
40
40
38
40
41
41
40
40
40
41
40
39
40
40
39
40
41
41
40
40
40
41
40
39
40
40
40
41
40
41
40
39
40
40
40
38
40
41
41
127
127
127
127
127
127
127
127
127
127
127
127
127
127
127
127
127
127
127
127
127
127
127
127
127
127
127
127
127
127
127
127
127
127
127
127
127
127
127
127
127
127
127
127
127
127
127
127
127
127
127
127
127
127
127
127
127
127
127
127
127
127
127
127
127
127
127
127
127
127
127
124
127
127
127
127
127
127
127
127
127
123
117
114
83
126
127
127
127
122
113
107
104
105
104
103
43
50
49
48
51
54
55
58
62
67
72
78
36
33
33
35
37
38
40
41
43
45
47
48
36
36
38
40
40
40
40
40
38
37
37
37
37
40
42
41
41
41
41
42
41
40
41
40
41
42
42
42
40
41
42
42
40
40
40
39
42
42
42
41
40
41
41
40
40
41
41
40
42
42
42
41
40
41
41
40
40
41
41
41
42
41
42
41
40
40
41
41
39
40
42
42
