83
80
77
74
71
71
71
71
74
78
81
82
89
85
82
79
77
75
75
76
78
82
84
87
97
95
90
87
85
83
83
84
85
88
90
94
106
104
100
96
94
92
92
92
94
96
99
103
119
116
112
109
106
104
103
103
104
107
112
120
127
127
127
127
124
122
121
120
120
123
125
126
110
120
127
127
127
127
127
127
126
126
124
120
70
80
111
120
123
117
113
112
110
107
105
104
43
40
42
69
98
62
54
59
61
65
70
74
32
49
90
104
71
43
41
43
43
45
47
49
75
106
123
97
50
40
42
41
41
40
40
40
127
127
96
40
39
43
43
43
43
43
43
44
127
75
43
40
43
44
44
44
43
43
43
45
77
47
39
42
45
45
43
44
43
43
43
44
37
41
43
43
45
45
43
44
43
43
43
44
43
43
43
42
45
45
43
45
44
43
43
43
96
92
89
85
83
82
82
83
85
88
92
95
101
98
94
91
89
87
87
88
90
92
96
99
110
107
103
99
96
95
95
96
98
100
104
106
120
116
113
110
106
105
104
105
107
110
113
115
127
127
124
122
119
117
116
116
118
121
123
127
127
127
127
127
127
127
127
127
127
127
127
127
113
124
127
127
127
127
127
127
127
127
123
120
69
80
115
124
122
120
115
111
108
106
105
104
42
43
48
50
48
51
53
55
58
64
67
73
39
37
33
33
35
37
38
40
40
43
44
47
37
36
35
36
39
39
39
38
38
37
37
37
33
33
37
40
40
40
40
40
40
40
40
40
33
38
40
40
40
40
41
41
40
40
40
41
38
41
40
40
40
40
41
41
40
40
40
41
41
42
40
40
40
40
41
41
40
40
40
41
40
40
40
40
40
40
41
40
41
40
40
41
127
127
127
127
127
127
127
127
127
127
127
127
127
127
127
127
127
127
127
127
127
127
127
127
127
127
127
127
127
127
127
127
127
127
127
127
127
127
127
127
127
127
127
127
127
127
127
127
127
127
127
127
127
127
127
127
127
127
127
127
127
127
127
127
127
127
127
127
127
127
127
127
117
127
127
127
127
127
127
127
127
127
122
117
67
78
123
127
127
127
120
112
106
106
106
104
43
43
49
50
48
52
54
56
59
64
68
73
40
37
33
32
34
37
38
40
41
43
45
47
39
37
35
37
40
40
40
39
39
38
38
37
33
33
38
41
41
40
41
40
41
41
41
41
33
39
41
40
41
42
42
42
41
41
41
43
39
43
41
41
42
43
42
42
41
40
40
42
42
43
41
41
43
43
42
42
42
40
40
42
41
41
41
40
42
42
41
42
43
40
40
42
