82
80
77
74
71
71
71
71
74
76
79
82
88
85
82
79
77
75
75
76
78
81
84
86
96
93
89
87
85
83
83
84
86
89
92
94
107
103
99
97
95
92
92
92
95
97
100
103
120
116
113
109
106
105
104
104
106
107
111
116
123
127
127
127
124
123
123
121
121
123
124
126
103
111
120
127
127
127
127
127
127
127
126
124
67
71
83
115
118
121
116
113
111
109
107
106
44
43
45
46
54
107
61
56
58
62
67
70
41
39
32
48
109
113
42
41
43
44
47
47
39
41
61
108
127
90
39
42
42
40
41
40
41
61
122
127
127
46
41
44
43
43
43
43
82
127
127
127
79
38
43
42
43
43
42
42
127
127
127
123
46
40
41
42
43
43
41
42
127
127
127
71
37
42
40
43
43
43
41
42
127
127
127
40
43
42
41
43
43
44
42
42
95
92
89
85
83
82
82
83
85
87
91
94
100
98
94
91
89
88
87
88
90
93
96
99
110
107
103
99
97
96
95
96
98
101
103
106
120
117
113
110
107
106
105
105
107
110
112
115
127
127
126
122
120
118
117
117
119
121
123
127
127
127
127
127
127
127
127
127
127
127
127
127
103
113
127
127
127
127
127
127
127
127
127
124
67
70
83
120
124
121
117
113
110
108
106
106
42
41
43
49
50
48
52
54
57
60
64
68
38
38
38
36
32
32
37
38
40
41
43
45
40
40
39
35
32
36
39
39
39
37
37
37
40
39
35
31
34
40
40
41
40
40
40
40
38
33
32
33
37
40
40
40
40
40
40
40
33
32
31
35
40
40
39
40
40
40
39
40
32
32
33
38
41
40
38
40
40
40
39
40
32
32
35
40
41
39
38
41
40
41
40
40
127
127
127
127
127
127
127
127
127
127
127
127
127
127
127
127
127
127
127
127
127
127
127
127
127
127
127
127
127
127
127
127
127
127
127
127
127
127
127
127
127
127
127
127
127
127
127
127
127
127
127
127
127
127
127
127
127
127
127
127
127
127
127
127
127
127
127
127
127
127
127
127
103
119
127
127
127
127
127
127
127
127
127
121
65
68
83
127
127
127
125
116
110
106
105
105
43
42
43
50
50
48
52
54
56
61
65
68
39
39
39
36
32
32
37
40
40
42
43
45
40
40
40
35
33
37
40
40
40
38
38
37
40
40
35
31
34
41
42
42
41
40
41
40
39
34
32
32
38
41
41
40
41
40
40
40
34
32
31
35
40
40
40
41
41
40
40
40
31
32
33
40
42
40
39
41
41
41
40
40
32
32
35
42
42
40
39
41
41
42
40
40
