82
80
77
74
71
71
71
71
74
76
79
82
88
85
82
79
77
75
75
76
78
81
84
86
96
93
90
87
85
83
83
84
86
89
91
94
106
104
100
97
95
93
92
93
95
97
99
103
120
116
113
109
106
105
105
105
106
107
110
113
119
123
127
127
125
123
123
123
123
123
124
125
97
105
113
127
127
127
127
127
127
127
127
126
64
68
73
99
120
119
118
113
112
110
108
107
43
43
44
48
52
55
102
63
56
61
64
68
41
41
40
40
35
57
127
71
37
43
44
46
43
43
43
41
39
99
127
96
36
40
40
40
43
43
43
39
57
127
127
117
40
42
43
43
43
43
42
40
110
127
127
127
46
41
43
43
43
43
38
69
127
127
127
127
54
41
43
43
43
43
47
120
127
127
127
127
67
40
43
43
42
41
64
127
127
127
127
127
77
40
44
43
95
92
89
85
83
82
82
83
85
87
91
94
100
97
94
91
89
88
88
88
90
92
96
99
110
106
103
99
97
96
96
96
98
101
104
106
119
117
113
110
107
106
106
106
108
110
113
116
127
127
127
122
120
118
117
117
119
121
124
127
122
127
127
127
127
127
127
127
127
127
127
127
96
105
116
127
127
127
127
127
127
127
127
126
64
67
71
101
125
122
119
116
112
110
108
106
42
42
42
46
50
50
48
53
56
58
61
65
38
38
38
37
37
36
30
37
40
40
42
43
40
40
40
40
40
36
30
35
39
38
37
37
40
40
40
40
40
33
31
35
40
40
40
40
40
40
40
41
37
32
32
34
41
41
40
40
41
40
40
39
33
32
32
33
40
41
41
40
40
40
40
35
32
32
32
33
39
41
41
40
40
40
40
33
32
32
32
32
39
41
42
40
127
127
127
127
127
127
127
127
127
127
127
127
127
127
127
127
127
127
127
127
127
127
127
127
127
127
127
127
127
127
127
127
127
127
127
127
127
127
127
127
127
127
127
127
127
127
127
127
127
127
127
127
127
127
127
127
127
127
127
127
127
127
127
127
127
127
127
127
127
127
127
127
93
106
127
127
127
127
127
127
127
127
127
127
64
66
69
106
127
127
127
120
112
107
106
106
43
43
42
47
51
51
49
53
56
58
62
66
39
40
39
37
37
36
30
36
40
41
43
43
40
41
41
40
40
37
30
36
40
39
38
37
41
41
40
40
40
34
31
36
41
41
41
41
41
41
41
42
37
32
31
34
42
42
41
41
42
41
42
40
33
32
32
33
42
42
42
40
41
41
42
36
32
32
32
33
40
42
42
40
40
41
41
33
32
32
32
33
40
42
43
41
