82
80
77
74
71
71
71
71
74
76
79
82
88
85
82
79
77
75
75
76
78
81
84
86
96
93
90
87
85
83
83
84
86
89
91
94
106
104
100
97
95
93
92
93
96
97
99
103
121
116
113
109
106
106
105
105
106
108
110
113
116
120
126
127
125
123
123
123
123
123
125
126
93
101
110
125
127
127
127
127
127
127
127
127
64
66
71
96
120
118
119
114
110
110
109
107
43
44
43
47
53
52
78
92
53
57
63
66
41
41
40
40
40
38
56
126
91
37
42
46
43
43
43
43
43
40
45
127
127
73
39
37
43
43
43
43
44
43
40
118
127
127
61
40
44
45
44
44
44
43
37
103
127
127
127
56
43
44
43
43
43
43
38
89
127
127
127
124
42
43
43
42
42
43
37
76
127
127
127
127
41
43
44
43
42
42
37
67
127
127
127
127
95
92
88
85
83
82
82
83
85
88
90
94
100
97
93
91
89
88
88
89
91
93
96
99
110
106
103
99
97
96
96
96
99
101
104
106
119
116
113
110
107
106
106
106
108
110
113
116
127
127
127
122
120
118
118
118
119
122
124
127
118
126
127
127
127
127
127
127
127
127
127
127
93
102
113
127
127
127
127
127
127
127
127
127
64
66
70
98
125
121
120
116
113
110
108
106
43
42
41
45
50
50
50
50
54
58
61
64
39
38
38
37
36
37
37
33
36
40
42
43
40
40
40
40
39
40
39
33
32
36
38
37
40
40
40
40
40
41
40
35
31
34
39
40
41
40
41
40
41
40
40
37
32
32
34
40
40
40
40
40
40
40
42
38
32
32
32
36
39
40
40
39
40
40
41
39
32
32
32
33
39
40
42
40
40
39
39
38
33
32
32
32
127
127
127
127
127
127
127
127
127
127
127
127
127
127
127
127
127
127
127
127
127
127
127
127
127
127
127
127
127
127
127
127
127
127
127
127
127
127
127
127
127
127
127
127
127
127
127
127
127
127
127
127
127
127
127
127
127
127
127
127
124
127
127
127
127
127
127
127
127
127
127
127
90
101
120
127
127
127
127
127
127
127
127
127
64
65
68
102
127
127
127
120
113
108
106
106
43
43
42
46
51
51
50
50
55
58
61
64
39
39
39
37
37
37
37
32
36
41
43
43
40
40
40
40
40
41
40
32
31
37
39
38
41
41
41
41
42
42
41
35
31
34
40
40
42
43
42
42
42
41
41
37
32
32
34
40
41
42
41
40
41
41
42
38
32
32
32
36
40
40
41
40
40
40
41
39
32
32
32
33
40
40
43
40
40
40
40
39
33
32
32
32
