82
80
77
74
71
71
71
71
74
76
79
82
88
85
82
79
77
75
75
76
78
81
84
86
96
93
90
87
85
83
83
84
86
89
91
94
106
104
100
97
95
93
92
93
96
97
99
103
121
116
113
109
106
106
105
105
106
108
111
113
116
121
126
127
125
123
123
123
123
123
124
126
93
102
112
127
127
127
127
127
127
127
127
127
63
66
72
102
120
118
119
114
110
110
109
107
43
44
43
49
53
53
75
93
57
54
63
66
41
41
40
40
40
39
47
107
110
51
37
44
43
43
43
43
43
41
37
93
127
104
56
36
44
43
43
44
43
43
40
50
127
127
113
54
43
43
42
43
43
43
43
37
103
127
127
127
43
41
41
42
43
43
44
39
64
127
127
127
43
43
44
42
43
45
44
42
43
127
127
127
42
45
47
43
43
45
43
43
37
96
127
127
95
92
88
85
83
82
82
83
85
88
90
94
100
97
93
91
89
88
88
89
91
93
96
99
110
106
103
99
97
96
96
96
99
101
104
106
119
116
113
110
107
106
106
106
108
110
113
116
127
127
127
122
120
118
118
118
119
122
124
127
118
127
127
127
127
127
127
127
127
127
127
127
93
102
115
127
127
127
127
127
127
127
127
127
64
66
71
103
124
121
119
115
112
110
108
106
43
42
42
46
50
50
50
50
54
58
61
64
39
38
37
37
37
37
37
33
34
40
42
43
40
40
40
40
40
39
40
35
31
33
37
37
40
40
40
40
40
40
40
39
33
32
36
39
40
40
40
40
40
40
40
40
37
32
32
34
40
39
40
40
40
41
40
40
40
33
32
32
40
40
40
40
40
41
40
40
40
35
32
32
40
41
42
40
40
42
41
40
40
37
32
32
127
127
127
127
127
127
127
127
127
127
127
127
127
127
127
127
127
127
127
127
127
127
127
127
127
127
127
127
127
127
127
127
127
127
127
127
127
127
127
127
127
127
127
127
127
127
127
127
127
127
127
127
127
127
127
127
127
127
127
127
124
127
127
127
127
127
127
127
127
127
127
127
90
102
123
127
127
127
127
127
127
127
127
127
64
65
69
110
127
127
127
120
112
108
106
106
43
43
42
47
50
51
50
50
55
58
61
65
39
39
39
37
37
37
37
34
34
40
43
43
41
40
40
41
40
40
40
36
30
34
37
38
42
41
41
42
41
41
41
40
33
32
36
40
41
41
40
40
41
41
40
41
37
32
32
34
40
40
40
40
42
42
41
41
41
33
32
32
40
40
41
40
42
43
41
41
42
36
32
32
40
42
43
41
41
43
42
40
42
37
32
32
