83
80
76
75
72
71
71
71
74
76
79
82
89
85
82
80
78
76
75
76
78
81
84
87
97
95
92
88
85
84
83
84
86
89
92
94
106
104
101
97
95
93
92
93
95
97
100
103
119
115
112
110
107
105
105
105
106
107
112
116
127
127
127
127
125
123
123
121
122
123
125
126
113
127
127
127
127
127
127
127
127
127
126
123
72
103
118
116
118
116
110
110
110
108
106
106
43
48
52
53
60
96
74
50
59
64
68
71
40
40
40
40
41
73
125
79
39
40
46
47
43
43
42
43
40
51
127
127
78
43
36
38
44
43
43
43
43
37
89
127
127
82
45
41
43
43
42
43
44
40
51
127
127
127
101
45
43
43
43
44
44
43
38
102
127
127
127
115
43
43
43
45
44
43
38
61
127
127
127
127
44
43
43
44
44
43
41
40
125
127
127
127
96
92
89
86
84
82
82
83
85
89
92
94
101
98
95
92
89
88
88
89
91
93
96
99
110
107
103
100
98
96
96
96
99
100
104
107
120
116
113
110
108
106
106
106
108
110
113
116
127
127
125
122
120
118
117
117
120
121
124
127
127
127
127
127
127
127
127
127
127
127
127
127
116
127
127
127
127
127
127
127
127
127
126
123
71
106
122
120
119
116
113
110
108
107
106
106
43
47
50
49
50
49
53
57
58
62
66
69
38
37
37
37
37
36
33
37
41
42
43
44
40
40
40
40
40
39
32
32
36
37
37
37
40
40
40
40
40
40
37
32
33
38
40
40
41
40
39
40
41
40
40
33
32
33
36
40
40
40
40
40
40
40
40
37
32
32
33
36
40
40
40
41
40
40
40
39
33
32
32
33
41
40
40
41
41
40
40
40
35
32
32
32
127
127
127
127
127
127
127
127
127
127
127
127
127
127
127
127
127
127
127
127
127
127
127
127
127
127
127
127
127
127
127
127
127
127
127
127
127
127
127
127
127
127
127
127
127
127
127
127
127
127
127
127
127
127
127
127
127
127
127
127
127
127
127
127
127
127
127
127
127
127
127
127
123
127
127
127
127
127
127
127
127
127
127
120
71
112
127
127
127
123
116
110
106
106
106
106
42
47
50
50
50
49
53
57
59
63
67
70
38
37
37
37
37
36
33
37
42
43
43
45
40
40
40
40
40
40
33
32
36
38
37
37
41
40
40
41
40
41
37
32
33
38
41
41
42
41
40
40
42
41
40
34
31
33
37
41
42
41
41
42
41
41
41
37
32
32
33
36
42
41
41
43
41
41
41
40
33
32
32
33
42
40
40
42
42
41
40
41
35
32
32
32
