83
80
76
75
72
71
71
71
74
76
80
82
89
85
82
79
77
75
75
76
78
81
84
87
97
95
91
87
85
83
83
84
86
89
91
94
106
104
100
97
95
93
92
92
95
97
100
103
118
114
112
110
107
105
104
104
106
108
113
119
127
127
127
127
125
123
122
121
122
123
125
126
126
127
127
127
127
127
127
127
126
126
125
123
93
116
116
117
118
113
110
110
109
108
106
106
47
52
51
53
85
88
50
57
62
66
69
73
40
40
40
38
63
127
85
38
40
46
47
48
43
42
43
40
47
127
127
73
37
37
40
40
43
43
43
43
38
122
127
127
63
40
43
43
42
43
42
43
37
101
127
127
127
57
37
43
43
41
43
46
40
82
127
127
127
126
58
37
43
42
44
47
42
63
127
127
127
127
113
61
43
43
46
46
42
52
127
127
127
127
127
98
96
92
89
86
84
82
82
83
85
89
92
94
101
98
95
92
89
88
88
89
91
93
96
99
110
107
103
99
97
96
96
96
99
100
104
106
120
116
113
110
107
106
105
106
108
110
113
115
127
127
125
122
120
118
117
117
120
121
123
127
127
127
127
127
127
127
127
127
127
127
127
127
127
127
127
127
127
127
127
127
127
127
125
122
95
120
120
120
117
115
111
110
108
107
106
106
43
48
49
50
49
50
54
57
60
64
68
71
37
37
36
37
36
32
36
40
41
43
43
45
40
40
39
40
39
32
33
36
37
37
37
37
40
40
40
40
40
35
32
34
38
40
40
41
40
40
40
40
40
37
32
32
34
40
40
40
40
40
40
40
41
39
32
32
32
35
40
41
40
40
40
41
42
40
32
32
32
32
36
40
40
40
40
40
41
40
33
32
32
32
33
39
127
127
127
127
127
127
127
127
127
127
127
127
127
127
127
127
127
127
127
127
127
127
127
127
127
127
127
127
127
127
127
127
127
127
127
127
127
127
127
127
127
127
127
127
127
127
127
127
127
127
127
127
127
127
127
127
127
127
127
127
127
127
127
127
127
127
127
127
127
127
127
127
127
127
127
127
127
127
127
127
127
127
123
120
97
127
127
127
124
120
113
107
105
106
106
106
45
48
50
50
49
50
54
57
60
64
68
71
37
36
37
37
36
32
36
41
42
43
44
46
40
40
40
40
40
32
32
37
38
38
37
37
41
41
41
41
41
35
31
33
39
41
42
41
40
41
40
40
41
37
31
32
34
40
41
41
41
40
40
42
42
39
32
32
32
35
40
43
41
40
42
43
42
40
32
32
32
32
36
42
41
41
43
42
41
41
33
32
32
32
33
40
