83
80
77
74
71
71
71
71
74
76
78
83
89
85
82
79
77
75
75
76
78
81
84
87
97
94
90
87
85
83
83
84
86
88
91
93
106
103
99
97
95
92
92
92
95
96
99
103
117
115
112
109
106
105
104
104
105
108
113
121
127
127
127
127
125
123
122
121
121
123
125
127
127
127
127
127
127
127
127
127
126
126
124
122
114
115
116
118
116
111
110
110
108
107
106
106
50
50
52
67
97
58
55
61
63
68
71
75
40
40
39
49
127
99
37
43
44
46
47
49
43
43
40
48
127
127
63
37
40
40
40
40
43
43
40
55
127
127
120
45
42
43
43
44
44
44
40
62
127
127
127
88
38
43
43
43
44
44
39
71
127
127
127
127
58
38
43
42
45
44
37
82
127
127
127
127
107
43
43
42
46
43
37
92
127
127
127
127
127
54
42
43
95
92
88
85
83
82
82
83
85
89
92
94
101
98
94
91
89
87
87
88
90
93
96
99
110
107
103
99
97
95
95
96
98
101
104
106
120
116
113
110
107
105
105
105
107
110
113
115
127
127
125
122
120
117
117
117
120
121
124
127
127
127
127
127
127
127
127
127
127
127
127
127
127
127
127
127
127
127
127
127
127
127
123
120
117
118
119
118
116
113
110
108
107
106
106
106
47
47
49
49
48
53
56
57
61
65
69
73
37
36
37
37
32
34
40
40
41
43
44
47
40
40
40
39
33
32
37
39
38
37
36
37
40
40
40
40
33
32
35
41
41
40
40
40
40
41
41
40
33
32
32
38
41
41
40
40
41
41
40
39
32
32
32
34
40
40
39
40
41
41
40
37
32
32
32
32
36
39
40
40
41
41
40
37
32
32
32
32
33
39
41
40
127
127
127
127
127
127
127
127
127
127
127
127
127
127
127
127
127
127
127
127
127
127
127
127
127
127
127
127
127
127
127
127
127
127
127
127
127
127
127
127
127
127
127
127
127
127
127
127
127
127
127
127
127
127
127
127
127
127
127
127
127
127
127
127
127
127
127
127
127
127
127
127
127
127
127
127
127
127
127
127
127
127
121
118
127
127
127
126
123
117
111
106
105
106
106
106
48
48
50
50
49
53
56
58
62
66
70
74
37
36
37
37
32
34
40
41
43
44
46
47
40
40
40
40
33
32
37
40
39
38
37
38
40
40
41
40
33
32
35
42
42
41
40
42
42
42
42
40
33
32
32
39
43
42
40
40
42
42
41
39
32
32
32
34
40
41
40
40
42
42
41
39
32
32
32
32
37
40
40
40
43
42
40
38
32
32
32
32
33
40
42
40
