83
80
77
74
71
71
71
71
74
76
78
83
89
85
82
79
77
75
75
76
78
81
84
87
97
94
90
87
85
83
83
84
86
88
91
93
106
103
99
97
95
92
92
92
95
96
99
103
117
115
112
109
106
105
104
104
106
110
117
125
127
127
127
127
125
123
122
121
123
124
126
126
127
127
127
127
127
127
127
127
126
126
123
119
113
115
116
116
113
111
110
109
107
106
106
106
50
50
53
104
64
54
58
61
65
69
74
78
40
33
68
127
68
37
43
44
45
47
48
50
39
49
121
127
80
36
41
41
40
40
40
40
40
91
127
127
85
37
43
42
43
42
43
44
71
127
127
127
85
37
44
43
44
44
43
44
127
127
127
127
87
38
44
43
43
43
43
43
127
127
127
127
89
40
44
44
43
43
43
43
127
127
127
127
89
40
44
43
43
43
43
43
95
92
89
85
83
82
82
83
85
89
92
94
101
98
94
91
89
88
87
88
90
93
96
99
110
107
103
99
97
96
95
96
98
101
103
107
120
116
113
110
107
105
105
105
107
110
112
116
127
127
125
122
120
118
117
117
120
122
126
127
127
127
127
127
127
127
127
127
127
127
127
127
127
127
127
127
127
127
127
127
127
125
121
119
116
118
118
117
115
112
110
107
106
106
106
105
47
49
49
47
51
54
56
59
63
68
72
76
36
37
34
30
37
39
40
41
42
44
46
47
40
39
34
31
37
40
38
38
37
37
36
37
41
37
32
32
37
41
40
40
40
40
40
41
39
33
32
32
37
40
41
40
41
40
40
40
34
32
32
32
37
41
41
41
40
40
41
40
32
32
32
32
37
41
41
41
40
40
40
40
32
32
32
32
38
42
41
41
41
41
40
40
127
127
127
127
127
127
127
127
127
127
127
127
127
127
127
127
127
127
127
127
127
127
127
127
127
127
127
127
127
127
127
127
127
127
127
127
127
127
127
127
127
127
127
127
127
127
127
127
127
127
127
127
127
127
127
127
127
127
127
127
127
127
127
127
127
127
127
127
127
127
127
127
127
127
127
127
127
127
127
127
127
123
120
117
126
127
126
123
120
113
108
105
105
106
106
106
48
48
49
47
51
54
56
60
64
68
72
77
36
37
34
30
37
40
40
42
43
45
46
49
41
40
35
31
37
40
39
39
38
37
37
37
42
38
33
32
38
42
40
40
41
40
41
42
39
33
32
32
37
41
42
41
42
42
41
41
34
32
32
32
38
42
42
42
41
41
42
41
32
32
32
32
38
43
42
42
41
41
41
41
32
32
32
32
38
43
42
42
42
42
40
41
