82
80
77
74
71
71
71
71
74
76
79
82
88
85
82
79
77
75
75
76
78
81
84
86
97
93
89
87
85
83
83
84
86
88
91
93
106
103
99
97
95
92
92
92
95
96
99
105
117
115
112
109
106
105
104
104
106
110
118
126
127
127
127
127
125
123
122
121
123
124
126
126
127
127
127
127
127
127
127
126
126
124
121
119
113
114
115
116
113
110
110
108
107
106
105
106
51
47
64
106
54
56
58
61
65
69
75
78
33
42
110
124
39
41
43
43
45
47
49
50
47
92
127
121
37
41
42
40
41
40
40
40
89
127
127
89
37
43
43
43
44
44
43
43
127
127
127
64
40
43
43
43
43
44
44
43
127
127
127
47
43
43
43
44
45
44
45
43
127
127
115
39
43
43
43
44
45
44
44
43
127
127
92
39
43
43
43
43
43
43
43
43
95
92
89
85
83
82
82
83
85
87
91
94
100
98
94
91
89
88
87
88
90
93
96
99
110
107
103
99
97
96
95
96
98
101
103
106
119
116
113
110
107
106
105
105
107
110
112
116
127
127
124
122
120
118
117
118
120
122
126
127
127
127
127
127
127
127
127
127
127
127
127
127
127
127
127
127
127
127
127
127
127
123
120
118
116
117
118
116
114
112
110
107
106
106
106
106
47
48
48
47
52
54
57
59
64
68
73
77
37
36
32
32
37
39
40
40
43
44
46
48
40
37
32
34
39
39
39
37
37
37
36
36
37
33
32
37
40
40
40
40
40
41
40
40
33
32
33
40
41
40
41
40
40
40
41
40
32
32
34
41
40
40
40
41
41
40
41
40
32
32
37
41
40
40
40
41
41
40
41
40
32
32
38
41
40
41
41
40
41
40
41
40
127
127
127
127
127
127
127
127
127
127
127
127
127
127
127
127
127
127
127
127
127
127
127
127
127
127
127
127
127
127
127
127
127
127
127
127
127
127
127
127
127
127
127
127
127
127
127
127
127
127
127
127
127
127
127
127
127
127
127
127
127
127
127
127
127
127
127
127
127
127
127
127
127
127
127
127
127
127
127
127
127
123
119
116
126
127
126
123
119
113
107
105
105
106
106
106
48
49
48
47
52
54
57
60
64
68
73
78
37
36
31
31
38
39
40
42
43
45
47
49
40
37
31
34
40
40
40
38
39
38
37
37
38
33
31
38
41
41
41
40
42
42
41
40
33
32
33
41
42
41
42
40
41
42
42
41
32
32
34
41
41
40
41
42
42
42
43
41
32
32
37
41
41
41
41
43
42
42
42
41
32
32
38
42
40
42
42
42
41
41
41
40
