82
80
77
74
71
71
71
71
74
76
79
82
88
85
82
79
77
75
75
76
78
81
84
86
96
94
91
87
85
83
83
84
86
89
91
93
106
103
100
97
95
93
93
93
96
97
100
105
116
113
111
109
106
106
105
105
107
111
118
126
127
127
127
127
126
123
123
122
123
124
126
126
127
127
127
127
127
127
127
127
125
124
121
118
103
113
113
117
114
111
109
108
106
105
105
105
47
44
51
103
67
52
57
60
64
68
73
78
31
53
110
109
44
40
42
43
44
47
48
50
68
114
127
84
40
42
41
40
40
40
39
40
127
127
118
38
43
43
43
42
43
42
43
43
127
127
55
39
43
42
43
44
44
44
43
44
127
83
40
43
44
43
43
46
44
44
43
43
107
44
41
45
43
43
43
47
44
44
43
43
53
38
44
45
43
43
43
47
44
43
44
43
95
92
88
85
83
82
82
83
85
88
90
94
100
97
94
91
89
88
88
89
91
93
96
99
109
106
103
99
97
96
96
96
99
101
104
106
118
116
113
110
107
106
106
106
108
110
113
117
127
127
123
122
120
118
118
119
120
123
127
127
127
127
127
127
127
127
127
127
127
127
127
127
127
127
127
127
127
127
127
127
127
124
121
118
106
119
118
117
116
113
108
106
106
106
105
104
45
48
48
46
50
52
54
57
61
67
71
76
37
35
31
32
37
38
40
40
42
43
45
47
38
35
33
37
39
39
39
38
37
37
37
36
33
32
36
40
40
40
40
40
40
40
40
40
31
33
38
40
41
40
39
40
41
41
40
40
32
38
40
40
41
40
40
41
41
42
41
40
36
40
41
41
41
40
40
41
41
41
41
40
40
40
41
42
40
40
40
40
40
40
41
41
127
127
127
127
127
127
127
127
127
127
127
127
127
127
127
127
127
127
127
127
127
127
127
127
127
127
127
127
127
127
127
127
127
127
127
127
127
127
127
127
127
127
127
127
127
127
127
127
127
127
127
127
127
127
127
127
127
127
127
127
127
127
127
127
127
127
127
127
127
127
127
127
127
127
127
127
127
127
127
127
127
123
118
116
113
127
127
126
123
116
109
105
103
105
105
105
46
48
49
46
50
52
54
58
62
67
72
77
37
35
31
32
37
39
40
41
43
45
47
49
39
36
33
37
40
40
40
39
38
37
37
37
34
32
36
40
41
41
40
41
41
40
41
41
31
33
39
41
41
40
40
42
42
42
41
42
32
38
42
41
42
40
41
43
42
43
42
41
36
41
43
42
42
40
41
43
42
42
42
41
40
40
42
43
42
40
40
43
41
41
42
42
