82
80
77
74
71
71
71
71
74
76
80
82
88
85
82
79
77
75
75
76
78
81
84
86
96
93
90
87
85
83
83
84
86
89
91
94
105
103
99
97
95
93
93
93
96
98
101
104
116
113
110
109
106
106
106
106
107
110
116
125
127
127
127
127
126
124
124
123
123
125
126
127
122
127
127
127
127
127
127
127
125
125
122
119
86
111
113
116
116
111
110
108
106
105
105
104
45
46
43
89
84
50
55
59
63
67
72
76
32
41
91
123
59
38
42
43
44
47
47
50
58
96
127
112
43
41
42
41
40
40
40
40
115
127
127
52
40
43
43
43
43
43
43
43
127
127
80
40
44
43
46
44
44
43
43
43
127
113
45
40
43
43
45
44
44
44
43
42
127
61
38
43
43
43
44
44
44
44
43
42
89
37
44
44
44
43
45
45
43
43
43
43
94
92
89
85
83
82
82
83
85
88
90
94
99
97
94
91
89
88
88
89
91
92
96
99
109
106
103
99
97
96
96
96
99
100
104
107
118
116
113
110
107
106
106
106
109
110
113
116
127
126
123
122
120
119
118
119
121
123
127
127
127
127
127
127
127
127
127
127
127
127
127
127
127
127
127
127
127
127
127
127
127
125
122
118
86
116
119
117
116
113
110
107
106
105
104
104
43
47
48
47
47
51
54
57
61
65
70
75
38
37
33
31
36
37
39
40
41
43
45
47
39
37
33
35
40
39
38
38
37
37
37
37
35
33
34
40
40
40
40
40
40
40
40
40
32
33
38
41
40
40
40
41
41
40
40
40
32
36
40
40
40
40
40
42
41
41
40
40
34
39
42
40
40
40
40
42
41
41
40
40
37
41
42
40
41
41
40
42
42
40
41
40
127
127
127
127
127
127
127
127
127
127
127
127
127
127
127
127
127
127
127
127
127
127
127
127
127
127
127
127
127
127
127
127
127
127
127
127
127
127
127
127
127
127
127
127
127
127
127
127
127
127
127
127
127
127
127
127
127
127
127
127
127
127
127
127
127
127
127
127
127
127
127
127
127
127
127
127
127
127
127
127
127
125
119
116
88
126
127
127
123
118
110
106
103
104
105
104
43
47
50
47
48
52
54
57
61
65
71
75
39
36
33
30
36
38
40
41
42
44
46
48
40
37
33
35
40
40
39
39
38
38
37
37
36
33
33
40
41
40
40
41
41
41
41
40
32
33
38
42
41
40
42
42
42
41
41
41
32
36
41
41
41
40
42
43
42
42
40
40
34
40
43
40
41
40
42
43
42
42
40
40
37
42
43
41
42
41
42
43
42
41
41
40
