82
79
76
74
71
71
71
71
74
76
79
82
88
85
82
79
77
76
76
76
78
82
85
87
96
93
90
87
85
84
84
84
86
89
92
94
105
103
99
97
95
93
93
94
96
98
101
104
116
113
110
109
106
106
106
106
107
110
116
123
127
127
127
127
126
124
124
123
123
125
126
126
116
127
127
127
127
127
127
127
126
125
123
120
77
103
114
114
117
112
110
108
106
106
104
104
44
47
41
70
97
54
55
57
61
65
71
75
35
33
66
125
85
38
41
42
43
46
47
49
47
75
127
127
62
39
42
41
41
40
40
40
85
127
127
95
37
43
43
44
43
43
43
43
127
127
127
47
42
43
44
44
44
43
43
43
127
127
77
39
44
44
44
44
43
43
42
43
127
115
43
42
44
44
43
43
43
43
42
43
127
70
37
43
42
44
42
43
43
43
43
43
94
92
89
85
83
82
82
83
85
88
91
94
99
98
94
91
89
88
88
89
91
93
96
99
108
106
103
100
97
96
96
96
99
102
105
107
117
114
112
110
107
106
106
106
109
111
114
116
127
125
123
121
120
119
119
119
122
123
127
127
127
127
127
127
127
127
127
127
127
127
127
127
121
127
127
127
127
127
127
127
127
125
121
119
76
106
120
118
116
114
110
107
105
104
103
104
42
45
47
47
46
50
54
55
59
64
69
73
37
37
34
30
34
37
39
40
40
43
44
47
40
37
34
33
38
40
39
39
38
37
37
37
37
33
31
37
40
40
40
41
40
40
40
40
33
32
33
40
40
40
40
41
41
40
40
40
32
33
38
42
41
41
41
41
40
40
40
40
32
36
41
41
40
41
40
40
40
40
40
40
32
39
42
40
40
41
40
40
40
40
40
40
127
127
127
127
127
127
127
127
127
127
127
127
127
127
127
127
127
127
127
127
127
127
127
127
127
127
127
127
127
127
127
127
127
127
127
127
127
127
127
127
127
127
127
127
127
127
127
127
127
127
127
127
127
127
127
127
127
127
127
127
127
127
127
127
127
127
127
127
127
127
127
127
127
127
127
127
127
127
127
127
127
127
120
116
75
113
127
127
125
120
113
106
103
103
103
104
43
46
49
48
47
50
54
56
60
64
69
74
39
37
34
30
34
38
39
40
42
43
45
47
41
38
34
33
39
40
40
40
39
38
37
37
38
33
31
37
41
40
41
42
41
41
40
41
33
32
34
41
42
41
41
42
42
41
40
41
32
33
39
42
42
42
42
42
41
41
40
40
32
36
42
41
41
42
41
41
41
41
40
40
32
39
43
40
40
42
40
40
41
40
40
41
