82
78
76
74
71
71
71
71
74
76
79
82
87
85
82
79
77
76
75
77
79
82
85
87
95
92
89
87
85
84
83
85
87
89
92
94
104
101
99
96
94
93
93
94
96
98
101
104
116
112
110
108
106
106
106
106
108
110
115
123
127
127
127
126
125
124
124
123
124
125
126
127
113
127
127
127
127
127
127
127
126
125
123
120
73
97
113
114
117
113
110
107
106
106
103
103
44
47
44
57
100
60
54
57
61
64
69
74
38
32
49
113
106
41
40
42
43
45
47
49
40
61
109
127
87
39
42
43
41
40
40
40
62
122
127
127
45
41
44
45
43
43
43
44
127
127
127
77
38
43
43
43
43
43
43
43
127
127
127
43
40
42
43
42
43
43
43
43
127
127
78
35
43
42
43
42
42
42
43
43
127
127
44
40
44
43
43
42
41
41
41
42
94
92
89
85
83
82
82
83
85
88
91
94
99
97
94
91
89
88
88
89
91
93
97
99
108
106
103
99
97
96
96
96
99
102
105
107
117
115
112
110
107
106
106
106
109
111
113
116
127
126
123
121
119
119
119
120
122
123
127
127
127
127
127
127
127
127
127
127
127
127
127
127
116
127
127
127
127
127
127
127
127
126
122
119
71
98
119
118
116
114
110
107
105
104
103
103
43
44
47
48
46
50
53
54
58
63
68
72
38
37
36
31
32
37
38
40
40
43
44
47
40
39
36
33
37
40
39
39
38
37
37
37
39
35
32
35
40
40
40
41
40
40
40
40
34
32
33
38
40
40
40
40
40
40
40
40
32
32
34
39
40
40
41
40
40
40
41
40
32
33
37
40
40
39
40
40
39
39
40
40
32
34
39
40
42
40
40
39
38
38
38
40
127
127
127
127
127
127
127
127
127
127
127
127
127
127
127
127
127
127
127
127
127
127
127
127
127
127
127
127
127
127
127
127
127
127
127
127
127
127
127
127
127
127
127
127
127
127
127
127
127
127
127
127
127
127
127
127
127
127
127
127
127
127
127
127
127
127
127
127
127
127
127
127
126
127
127
127
127
127
127
127
127
127
120
116
69
103
127
127
125
120
113
106
103
103
103
103
42
45
49
48
46
50
53
55
59
63
68
73
39
38
35
31
32
37
39
40
41
43
45
47
40
40
36
32
37
40
40
40
39
38
37
38
40
35
32
34
41
41
41
42
41
40
40
42
34
32
33
38
41
41
41
40
41
41
41
41
32
32
34
40
40
40
42
40
40
41
42
41
32
33
37
40
41
40
41
40
40
40
41
41
32
34
39
41
42
40
40
40
39
39
39
40
