82
79
76
74
71
71
71
71
74
76
79
82
87
85
82
79
77
76
76
77
79
82
85
87
95
92
89
87
85
84
84
85
87
89
92
94
104
101
99
96
94
93
93
94
96
99
102
104
116
112
110
108
106
106
106
106
108
110
116
122
127
127
127
126
125
124
124
124
124
125
126
126
112
125
127
127
127
127
127
127
126
125
123
120
72
95
113
113
116
113
110
107
106
105
103
103
43
47
44
54
100
62
53
57
61
64
69
73
40
32
45
109
113
43
40
43
43
45
47
49
40
57
103
127
96
39
42
43
40
40
40
40
56
113
127
127
50
40
43
43
43
43
43
43
127
127
127
94
37
43
43
42
42
43
43
43
127
127
127
54
40
44
43
42
44
44
43
44
127
127
96
39
44
44
43
42
45
46
44
45
127
127
56
41
45
43
43
43
44
46
46
44
94
92
89
85
83
82
82
83
85
88
91
94
99
96
94
91
89
88
88
89
91
93
96
99
108
105
103
99
97
96
96
96
99
103
105
107
117
115
112
110
107
106
106
106
110
112
114
116
127
127
123
121
119
119
119
120
123
124
127
127
127
127
127
127
127
127
127
127
127
127
127
127
115
127
127
127
127
127
127
127
127
126
122
119
71
96
119
117
116
114
110
106
104
104
103
103
43
44
47
47
45
50
52
54
58
63
67
71
38
37
36
31
32
37
38
40
40
42
43
46
40
40
36
32
36
40
39
39
38
37
37
37
40
36
32
33
39
40
40
40
40
40
40
40
34
32
32
36
40
40
40
39
39
40
40
40
32
32
33
40
40
42
40
39
40
40
40
41
32
32
37
41
41
41
40
40
41
40
40
41
32
33
38
41
41
40
40
41
41
40
41
40
127
127
127
127
127
127
127
127
127
127
127
127
127
127
127
127
127
127
127
127
127
127
127
127
127
127
127
127
127
127
127
127
127
127
127
127
127
127
127
127
127
127
127
127
127
127
127
127
127
127
127
127
127
127
127
127
127
127
127
127
127
127
127
127
127
127
127
127
127
127
127
127
124
127
127
127
127
127
127
127
127
127
120
116
69
100
127
127
125
120
113
106
103
103
103
103
42
45
48
48
45
49
53
54
58
63
68
72
39
38
36
31
31
37
39
40
41
43
45
47
41
40
37
32
37
40
40
40
39
38
38
37
40
37
32
33
40
41
41
41
41
40
41
40
34
33
32
37
40
41
40
40
40
40
41
40
32
32
33
40
41
42
41
40
41
42
41
42
32
33
37
42
43
42
41
40
43
43
42
43
32
33
39
42
43
41
41
41
43
43
43
42
