82
79
76
74
71
71
71
71
74
76
79
82
87
85
82
79
77
76
76
77
79
82
85
87
95
92
89
87
85
84
84
85
87
89
92
95
104
102
99
96
94
93
93
94
96
99
102
105
115
112
110
108
106
106
106
106
109
112
117
123
127
127
127
127
125
124
124
123
124
125
126
125
116
127
127
127
127
127
127
127
125
123
121
118
78
103
113
113
115
110
108
106
104
103
103
102
44
47
41
75
93
51
54
57
61
64
70
74
33
35
74
125
75
37
41
43
43
45
47
48
51
82
127
127
54
40
42
42
41
40
40
40
98
127
127
73
37
43
43
44
44
43
43
43
127
127
103
40
42
44
44
44
44
43
43
43
127
127
55
39
42
42
43
43
43
43
43
43
127
83
37
42
40
41
42
43
43
43
43
43
126
44
41
41
40
43
42
43
44
42
42
43
94
91
88
85
83
82
82
83
85
89
92
94
99
96
93
91
89
88
88
89
91
94
96
99
107
105
103
99
96
96
96
97
99
102
105
108
116
114
112
109
106
106
106
107
110
112
115
117
127
124
122
121
119
119
119
120
123
124
127
127
127
127
127
127
127
127
127
127
127
127
127
127
120
127
127
127
127
127
127
127
127
124
121
117
77
107
117
116
115
113
108
105
103
103
102
102
42
46
47
46
46
50
53
54
58
63
68
72
38
37
34
30
34
37
38
40
40
43
44
46
40
37
34
34
39
39
39
38
38
38
37
37
37
33
32
39
41
40
40
40
41
41
40
40
33
32
36
40
41
41
41
40
41
40
40
40
31
34
40
40
40
40
40
40
40
40
40
40
33
37
40
40
38
40
39
40
40
40
40
40
35
40
40
39
38
40
40
41
42
39
40
40
127
127
127
127
127
127
127
127
127
127
127
127
127
127
127
127
127
127
127
127
127
127
127
127
127
127
127
127
127
127
127
127
127
127
127
127
127
127
127
127
127
127
127
127
127
127
127
127
127
127
127
127
127
127
127
127
127
127
127
127
127
127
127
127
127
127
127
127
127
127
127
127
127
127
127
127
127
127
127
127
127
126
119
115
76
115
127
126
123
118
110
103
101
102
103
102
43
47
49
47
46
50
52
55
58
63
68
73
39
37
33
30
34
37
39
40
41
43
45
47
40
37
34
34
40
40
40
40
39
39
38
37
37
33
32
40
41
42
41
41
42
42
41
41
33
32
36
41
42
42
42
41
42
41
40
40
31
34
40
41
40
40
40
40
40
40
41
41
33
39
41
40
39
40
40
41
41
40
41
41
35
41
41
40
39
40
40
42
43
40
40
41
