82
79
76
74
71
71
71
71
74
76
78
82
87
85
82
79
77
76
76
77
79
82
84
87
95
92
89
87
85
84
84
85
87
89
92
96
103
101
99
96
94
93
93
94
96
99
102
107
114
111
109
108
106
106
106
106
109
113
121
127
127
127
127
126
125
124
124
124
124
125
125
123
127
127
127
127
127
127
127
126
123
122
118
113
99
113
110
115
111
108
105
103
101
101
100
100
42
44
72
94
54
51
55
58
61
67
71
75
62
96
96
64
40
40
42
43
44
47
48
50
113
116
85
45
41
42
42
41
41
40
40
40
127
73
37
42
43
43
43
43
44
44
43
43
55
43
42
43
43
43
44
44
44
44
43
43
40
40
43
43
43
43
43
42
43
43
43
43
42
43
43
43
43
41
41
41
42
43
43
43
42
44
44
43
43
40
41
43
42
44
43
42
94
91
88
85
83
82
82
83
85
89
92
94
99
97
93
91
89
88
88
89
91
93
97
99
107
105
102
99
96
96
96
97
99
102
105
109
116
113
111
109
106
106
106
107
110
113
115
119
127
124
122
120
119
119
119
120
123
125
127
127
127
127
127
127
127
127
127
127
127
127
127
124
127
127
127
127
127
127
127
127
125
121
117
113
103
119
115
113
113
110
105
103
101
101
100
101
47
49
45
44
48
50
52
56
60
64
70
75
35
33
33
34
37
37
39
40
41
43
46
47
35
35
37
40
40
39
39
38
37
37
37
37
35
39
41
40
40
40
40
40
40
41
41
40
40
41
40
40
40
40
41
41
40
41
41
40
40
40
41
40
40
40
40
40
40
40
40
40
40
41
41
40
40
39
39
39
40
40
40
40
39
42
41
40
40
38
39
40
40
42
40
39
127
127
127
127
127
127
127
127
127
127
127
127
127
127
127
127
127
127
127
127
127
127
127
127
127
127
127
127
127
127
127
127
127
127
127
127
127
127
127
127
127
127
127
127
127
127
127
127
127
127
127
127
127
127
127
127
127
127
127
127
127
127
127
127
127
127
127
127
127
127
127
124
127
127
127
127
127
127
127
127
127
119
115
113
109
127
124
123
120
113
105
100
99
100
101
100
48
49
45
45
49
50
53
56
60
65
71
75
35
32
32
34
37
38
40
41
42
44
47
48
35
35
38
40
40
40
40
39
38
38
37
37
35
40
42
42
41
40
42
40
41
42
41
41
40
42
41
40
40
41
42
42
42
42
41
41
42
41
42
41
41
41
41
40
41
41
41
40
40
41
42
41
41
40
40
40
40
41
41
40
40
42
42
41
41
39
40
40
40
42
40
40
