82
79
76
74
71
71
71
71
74
76
78
82
87
85
82
78
76
75
75
77
79
82
84
87
95
92
89
86
84
83
83
85
87
89
92
96
103
100
98
96
94
93
93
94
96
99
103
109
114
111
109
107
106
106
106
107
110
113
122
127
127
127
127
125
125
125
124
124
124
125
124
123
127
127
127
127
127
127
127
125
123
121
116
113
100
115
110
115
110
107
105
103
101
100
99
100
41
49
77
89
53
51
54
58
61
67
71
75
75
98
87
58
40
41
41
43
44
47
49
50
111
106
74
43
42
43
42
41
41
40
40
40
106
54
37
43
43
43
43
44
44
44
43
43
44
41
41
42
43
43
41
42
42
43
43
43
39
41
43
43
43
43
42
43
43
43
42
42
46
44
43
44
44
43
43
43
45
43
42
42
47
45
43
46
45
43
43
43
47
45
43
42
94
91
88
85
83
82
82
83
85
89
92
94
99
96
93
91
89
88
88
89
91
93
97
99
107
105
102
99
96
96
96
97
99
102
105
109
116
114
111
109
106
106
106
107
110
113
116
119
127
124
122
120
119
119
119
120
123
125
127
127
127
127
127
127
127
127
127
127
127
127
126
123
127
127
127
127
127
127
127
127
125
120
116
113
104
120
113
113
112
110
104
102
100
100
99
100
48
49
44
45
47
50
52
56
60
64
70
75
35
33
33
35
37
38
39
40
42
43
46
48
35
36
38
40
40
40
39
38
37
37
37
37
36
40
40
40
40
40
40
40
40
41
41
40
40
40
39
40
41
40
39
39
40
40
40
40
40
40
40
40
40
40
40
40
40
40
39
40
41
40
40
41
40
40
41
40
42
40
39
39
42
41
40
42
41
40
41
40
42
41
40
40
127
127
127
127
127
127
127
127
127
127
127
127
127
127
127
127
127
127
127
127
127
127
127
127
127
127
127
127
127
127
127
127
127
127
127
127
127
127
127
127
127
127
127
127
127
127
127
127
127
127
127
127
127
127
127
127
127
127
127
127
127
127
127
127
127
127
127
127
127
127
127
123
127
127
127
127
127
127
127
127
127
118
113
112
110
127
123
123
120
113
105
100
99
99
99
100
50
50
45
45
48
50
53
56
60
65
71
75
35
32
32
34
37
38
40
40
42
44
47
49
35
36
38
40
40
40
40
39
39
38
38
37
36
40
41
42
41
40
41
42
41
42
42
40
40
40
40
40
41
41
40
40
40
41
40
40
41
40
40
40
41
41
40
40
40
41
40
40
42
41
41
42
42
41
42
41
42
41
40
40
43
43
41
43
43
41
42
41
43
42
40
40
