82
79
76
74
71
71
71
71
74
77
80
82
86
84
81
78
76
75
75
77
79
82
85
88
94
92
89
86
84
83
83
85
87
90
92
96
103
100
98
96
93
92
93
95
97
100
103
108
113
111
108
106
105
105
106
107
110
114
121
127
127
125
125
124
123
123
124
124
124
125
125
123
116
127
127
127
127
127
127
125
123
120
116
113
78
110
116
112
112
106
104
102
99
99
98
98
37
48
69
88
63
50
54
55
59
64
68
73
72
92
85
64
44
40
41
42
43
46
47
49
106
102
77
47
41
43
42
42
41
40
40
40
99
54
37
41
43
43
43
44
43
43
43
43
45
41
41
43
43
43
44
44
43
43
43
43
39
40
42
43
43
43
43
43
43
43
42
43
43
42
43
42
43
42
42
43
43
43
43
43
42
43
43
42
44
43
42
43
43
44
44
43
94
90
88
85
83
82
82
83
85
89
92
95
99
96
93
91
89
88
88
89
91
94
97
100
106
104
101
99
96
96
96
97
99
103
106
110
116
113
110
108
106
106
106
107
110
113
116
120
126
123
120
119
118
118
119
120
123
126
127
127
127
127
127
127
127
127
127
127
127
127
127
123
121
127
127
127
127
127
127
127
126
120
116
112
77
114
122
113
112
110
105
101
99
99
98
98
42
51
49
44
46
49
50
54
57
62
68
71
36
34
33
34
36
37
37
40
40
43
45
47
37
35
37
40
40
40
39
39
38
37
37
37
37
40
41
40
41
40
40
40
41
40
40
40
41
40
40
40
41
40
41
40
41
40
40
40
40
39
40
40
40
40
40
40
40
40
39
40
39
40
40
39
41
40
39
40
40
40
40
40
39
40
41
40
42
40
39
40
40
41
41
40
127
127
127
127
127
127
127
127
127
127
127
127
127
127
127
127
127
127
127
127
127
127
127
127
127
127
127
127
127
127
127
127
127
127
127
127
127
127
127
127
127
127
127
127
127
127
127
127
127
127
127
127
127
127
127
127
127
127
127
127
127
127
127
127
127
127
127
127
127
127
127
123
127
127
127
127
127
127
127
127
127
120
113
110
76
125
127
123
120
115
106
99
97
98
99
98
43
53
50
44
47
50
50
54
57
63
68
72
36
34
33
34
36
37
38
40
41
43
46
48
37
36
38
40
41
40
40
40
39
38
37
38
38
40
42
41
42
41
41
42
42
41
40
41
42
40
40
41
42
41
42
41
42
40
40
41
41
40
40
40
40
40
41
41
41
40
40
41
40
40
40
40
41
40
40
41
41
41
40
41
40
41
41
40
43
41
40
40
41
42
42
41
