84
81
78
75
72
71
71
71
74
77
80
83
88
85
82
78
76
75
75
77
79
82
85
89
94
92
89
85
83
82
83
85
87
90
95
97
103
100
97
94
92
92
92
94
96
100
104
106
116
110
107
104
103
103
103
106
109
112
116
120
119
121
123
120
119
121
123
125
127
127
127
127
100
106
113
127
127
125
127
127
127
124
121
118
65
70
77
110
119
110
108
103
99
97
95
94
44
44
44
52
47
85
80
47
53
55
58
61
40
41
37
33
69
127
70
37
41
43
43
45
42
39
40
70
127
127
56
40
42
41
42
41
42
40
64
127
127
118
38
43
43
43
43
43
37
76
127
127
127
76
39
44
44
43
45
44
92
127
127
127
127
49
40
43
43
43
45
44
127
127
127
127
102
37
42
42
43
43
43
44
127
127
127
127
72
37
44
42
43
42
42
44
96
92
88
85
83
82
82
83
85
89
92
96
100
96
92
90
88
87
87
89
91
94
98
101
107
103
100
98
96
95
95
96
99
103
106
110
116
112
110
107
105
104
105
106
109
113
117
120
127
124
120
117
116
116
116
119
121
127
127
127
123
127
127
127
127
127
127
127
127
127
127
127
99
108
118
127
127
127
127
127
127
127
123
118
65
69
76
114
126
112
109
105
99
96
94
94
42
42
42
50
53
43
44
48
50
53
57
59
38
38
38
38
35
30
34
37
38
40
41
43
40
40
40
37
33
33
39
40
39
39
38
38
40
40
38
33
31
36
41
40
40
40
40
40
41
38
33
32
33
38
40
40
41
40
40
41
38
33
32
32
33
38
40
40
40
40
40
42
34
32
32
32
36
39
40
39
40
40
40
42
32
32
32
33
38
40
42
40
40
40
40
41
127
127
127
127
127
127
127
127
127
127
127
127
127
127
127
127
127
127
127
127
127
127
127
127
127
127
127
127
127
127
127
127
127
127
127
127
127
127
127
127
127
127
127
127
127
127
127
127
127
127
127
127
127
127
127
127
127
127
127
127
127
127
127
127
127
127
127
127
127
127
127
127
99
113
127
127
127
127
127
127
127
127
127
116
64
68
74
125
127
122
116
108
99
94
92
93
43
43
42
52
55
43
45
49
50
53
56
59
39
39
39
38
35
30
34
38
39
40
42
43
40
40
41
38
33
33
40
40
40
39
40
39
41
40
39
33
31
36
41
41
41
40
41
40
42
39
33
32
33
39
40
42
42
41
41
42
39
34
32
32
33
39
40
40
41
41
41
43
34
31
32
32
36
40
40
40
41
41
41
43
31
32
32
33
39
42
42
40
41
40
40
42
