83
80
76
74
71
71
71
71
74
76
80
83
88
85
82
78
76
75
75
77
79
82
85
89
95
92
89
85
83
82
83
85
87
91
95
97
103
100
97
94
92
92
92
94
96
100
104
106
116
111
107
104
103
103
103
106
108
112
116
120
117
120
122
120
119
121
123
125
127
127
127
127
98
105
112
127
127
127
123
127
126
123
120
118
64
69
76
108
121
110
106
101
98
96
93
92
43
44
44
50
54
54
96
54
50
54
55
58
41
40
40
40
39
50
127
76
37
42
43
43
44
43
43
43
37
76
127
118
41
41
41
41
44
44
43
43
38
116
127
127
56
40
43
43
43
43
43
39
54
127
127
127
85
38
43
44
43
43
44
39
89
127
127
127
124
40
42
43
43
43
43
47
127
127
127
127
127
58
38
42
43
45
42
58
127
127
127
127
127
80
36
42
96
92
89
85
83
82
82
83
85
89
92
96
100
97
93
90
88
87
87
89
91
94
98
101
107
104
101
98
96
95
95
96
99
103
106
110
116
113
110
106
104
104
104
106
109
113
117
120
127
124
120
116
116
116
116
119
121
127
127
127
121
127
127
127
127
127
127
127
127
127
127
127
98
106
117
127
127
127
127
127
127
127
123
117
64
68
75
111
127
112
107
103
98
94
92
92
42
42
42
47
53
47
43
47
50
52
55
57
38
38
37
37
37
36
30
35
39
40
40
41
40
40
40
40
40
38
31
35
40
40
38
38
40
40
40
40
40
36
32
33
40
40
40
40
40
40
40
40
39
33
32
32
37
41
41
41
40
40
40
41
38
32
32
32
35
40
40
41
40
40
40
41
36
32
32
32
33
39
38
40
40
40
40
40
33
32
32
32
32
37
37
39
127
127
127
127
127
127
127
127
127
127
127
127
127
127
127
127
127
127
127
127
127
127
127
127
127
127
127
127
127
127
127
127
127
127
127
127
127
127
127
127
127
127
127
127
127
127
127
127
127
127
127
127
127
127
127
127
127
127
127
127
127
127
127
127
127
127
127
127
127
127
127
127
96
109
127
127
127
127
127
127
127
127
127
118
64
66
73
122
127
122
114
106
98
92
90
91
43
43
43
50
55
47
43
47
50
52
54
57
39
39
38
37
37
36
29
34
40
40
41
43
41
40
40
40
40
39
31
35
40
40
39
39
42
41
41
41
41
36
32
34
40
41
40
41
41
41
41
41
40
33
32
32
37
41
42
42
41
40
42
43
39
32
32
32
35
41
40
42
41
40
42
42
37
32
32
32
33
39
38
40
41
41
42
40
33
32
32
32
32
37
38
40
