83
80
76
74
71
71
71
71
74
76
80
83
88
85
82
78
76
75
75
77
79
82
85
89
95
92
89
85
83
82
83
85
87
91
95
97
103
100
97
94
92
92
92
94
96
100
104
106
116
110
106
104
103
103
103
106
108
112
116
120
118
121
122
120
119
121
123
125
126
127
127
127
99
106
113
127
127
127
123
126
125
123
120
117
64
69
79
113
120
110
105
99
97
95
92
91
43
43
44
51
54
58
94
52
50
54
56
58
42
41
40
40
40
47
127
85
36
43
43
44
43
43
43
43
40
55
127
127
50
39
43
42
43
43
44
44
40
74
127
127
86
38
43
43
43
43
43
43
37
98
127
127
127
47
40
43
43
43
43
43
41
122
127
127
127
92
39
43
43
43
43
42
53
127
127
127
127
127
56
42
43
43
43
40
63
127
127
127
127
127
79
40
96
92
89
85
83
82
82
83
85
89
92
96
100
97
93
90
88
87
87
89
91
94
98
101
107
104
100
98
96
95
95
96
99
103
106
110
116
113
109
107
105
104
104
106
109
113
117
120
127
124
120
116
116
116
116
119
121
127
127
127
122
127
127
127
127
127
127
127
127
127
127
127
99
107
120
127
127
127
127
127
127
127
122
116
64
68
78
116
126
111
106
103
97
93
92
91
42
42
42
49
53
45
43
47
49
52
54
57
39
38
37
37
37
36
30
34
39
40
40
42
40
40
40
40
40
39
32
33
39
39
39
38
41
40
40
40
41
38
32
33
37
40
40
40
40
40
40
40
40
37
32
32
34
40
40
40
40
40
40
40
41
35
32
32
32
37
40
40
40
40
40
41
40
33
32
32
32
34
40
42
40
40
41
41
40
33
32
32
32
32
39
43
127
127
127
127
127
127
127
127
127
127
127
127
127
127
127
127
127
127
127
127
127
127
127
127
127
127
127
127
127
127
127
127
127
127
127
127
127
127
127
127
127
127
127
127
127
127
127
127
127
127
127
127
127
127
127
127
127
127
127
127
127
127
127
127
127
127
127
127
127
127
127
127
96
110
127
127
127
127
127
127
127
127
127
116
64
67
78
127
127
120
113
105
97
92
89
91
43
43
42
50
54
46
43
47
50
52
55
57
40
40
38
37
37
36
30
34
40
40
42
43
41
42
40
40
40
40
32
33
40
40
40
39
42
42
41
41
42
39
32
33
37
40
41
41
41
40
41
40
41
37
32
32
34
40
40
40
40
40
41
41
42
35
32
32
32
38
42
41
40
40
41
42
42
33
32
32
32
34
41
43
41
41
42
41
40
33
32
32
32
32
39
43
