82
81
78
74
71
71
71
71
74
76
80
83
87
85
81
78
76
75
75
77
79
82
85
89
94
92
88
85
83
83
83
85
87
90
94
97
103
100
97
94
92
92
92
94
96
100
104
107
113
110
106
104
103
103
104
106
109
113
117
121
123
124
122
120
120
123
123
125
126
126
125
124
106
117
127
127
127
123
124
124
122
120
116
112
69
85
109
117
113
103
98
96
92
90
89
88
44
45
49
53
60
93
51
49
53
54
57
60
41
40
40
39
47
127
90
36
42
43
43
44
43
43
43
39
54
127
127
54
39
42
41
41
42
43
43
38
70
127
127
96
39
43
43
43
43
43
43
37
90
127
127
127
53
40
43
44
45
44
42
39
110
127
127
127
98
37
43
44
44
43
40
45
127
127
127
127
127
57
41
44
43
42
40
52
127
127
127
127
127
88
39
43
95
92
88
85
83
82
82
83
85
89
92
96
99
96
92
90
88
87
87
89
91
94
98
101
106
104
100
98
96
95
95
96
99
103
107
110
115
113
110
107
105
104
105
106
110
113
116
120
126
122
120
117
116
116
116
119
123
127
127
127
127
127
127
127
127
127
127
127
127
127
127
127
110
124
127
127
127
127
127
127
127
121
116
112
68
86
113
123
114
104
101
95
92
89
89
88
42
43
47
51
47
42
46
48
50
53
56
58
38
37
36
37
36
30
33
38
39
40
41
42
40
40
40
40
39
33
33
38
39
39
38
37
39
40
40
40
39
33
32
37
41
40
40
40
40
40
40
40
37
32
32
34
40
40
40
41
41
41
40
40
35
32
32
32
37
40
40
42
40
40
40
38
33
32
32
32
33
40
40
41
40
39
40
38
33
32
32
32
32
38
41
40
127
127
127
127
127
127
127
127
127
127
127
127
127
127
127
127
127
127
127
127
127
127
127
127
127
127
127
127
127
127
127
127
127
127
127
127
127
127
127
127
127
127
127
127
127
127
127
127
127
127
127
127
127
127
127
127
127
127
127
127
127
127
127
127
127
127
127
127
127
127
127
127
113
127
127
127
127
127
127
127
127
127
116
109
66
88
125
127
127
111
103
96
90
88
87
88
43
43
47
53
49
42
47
48
50
53
55
58
39
38
36
37
36
30
33
39
40
40
42
43
40
41
40
40
40
33
33
40
40
40
39
39
40
40
40
41
40
33
32
38
42
41
40
41
41
41
40
41
37
32
32
34
40
41
40
42
42
42
40
40
36
32
32
32
37
41
41
43
41
41
40
39
34
32
32
32
33
40
41
42
40
40
41
39
33
32
32
32
32
38
42
41
