82
81
78
74
71
71
71
71
74
76
80
83
87
85
81
78
76
75
75
77
79
82
85
89
95
92
88
85
83
83
83
85
87
90
94
97
103
100
97
94
92
92
92
94
96
99
104
107
112
109
106
104
103
103
104
106
109
113
117
122
124
124
122
120
121
123
123
125
125
126
124
123
110
121
127
127
127
122
125
123
120
118
114
110
72
93
110
117
111
101
97
94
91
89
87
88
43
47
50
50
74
85
46
50
52
55
57
60
41
40
39
34
77
127
54
38
43
43
44
44
43
43
42
37
100
127
93
37
42
42
42
41
43
44
43
44
127
127
127
47
41
44
44
43
44
44
40
61
127
127
127
77
37
42
43
43
43
43
38
89
127
127
127
118
41
40
41
43
42
42
42
125
127
127
127
127
61
41
43
42
42
41
50
127
127
127
127
127
85
43
46
42
95
92
88
85
83
82
82
83
85
89
92
96
99
96
92
90
88
87
87
89
91
94
98
101
106
104
100
98
96
95
95
96
99
103
107
110
115
113
110
107
105
104
105
106
110
113
117
120
126
122
120
117
116
116
116
119
123
127
127
127
127
127
127
127
127
127
127
127
127
127
127
126
113
127
127
127
127
127
127
127
125
120
114
110
71
95
116
122
113
103
99
93
90
88
88
87
43
43
47
50
46
43
47
48
50
53
56
58
38
37
36
37
34
30
36
39
39
40
41
42
40
40
40
40
36
30
36
40
39
39
39
38
40
40
40
40
34
31
34
40
40
40
41
41
40
41
41
39
33
32
32
37
40
40
40
40
40
40
40
37
32
32
32
35
40
39
39
40
40
40
40
35
32
32
32
33
39
40
40
40
40
40
40
33
32
32
32
32
39
42
41
40
127
127
127
127
127
127
127
127
127
127
127
127
127
127
127
127
127
127
127
127
127
127
127
127
127
127
127
127
127
127
127
127
127
127
127
127
127
127
127
127
127
127
127
127
127
127
127
127
127
127
127
127
127
127
127
127
127
127
127
127
127
127
127
127
127
127
127
127
127
127
127
127
120
127
127
127
127
127
127
127
127
123
113
107
68
99
127
127
123
110
102
94
89
87
87
88
42
44
47
52
47
43
47
49
50
54
57
59
39
37
36
37
34
29
37
40
40
41
43
43
41
40
41
40
37
31
37
40
40
40
39
40
41
41
42
41
35
31
33
40
41
42
41
42
42
42
42
40
33
32
32
38
41
40
41
41
41
41
41
38
32
32
32
36
40
40
40
40
41
41
41
35
32
32
32
33
39
41
40
40
40
41
40
33
32
32
32
32
39
44
43
40
