83
80
77
75
73
71
71
72
75
78
81
84
88
85
82
79
77
76
76
78
80
83
86
89
96
92
89
86
84
84
84
85
88
91
95
98
103
99
97
95
92
92
93
95
97
101
105
108
112
110
107
105
103
104
105
107
110
115
120
124
127
125
122
121
122
123
124
125
124
124
123
120
119
127
127
127
123
124
123
120
117
114
110
106
84
103
110
116
108
98
94
91
87
86
85
85
45
48
47
64
95
50
47
50
53
55
57
60
40
38
33
101
127
44
39
42
43
43
44
46
42
38
68
127
127
48
40
42
42
42
42
42
40
51
127
127
127
47
41
42
43
43
44
44
42
115
127
127
127
44
41
43
43
43
43
43
102
127
127
127
121
41
42
44
44
43
43
42
127
127
127
127
113
40
43
45
44
44
42
42
127
127
127
127
107
40
43
44
43
43
42
42
96
92
90
86
84
83
83
84
86
89
93
96
100
97
94
91
89
88
88
89
92
95
99
102
108
105
101
99
96
96
96
97
100
103
108
111
116
113
110
108
106
105
106
107
111
114
118
121
125
122
120
118
116
116
118
120
123
127
127
127
127
127
127
127
127
127
127
127
127
127
126
122
125
127
127
127
127
127
127
127
121
115
110
105
84
107
115
120
109
100
95
90
87
85
85
85
43
45
47
48
44
44
46
48
50
54
57
58
37
36
37
32
30
37
37
39
40
40
42
43
40
40
38
33
33
40
40
40
39
39
38
39
40
40
35
32
34
40
40
40
40
40
40
41
40
36
32
31
35
41
40
40
40
40
40
40
37
33
32
32
35
40
40
40
41
40
40
40
33
32
32
32
35
40
40
41
41
40
40
40
32
32
32
32
36
41
41
40
40
40
39
39
127
127
127
127
127
127
127
127
127
127
127
127
127
127
127
127
127
127
127
127
127
127
127
127
127
127
127
127
127
127
127
127
127
127
127
127
127
127
127
127
127
127
127
127
127
127
127
127
127
127
127
127
127
127
127
127
127
127
127
127
127
127
127
127
127
127
127
127
127
127
127
125
127
127
127
127
127
127
127
127
127
116
107
103
85
116
127
127
117
104
96
88
85
84
84
85
43
45
47
49
44
44
47
48
50
54
56
58
38
37
37
32
30
37
38
40
40
41
43
43
41
41
39
32
33
40
40
40
40
40
39
40
41
40
34
31
34
40
41
40
41
41
41
42
41
36
32
31
36
42
40
40
41
40
40
41
37
33
32
31
36
41
41
42
42
41
40
40
33
32
32
31
36
41
43
42
42
41
40
40
32
32
32
32
36
42
43
41
41
40
40
40
