83
80
76
75
73
72
72
72
75
78
81
83
88
85
82
79
77
76
76
77
79
82
86
89
95
92
89
86
84
83
83
85
87
90
94
98
103
100
97
95
92
92
92
95
97
101
105
109
112
110
107
105
103
103
104
106
110
115
120
125
127
125
123
121
121
123
123
124
123
123
121
119
121
127
127
126
124
123
122
120
116
112
107
103
90
103
108
115
106
96
92
89
85
84
83
82
46
46
43
93
75
43
49
50
53
54
57
60
34
35
81
127
62
36
41
42
43
43
44
46
46
79
127
127
50
40
42
43
42
42
42
41
82
127
127
96
37
42
42
43
43
44
44
43
127
127
127
56
41
44
43
43
43
43
43
43
127
127
114
40
43
44
43
42
42
41
43
43
127
127
71
38
43
44
43
42
43
43
43
43
127
127
46
41
43
43
43
43
44
47
43
42
96
92
89
86
84
82
82
84
86
89
92
96
100
97
94
91
89
88
88
89
92
94
98
102
108
105
102
99
96
96
96
97
99
103
107
111
116
113
110
107
105
105
105
107
110
114
118
121
125
123
120
117
116
116
117
120
123
127
127
127
127
127
127
127
127
127
127
127
127
127
124
120
127
127
127
127
127
127
127
125
118
112
106
103
91
107
114
117
107
98
92
88
85
84
83
82
43
46
47
46
44
45
46
47
50
54
56
58
37
37
33
30
35
37
37
39
40
40
42
43
40
37
33
33
40
40
40
40
39
39
39
39
37
33
31
37
40
40
40
40
40
40
41
41
33
32
33
40
40
40
40
40
40
40
40
40
32
32
36
41
41
40
40
40
39
39
40
40
32
33
39
41
41
40
40
40
40
40
40
40
32
34
40
40
40
41
40
40
40
42
40
40
127
127
127
127
127
127
127
127
127
127
127
127
127
127
127
127
127
127
127
127
127
127
127
127
127
127
127
127
127
127
127
127
127
127
127
127
127
127
127
127
127
127
127
127
127
127
127
127
127
127
127
127
127
127
127
127
127
127
127
127
127
127
127
127
127
127
127
127
127
127
127
121
127
127
127
127
127
127
127
127
124
112
104
100
94
117
127
127
116
102
92
85
82
83
84
82
43
45
47
46
45
45
47
49
50
54
56
58
38
37
33
30
35
37
38
40
40
42
43
43
41
39
33
33
40
41
40
40
40
40
40
40
38
33
31
37
41
40
40
40
41
42
42
42
33
32
33
40
42
41
41
40
40
40
41
41
32
32
36
42
42
41
41
40
40
40
40
40
32
33
39
42
41
41
41
40
40
41
40
40
32
34
41
41
40
41
42
40
42
43
41
40
