85
82
78
74
71
71
71
71
74
76
80
83
89
85
82
78
76
75
75
76
78
82
85
89
95
92
89
85
83
82
82
84
86
90
94
97
103
100
97
94
92
91
92
94
96
100
104
108
112
109
106
104
103
103
103
106
109
114
120
125
127
125
122
120
120
121
123
123
123
123
120
118
117
124
127
125
125
123
121
119
116
111
106
102
82
97
106
114
111
96
91
88
84
82
82
81
45
43
42
92
77
43
47
49
51
54
56
58
32
44
96
120
54
38
40
40
42
43
44
45
61
101
127
104
43
43
43
43
42
42
42
41
122
127
127
47
40
43
43
44
43
43
44
43
127
127
71
40
43
43
43
43
43
44
43
44
127
103
42
42
44
44
43
43
42
43
43
43
127
55
38
44
44
45
43
43
41
42
43
42
78
38
43
44
43
44
42
43
40
42
43
42
96
92
89
85
83
82
82
83
85
88
92
96
100
97
93
90
88
87
87
89
91
94
98
101
108
105
101
98
96
95
95
96
99
103
107
110
116
113
110
106
104
104
104
106
110
113
116
120
124
122
120
116
115
115
116
119
123
127
127
127
127
127
127
127
127
127
127
127
127
127
123
119
124
127
127
127
127
127
127
123
118
112
105
101
83
99
110
116
113
99
92
86
83
82
82
81
43
43
47
44
46
45
45
47
50
51
54
57
38
36
32
31
36
37
37
38
40
40
41
43
39
36
33
36
40
40
40
40
39
39
39
38
35
32
34
39
40
40
40
40
40
40
40
40
32
33
39
40
40
40
40
40
40
41
40
41
32
37
40
40
40
41
40
40
40
40
40
40
34
40
40
40
40
41
40
40
39
39
40
40
37
41
40
41
40
40
40
40
38
39
40
40
127
127
127
127
127
127
127
127
127
127
127
127
127
127
127
127
127
127
127
127
127
127
127
127
127
127
127
127
127
127
127
127
127
127
127
127
127
127
127
127
127
127
127
127
127
127
127
127
127
127
127
127
127
127
127
127
127
127
127
127
127
127
127
127
127
127
127
127
127
127
127
120
127
127
127
127
127
127
127
127
124
111
103
99
82
106
123
127
123
104
92
85
81
82
81
81
43
44
47
45
47
45
46
47
49
52
55
57
39
36
32
30
36
37
38
40
40
41
42
43
40
37
33
36
41
40
40
40
40
40
40
39
35
32
34
40
41
40
40
42
41
41
42
41
31
33
39
42
40
40
40
41
40
42
41
42
32
37
41
42
41
42
40
41
40
40
41
41
35
40
41
42
42
42
40
41
40
40
41
41
38
42
41
42
41
41
40
40
39
40
41
40
