85
82
78
75
73
71
71
71
74
77
80
83
89
86
82
79
77
75
75
76
78
82
85
89
96
92
89
85
83
82
82
84
86
89
93
97
104
101
97
94
92
91
91
93
96
100
104
108
113
110
107
104
102
102
103
105
108
113
119
123
126
125
123
120
118
120
122
123
123
123
122
119
113
119
124
124
124
124
121
120
116
112
106
102
75
87
100
108
115
103
92
88
84
81
78
78
45
44
39
67
97
50
47
47
50
51
54
56
34
36
69
123
82
38
40
41
42
43
43
44
50
81
127
127
59
40
43
43
43
42
41
41
95
127
127
79
36
43
43
43
43
43
43
43
127
127
110
42
43
43
42
42
43
43
44
44
127
127
58
38
44
44
42
43
42
43
43
44
127
82
37
43
43
44
44
44
42
43
43
43
120
43
41
44
44
45
46
45
42
43
43
42
97
93
89
86
84
82
82
83
85
88
92
96
102
98
94
91
89
87
87
89
91
93
97
101
109
106
101
98
96
95
95
96
99
103
106
110
116
113
110
106
104
103
104
106
109
113
117
120
126
122
120
116
115
114
116
118
123
126
127
127
127
127
127
127
127
127
127
127
127
127
125
120
117
127
127
127
127
127
127
125
120
113
106
100
75
88
103
112
116
106
93
87
82
80
78
78
43
43
45
45
44
46
44
45
47
49
52
54
39
37
34
30
33
37
37
38
39
40
40
42
40
37
34
33
38
40
40
40
40
39
38
38
37
33
32
38
40
40
40
40
41
40
40
40
33
32
37
41
41
40
39
39
40
40
41
40
31
34
40
41
40
41
40
40
39
40
40
40
33
39
41
40
40
41
41
42
39
40
40
40
35
41
40
40
41
41
42
42
39
41
41
39
127
127
127
127
127
127
127
127
127
127
127
127
127
127
127
127
127
127
127
127
127
127
127
127
127
127
127
127
127
127
127
127
127
127
127
127
127
127
127
127
127
127
127
127
127
127
127
127
127
127
127
127
127
127
127
127
127
127
127
127
127
127
127
127
127
127
127
127
127
127
127
123
127
127
127
127
127
127
127
127
127
114
103
98
72
89
113
124
127
116
96
85
81
79
78
78
43
43
46
46
45
47
44
46
47
50
53
55
40
38
34
30
33
37
38
39
40
40
42
43
40
38
34
34
39
40
41
40
40
40
39
39
37
33
32
39
40
41
41
41
42
41
40
40
33
32
37
42
42
41
40
40
40
41
42
42
31
34
41
42
41
42
40
41
40
40
41
42
33
39
42
41
40
42
42
43
40
41
41
40
35
42
41
41
41
42
43
43
40
42
42
40
