86
82
78
75
73
71
71
71
74
77
80
83
90
86
82
79
77
75
75
76
78
82
85
89
96
92
89
85
83
82
82
84
86
89
93
97
104
101
97
94
92
91
91
93
96
100
104
107
113
110
107
104
102
102
102
104
108
113
118
123
125
124
123
120
119
120
121
123
124
123
122
119
110
116
123
124
124
125
122
119
116
112
107
102
72
83
96
106
114
108
95
88
83
80
78
78
45
45
40
53
99
58
45
47
49
50
53
55
38
32
52
113
104
41
39
40
42
42
43
44
43
64
115
127
82
40
43
42
43
42
42
42
70
127
127
121
40
42
43
43
43
43
43
43
127
127
127
57
41
45
43
45
44
44
43
44
127
127
93
38
42
45
44
44
44
44
43
44
127
127
49
39
42
44
44
43
44
44
43
44
127
83
37
43
42
44
43
42
44
44
43
44
98
94
90
86
84
82
82
83
85
88
92
96
103
99
95
91
89
87
87
89
91
93
97
101
110
106
103
98
96
95
95
96
99
103
106
110
117
114
110
106
104
103
103
106
108
113
117
120
127
123
120
116
114
114
115
117
122
126
127
127
127
127
127
127
127
127
127
127
127
127
126
120
114
123
127
127
127
127
127
126
120
114
106
101
72
83
99
110
116
110
96
88
82
79
78
78
43
43
44
46
43
46
44
44
47
48
50
53
39
37
35
32
32
36
37
37
39
40
40
41
40
38
35
33
37
40
40
40
40
39
38
39
38
34
31
36
40
40
40
40
40
40
40
40
33
32
33
38
41
40
40
40
40
41
40
41
32
32
37
40
40
41
41
41
40
41
41
42
32
34
40
40
39
41
41
40
41
41
41
42
32
37
42
40
40
41
41
40
42
42
40
42
127
127
127
127
127
127
127
127
127
127
127
127
127
127
127
127
127
127
127
127
127
127
127
127
127
127
127
127
127
127
127
127
127
127
127
127
127
127
127
127
127
127
127
127
127
127
127
127
127
127
127
127
127
127
127
127
127
127
127
127
127
127
127
127
127
127
127
127
127
127
127
125
122
127
127
127
127
127
127
127
127
116
105
99
70
83
106
121
127
122
99
87
80
78
78
78
43
43
45
46
45
47
45
45
47
49
51
54
40
38
36
31
32
36
37
38
40
40
42
43
41
39
36
33
38
40
40
40
40
40
40
40
39
34
31
36
41
41
41
40
41
40
40
41
33
31
32
39
42
42
41
41
42
42
41
42
32
32
37
41
40
42
42
42
42
42
41
43
32
35
40
41
40
42
42
41
42
42
41
43
33
38
43
40
40
42
42
40
43
43
41
43
