87
83
79
76
74
71
71
71
74
77
80
83
91
87
83
80
78
75
75
76
78
82
85
89
97
93
89
86
84
82
82
84
86
89
93
97
105
102
98
94
92
91
91
92
96
99
104
107
114
110
106
104
102
101
102
104
107
113
117
123
124
124
123
120
118
118
120
123
123
123
122
120
109
115
121
124
123
125
123
119
116
113
108
103
71
80
93
103
112
111
97
88
83
79
78
77
43
45
42
42
93
71
45
47
48
49
51
54
40
33
37
91
126
54
37
40
41
42
43
43
37
50
89
127
120
44
41
43
43
43
42
42
49
96
127
127
70
38
42
43
43
43
43
43
124
127
127
117
43
43
44
43
43
43
43
44
127
127
127
68
40
44
44
44
43
42
42
43
127
127
115
40
43
43
43
43
43
43
42
43
127
127
72
37
44
43
43
42
43
43
43
44
99
95
92
88
85
82
82
83
85
88
92
96
103
99
96
92
89
87
87
88
90
93
97
101
110
106
102
99
96
95
95
96
98
102
106
110
118
114
110
107
105
103
103
106
108
113
116
120
127
123
120
117
114
114
115
117
121
126
127
127
127
127
127
127
127
127
127
127
127
127
127
121
111
120
127
127
127
127
127
127
121
115
107
101
70
79
95
108
114
113
99
88
82
79
78
77
41
43
43
45
43
46
45
44
46
47
50
52
38
38
37
33
30
35
37
37
38
40
40
41
40
40
37
33
35
40
40
40
40
40
39
39
40
37
33
32
39
40
40
40
40
40
40
40
35
33
32
35
41
41
41
40
40
40
40
41
33
32
33
39
41
41
41
40
41
39
39
40
32
32
37
40
41
41
40
40
41
40
40
40
32
33
40
40
42
40
40
40
40
41
40
42
127
127
127
127
127
127
127
127
127
127
127
127
127
127
127
127
127
127
127
127
127
127
127
127
127
127
127
127
127
127
127
127
127
127
127
127
127
127
127
127
127
127
127
127
127
127
127
127
127
127
127
127
127
127
127
127
127
127
127
127
127
127
127
127
127
127
127
127
127
127
127
127
116
127
127
127
127
127
127
127
127
119
106
99
68
78
99
118
127
127
103
89
80
77
77
77
42
43
44
46
45
46
45
44
46
47
50
53
39
39
37
33
30
35
37
38
39
40
41
42
41
40
37
33
36
40
40
41
40
40
40
40
40
37
32
32
40
41
40
41
41
41
40
41
35
33
31
36
43
42
42
41
41
40
40
42
33
32
33
40
43
42
42
42
41
40
40
41
32
32
37
42
42
41
41
41
41
40
40
41
32
33
40
41
42
40
40
40
41
41
40
43
