89
85
81
77
75
72
72
71
74
75
79
82
92
89
85
81
78
76
76
76
78
81
85
88
99
95
91
87
84
82
82
84
86
89
93
96
106
103
99
95
92
91
91
92
95
99
103
107
116
112
108
104
102
101
101
103
106
112
116
121
123
125
123
121
118
118
118
122
124
123
123
120
106
113
118
123
123
122
125
120
116
111
106
101
69
75
85
96
105
111
107
92
83
76
73
72
44
45
45
41
61
95
50
47
47
47
47
49
42
41
37
34
102
125
39
40
42
42
42
43
43
41
39
75
127
127
40
43
43
43
43
43
42
40
57
127
127
121
40
43
43
43
44
43
37
47
127
127
127
110
40
45
43
42
43
43
45
109
127
127
127
98
40
45
43
43
43
43
95
127
127
127
127
86
40
44
43
44
43
43
127
127
127
127
127
78
40
43
44
44
44
43
100
96
93
88
86
84
82
83
85
88
92
95
105
101
97
92
90
88
87
88
90
93
97
101
112
108
103
99
96
95
95
96
98
102
106
110
120
116
112
108
105
103
103
105
107
113
116
120
127
125
121
118
115
113
114
116
120
125
127
127
127
127
127
127
127
127
127
127
127
127
127
122
108
116
125
127
127
127
127
127
122
115
106
100
68
74
85
99
108
113
111
92
82
76
73
71
42
43
43
44
44
43
47
44
45
45
46
47
38
37
37
37
32
30
37
37
38
39
39
40
40
40
40
38
33
33
40
40
40
40
40
40
39
40
39
33
31
35
40
40
40
40
40
40
39
40
35
32
32
36
40
41
40
40
41
40
40
35
33
32
32
37
41
41
40
40
40
40
37
33
32
32
32
38
41
41
42
41
40
40
33
32
32
32
32
39
41
40
42
41
40
40
127
127
127
127
127
127
127
127
127
127
127
127
127
127
127
127
127
127
127
127
127
127
127
127
127
127
127
127
127
127
127
127
127
127
127
127
127
127
127
127
127
127
127
127
127
127
127
127
127
127
127
127
127
127
127
127
127
127
127
127
127
127
127
127
127
127
127
127
127
127
127
127
111
127
127
127
127
127
127
127
127
121
107
98
67
71
86
106
119
127
122
94
81
74
71
72
43
43
43
45
45
44
47
44
45
46
46
48
40
38
38
37
32
30
36
37
39
40
40
41
40
40
41
39
33
34
40
40
40
40
40
40
40
41
40
34
31
36
41
40
40
41
42
41
40
40
35
32
32
37
42
42
40
40
41
40
40
35
33
32
32
37
42
42
41
41
41
41
37
33
32
32
32
39
42
42
43
42
41
41
33
32
32
32
32
40
42
41
43
42
41
41
