90
86
82
78
75
73
72
71
74
75
79
82
94
90
86
82
78
76
76
76
78
81
85
88
100
96
92
88
85
82
82
84
86
89
92
96
108
104
100
96
93
91
91
92
95
98
103
106
118
113
110
106
103
101
101
103
106
111
116
120
123
124
124
122
119
117
118
120
123
124
123
120
104
110
115
120
121
120
126
125
118
113
108
102
68
72
81
91
99
108
110
103
86
78
74
71
44
43
44
45
47
99
54
47
47
47
47
47
41
40
40
37
50
127
78
35
41
41
42
42
43
43
43
37
75
127
122
42
42
43
43
43
44
43
43
40
110
127
127
58
40
43
43
43
44
43
41
53
127
127
127
89
38
43
43
44
43
43
38
83
127
127
127
123
44
43
44
43
43
43
43
123
127
127
127
127
63
41
44
43
44
43
53
127
127
127
127
127
82
40
44
44
102
98
95
90
87
85
84
83
85
88
92
95
106
103
99
94
91
89
88
88
90
93
97
100
113
110
105
100
97
95
95
96
98
101
105
110
121
117
113
109
106
103
103
105
107
111
116
119
127
127
122
118
116
113
113
116
119
124
127
127
127
127
127
127
127
127
127
127
127
127
127
123
104
113
121
127
127
127
127
127
125
116
109
101
68
71
80
92
102
109
114
106
86
78
73
71
42
43
43
43
44
42
47
47
44
44
46
46
38
39
38
37
36
30
33
37
37
38
39
40
40
40
40
40
37
32
35
40
40
40
40
40
40
40
40
40
35
32
33
40
40
40
40
40
41
41
41
40
33
32
32
37
41
40
40
41
40
40
40
38
33
32
32
35
41
41
41
40
40
40
40
35
32
32
32
33
40
41
41
40
40
41
40
33
32
32
32
32
39
42
40
40
127
127
127
127
127
127
127
127
127
127
127
127
127
127
127
127
127
127
127
127
127
127
127
127
127
127
127
127
127
127
127
127
127
127
127
127
127
127
127
127
127
127
127
127
127
127
127
127
127
127
127
127
127
127
127
127
127
127
127
127
127
127
127
127
127
127
127
127
127
127
127
127
106
121
127
127
127
127
127
127
127
125
110
99
66
70
79
96
110
120
127
113
84
75
71
70
43
42
43
43
44
43
47
47
45
45
46
47
39
39
39
37
35
29
33
37
38
39
40
40
41
41
41
41
38
31
35
41
40
40
40
40
42
41
42
41
36
31
33
40
41
41
40
41
42
42
42
40
33
32
32
38
43
41
41
42
41
41
41
39
33
32
32
35
42
42
42
41
41
41
41
36
32
32
32
33
40
42
42
40
42
42
41
33
32
32
32
32
39
43
41
41
