90
86
82
78
75
73
72
71
74
75
79
82
94
90
86
82
78
76
76
76
78
81
85
88
100
96
92
88
85
82
82
84
86
89
92
96
108
104
100
96
93
91
91
92
95
98
103
106
119
113
110
106
103
101
101
103
106
110
116
120
123
124
124
122
119
118
118
120
123
124
123
120
103
110
115
119
120
120
125
126
119
113
108
102
68
71
80
89
97
106
109
107
89
78
74
71
44
44
44
45
47
98
55
48
47
47
47
47
42
41
40
37
55
127
71
35
41
41
42
42
43
43
43
38
86
127
110
38
42
43
43
43
42
42
43
43
121
127
127
49
40
43
44
43
42
42
41
59
127
127
127
80
37
43
43
42
43
43
39
92
127
127
127
117
42
42
43
43
43
43
45
127
127
127
127
127
60
40
43
43
43
41
54
127
127
127
127
127
79
40
43
43
103
99
95
90
87
85
84
83
85
88
92
95
107
103
99
94
91
89
88
88
90
93
97
100
113
110
105
100
97
95
95
96
98
101
105
110
121
117
113
109
106
103
103
105
107
111
116
119
127
127
123
118
115
113
113
116
118
124
127
127
127
127
127
127
127
127
127
127
127
127
127
123
104
113
121
127
127
127
127
127
127
116
109
101
67
71
79
90
100
107
113
110
89
78
73
71
42
43
43
43
43
42
46
47
46
44
46
46
38
38
37
37
35
30
34
37
38
38
39
39
40
40
40
41
37
31
35
40
40
40
40
39
40
40
40
41
35
31
33
39
40
40
40
40
40
40
41
40
33
32
32
37
40
40
41
40
40
40
41
38
32
32
32
36
40
40
40
40
40
41
40
35
32
32
32
33
40
40
40
40
40
40
40
33
32
32
32
32
39
40
40
40
127
127
127
127
127
127
127
127
127
127
127
127
127
127
127
127
127
127
127
127
127
127
127
127
127
127
127
127
127
127
127
127
127
127
127
127
127
127
127
127
127
127
127
127
127
127
127
127
127
127
127
127
127
127
127
127
127
127
127
127
127
127
127
127
127
127
127
127
127
127
127
127
105
120
127
127
127
127
127
127
127
127
110
99
65
69
78
92
107
117
126
120
89
75
71
70
43
43
42
43
44
42
47
47
45
45
46
47
40
39
38
37
36
29
33
37
38
39
40
40
41
40
40
42
37
31
37
40
40
40
40
40
40
40
41
42
35
31
34
40
41
41
42
41
40
40
42
40
33
32
32
37
40
41
42
40
40
41
42
38
32
32
32
36
41
41
41
40
40
42
41
35
32
32
32
33
41
41
41
40
41
41
40
33
32
32
32
32
40
42
41
40
