91
87
83
78
76
74
73
73
74
76
80
83
95
91
87
82
79
77
77
77
78
82
85
89
101
97
93
89
85
83
83
84
86
89
93
96
109
105
101
96
94
92
92
92
95
99
103
106
119
114
110
106
103
101
101
103
106
110
116
120
123
125
124
122
120
119
119
121
123
125
124
120
103
110
113
117
119
118
124
127
127
118
110
102
68
71
78
85
91
101
106
109
106
85
76
71
44
44
44
41
52
94
52
48
50
50
49
48
42
42
38
34
99
127
40
39
40
42
42
43
43
43
37
69
127
127
42
42
43
42
43
43
43
40
47
127
127
127
43
43
43
42
43
44
41
38
103
127
127
127
43
44
44
43
43
43
36
77
127
127
127
127
43
43
43
44
42
43
58
127
127
127
127
127
44
43
43
43
43
43
93
127
127
127
127
127
45
43
43
43
43
42
104
99
96
91
88
85
85
84
86
88
92
95
108
103
99
95
92
89
89
89
91
93
97
100
114
110
106
101
98
96
96
96
99
102
106
110
122
118
114
110
106
104
104
105
107
111
116
119
127
127
123
119
116
114
114
116
118
124
127
127
127
127
127
127
127
127
127
127
127
127
127
123
104
112
119
124
127
127
127
127
127
121
110
101
67
71
77
86
95
102
108
113
108
85
75
71
42
42
42
43
43
41
45
46
47
47
47
47
38
39
37
37
33
30
36
36
37
39
40
40
40
40
40
38
33
33
40
40
40
40
40
40
40
40
40
34
32
34
41
40
40
40
40
40
40
40
37
32
32
34
40
41
40
40
40
40
40
38
33
32
32
33
40
40
40
41
40
40
37
34
32
32
32
33
40
40
40
40
40
40
35
32
32
32
32
34
40
41
40
40
40
40
127
127
127
127
127
127
127
127
127
127
127
127
127
127
127
127
127
127
127
127
127
127
127
127
127
127
127
127
127
127
127
127
127
127
127
127
127
127
127
127
127
127
127
127
127
127
127
127
127
127
127
127
127
127
127
127
127
127
127
127
127
127
127
127
127
127
127
127
127
127
127
127
105
118
127
127
127
127
127
127
127
127
111
99
65
68
75
86
99
110
119
125
116
82
75
71
43
43
43
43
43
42
46
47
48
48
47
47
40
40
38
38
33
30
36
36
37
40
40
40
41
41
40
39
33
33
41
40
40
40
40
40
41
40
40
35
32
34
42
41
41
40
40
42
40
41
37
32
32
34
41
42
41
41
40
40
40
39
33
32
32
34
40
41
41
43
40
41
38
35
32
32
32
34
40
41
41
42
40
41
36
32
32
32
32
34
40
41
41
40
41
40
