92
88
84
79
76
74
73
73
73
76
78
82
96
92
87
82
79
77
76
77
78
81
84
88
102
98
93
89
85
83
82
83
85
89
92
96
110
106
101
97
93
92
91
92
94
98
102
105
120
116
111
106
103
101
101
103
105
109
113
118
120
123
123
122
120
119
118
120
123
126
127
124
99
106
110
114
118
116
120
125
127
127
118
110
64
68
74
81
88
94
103
105
109
106
87
79
43
44
44
45
40
75
78
47
49
50
52
51
41
41
41
37
47
127
91
34
40
40
42
43
43
43
43
39
87
127
111
37
43
43
42
43
44
43
40
50
127
127
127
42
43
43
43
43
43
45
38
94
127
127
127
49
41
43
43
43
44
41
57
127
127
127
127
62
38
43
43
43
43
43
102
127
127
127
127
79
37
44
44
43
42
51
127
127
127
127
127
92
38
46
45
42
105
99
96
91
88
85
85
83
85
87
91
95
109
104
100
95
92
89
89
88
90
92
96
100
115
111
106
101
98
96
95
96
98
101
105
109
123
119
114
110
106
104
103
104
106
110
114
118
127
127
124
120
116
113
113
115
117
121
127
127
125
127
127
127
127
127
127
127
127
127
127
127
99
106
114
120
126
127
127
127
127
127
121
110
64
68
73
80
88
96
103
109
113
108
87
79
42
42
42
43
43
42
43
45
46
47
50
50
38
38
38
38
37
30
33
37
36
37
39
40
40
40
40
40
37
31
36
40
40
40
39
40
40
40
40
40
34
31
35
40
41
40
40
40
41
40
41
37
32
32
33
40
40
40
40
40
41
41
40
34
32
32
33
39
40
41
40
40
41
40
37
32
32
32
33
39
41
41
41
40
41
40
33
32
32
32
32
38
42
42
40
40
127
127
127
127
127
127
127
127
127
127
127
127
127
127
127
127
127
127
127
127
127
127
127
127
127
127
127
127
127
127
127
127
127
127
127
127
127
127
127
127
127
127
127
127
127
127
127
127
127
127
127
127
127
127
127
127
127
127
127
127
127
127
127
127
127
127
127
127
127
127
127
127
97
109
123
127
127
127
127
127
127
127
127
110
64
67
71
78
89
103
113
120
125
116
84
78
43
43
42
43
43
42
43
46
47
49
50
50
39
39
39
39
37
30
33
37
36
37
40
41
41
40
41
41
37
31
36
42
41
40
40
40
42
41
41
40
33
31
35
42
42
41
41
41
41
42
43
37
32
32
33
40
41
41
41
41
42
42
41
34
32
32
33
40
41
42
42
41
42
41
37
32
32
32
33
39
42
43
42
41
42
40
34
32
32
32
32
38
43
43
42
40
