92
88
84
79
76
74
73
73
73
76
78
82
96
92
88
83
79
77
76
77
78
81
84
88
102
98
94
89
85
83
82
83
85
89
92
96
110
106
102
97
94
92
91
92
94
98
102
105
121
117
111
106
103
101
101
103
105
108
113
117
118
121
123
122
120
119
119
120
122
126
127
127
96
103
108
112
116
118
117
124
127
127
127
116
64
67
71
77
85
90
99
105
106
111
101
85
43
44
44
44
44
47
92
57
47
49
52
54
41
42
41
40
36
75
127
54
36
40
41
43
43
43
43
42
41
120
127
77
37
43
42
42
44
43
43
40
57
127
127
111
38
43
43
43
43
41
42
38
91
127
127
127
50
39
42
44
43
42
41
44
126
127
127
127
82
38
41
43
43
42
40
64
127
127
127
127
123
44
41
42
43
42
40
85
127
127
127
127
127
52
41
43
105
101
96
92
88
85
85
85
85
87
91
95
109
105
100
96
92
89
89
89
90
92
96
100
115
111
106
102
98
96
95
96
98
101
105
109
123
119
114
110
106
104
103
104
106
110
114
118
127
127
125
120
116
113
113
115
117
121
126
127
122
127
127
127
127
127
127
127
127
127
127
127
96
103
111
117
123
127
127
127
127
127
127
118
64
67
71
76
85
92
100
106
111
116
103
85
42
42
43
42
43
43
41
44
45
46
50
51
38
38
38
37
37
35
30
36
37
36
38
40
40
40
40
40
40
36
32
38
40
40
39
39
40
40
40
40
40
33
32
36
40
40
40
40
40
39
40
41
37
32
32
33
39
40
39
41
41
39
40
41
35
32
32
33
38
40
39
40
41
39
40
40
33
32
32
32
36
40
40
40
41
40
41
38
32
32
32
32
33
40
40
40
127
127
127
127
127
127
127
127
127
127
127
127
127
127
127
127
127
127
127
127
127
127
127
127
127
127
127
127
127
127
127
127
127
127
127
127
127
127
127
127
127
127
127
127
127
127
127
127
127
127
127
127
127
127
127
127
127
127
127
127
127
127
127
127
127
127
127
127
127
127
127
127
93
103
116
127
127
127
127
127
127
127
127
123
64
65
68
75
85
97
108
116
121
127
105
82
43
43
43
43
43
43
42
45
46
47
50
51
39
40
39
38
38
34
30
35
37
36
38
40
41
41
40
40
41
36
31
38
41
41
40
40
42
40
41
41
40
33
31
36
40
41
41
41
41
40
40
43
38
32
32
33
40
40
40
42
41
40
41
42
36
32
32
33
39
41
40
41
41
40
42
40
33
32
32
32
37
42
40
40
42
40
42
40
32
32
32
32
34
42
40
40
