92
88
84
79
76
74
73
73
73
76
78
82
96
92
87
83
79
77
76
77
78
81
84
88
102
98
93
89
85
83
82
83
85
89
92
96
110
106
102
97
94
92
91
92
94
98
102
105
122
117
111
106
103
101
101
103
105
108
112
116
116
120
122
121
120
119
119
120
123
126
127
127
94
100
106
111
115
118
118
122
127
127
127
122
64
65
70
75
83
89
96
103
106
110
110
94
43
43
43
45
45
43
75
80
46
49
50
54
41
41
41
41
40
37
117
110
35
39
40
43
43
43
43
43
42
46
127
127
58
39
43
43
43
44
43
44
40
59
127
127
101
40
43
43
44
44
44
45
39
78
127
127
127
57
39
43
43
43
43
45
38
99
127
127
127
110
42
42
43
43
43
43
40
120
127
127
127
127
72
42
43
43
43
42
43
127
127
127
127
127
109
43
105
99
96
92
88
85
85
83
85
87
91
95
109
104
100
96
92
89
89
88
90
92
96
100
115
111
106
102
98
96
95
96
98
101
105
109
123
119
114
110
106
104
103
104
106
110
114
118
127
127
125
120
116
113
113
115
117
121
125
127
119
124
127
127
127
127
127
127
127
127
127
127
93
100
108
116
121
126
127
127
127
127
127
127
64
65
68
75
82
90
99
105
109
115
113
93
43
42
42
43
43
43
42
43
45
46
47
52
39
38
39
38
37
37
32
32
36
36
37
40
40
40
40
40
40
40
33
33
39
40
40
39
40
40
40
40
40
39
32
32
37
41
40
40
41
41
41
41
40
37
32
32
33
40
40
40
40
41
41
41
41
37
32
32
32
36
41
41
40
40
40
41
41
36
32
32
32
33
40
41
40
40
40
40
41
34
32
32
32
32
37
41
127
127
127
127
127
127
127
127
127
127
127
127
127
127
127
127
127
127
127
127
127
127
127
127
127
127
127
127
127
127
127
127
127
127
127
127
127
127
127
127
127
127
127
127
127
127
127
127
127
127
127
127
127
127
127
127
127
127
127
127
125
127
127
127
127
127
127
127
127
127
127
127
91
99
113
127
127
127
127
127
127
127
127
127
64
65
68
71
81
93
105
114
119
127
121
92
43
43
43
43
43
43
42
43
46
47
49
52
39
39
40
39
37
37
31
31
37
36
37
40
40
41
41
41
40
40
33
33
40
41
40
40
41
42
41
42
40
39
32
32
37
42
41
41
42
42
42
42
42
38
32
32
33
40
41
41
41
42
42
42
42
37
32
32
32
36
43
42
41
41
41
42
42
36
32
32
32
33
41
42
41
40
40
41
42
35
32
32
32
32
38
43
