92
88
83
79
76
74
73
71
74
76
78
82
96
92
87
82
79
77
76
76
78
81
84
88
102
98
93
89
85
83
82
83
85
89
92
96
110
106
101
96
93
92
91
92
94
98
102
106
122
117
111
106
103
101
101
103
105
108
112
116
116
120
121
120
120
119
119
120
123
126
127
127
92
100
106
110
113
117
118
121
127
127
127
124
63
65
69
75
82
89
95
103
106
110
113
97
43
43
44
45
45
43
66
86
46
48
50
54
41
41
42
41
40
36
89
127
45
36
40
42
43
44
43
43
43
38
112
127
88
38
42
42
44
44
43
43
43
39
120
127
127
54
40
43
43
44
43
41
42
40
127
127
127
115
41
40
43
43
43
42
41
41
127
127
127
127
82
37
45
44
43
43
40
43
127
127
127
127
127
62
46
45
42
43
41
45
127
127
127
127
127
99
103
100
96
91
88
85
83
83
85
87
91
95
108
104
99
95
92
89
88
88
90
92
96
100
115
110
106
101
98
96
95
96
98
101
105
109
123
119
114
110
106
104
103
105
107
110
114
118
127
127
125
120
116
113
113
115
117
121
125
127
117
123
127
127
127
127
127
127
127
127
127
127
92
99
108
115
120
125
127
127
127
127
127
127
63
64
68
74
81
89
98
104
109
115
116
97
43
42
42
43
43
43
43
42
45
46
48
51
39
38
39
38
38
37
33
30
36
36
37
39
40
40
40
40
40
40
36
32
37
40
40
39
40
41
40
40
40
40
36
32
33
40
40
40
40
41
40
39
39
40
34
32
32
37
40
40
41
40
41
40
39
40
34
32
32
33
37
40
41
41
40
40
39
40
34
32
32
32
34
39
42
42
40
40
40
40
33
32
32
32
32
37
127
127
127
127
127
127
127
127
127
127
127
127
127
127
127
127
127
127
127
127
127
127
127
127
127
127
127
127
127
127
127
127
127
127
127
127
127
127
127
127
127
127
127
127
127
127
127
127
127
127
127
127
127
127
127
127
127
127
127
127
123
127
127
127
127
127
127
127
127
127
127
127
89
98
110
125
127
127
127
127
127
127
127
127
63
64
67
71
79
92
103
113
119
126
126
97
43
43
43
42
43
43
43
42
46
47
48
52
39
40
40
39
38
37
33
30
36
36
37
40
41
41
41
40
41
41
37
32
38
40
40
40
42
42
41
40
41
41
36
32
33
40
41
41
41
42
41
40
40
41
35
32
32
37
41
40
42
41
42
40
40
40
34
32
32
33
39
40
42
42
41
41
40
40
34
32
32
32
34
40
43
43
40
40
40
40
33
32
32
32
32
39
