89
85
81
77
75
72
72
71
74
75
79
83
92
89
85
81
78
76
75
76
78
81
85
89
99
95
91
87
84
82
82
84
86
89
93
97
106
103
99
95
92
91
91
92
95
99
103
106
120
116
110
105
102
101
101
103
106
110
113
118
114
118
120
120
120
120
120
122
124
126
127
127
92
99
105
110
114
118
121
123
127
127
127
126
63
64
68
74
82
89
97
105
108
122
124
100
43
43
43
45
44
43
56
96
51
50
58
57
41
42
40
41
40
38
46
123
99
38
35
43
43
43
42
43
43
43
42
121
127
88
47
37
43
43
43
43
43
43
38
80
127
127
87
43
44
42
43
43
43
43
40
50
127
127
127
104
44
43
43
43
43
43
45
39
106
127
127
127
43
42
41
41
43
44
46
40
67
127
127
127
43
41
40
41
41
43
44
43
44
127
127
127
100
96
93
89
86
84
82
83
85
88
92
95
105
101
97
92
90
88
87
88
90
93
97
101
112
108
103
99
96
95
95
96
98
103
106
110
120
116
112
107
105
103
103
105
107
112
116
119
127
127
123
118
116
113
114
116
119
123
127
127
116
121
127
127
127
127
127
127
127
127
127
127
91
98
106
113
120
127
127
127
127
127
127
127
63
64
68
74
81
89
99
106
113
127
127
99
43
42
42
43
43
43
43
41
45
51
56
54
39
39
37
38
38
37
36
30
32
37
38
40
40
40
39
40
40
40
40
34
33
37
38
39
40
40
40
40
40
40
41
37
31
33
37
40
41
40
41
40
40
40
40
40
33
32
33
37
41
40
40
40
40
40
41
40
37
32
32
33
41
39
39
39
40
40
41
41
39
33
32
32
40
38
38
39
39
40
41
42
40
34
32
32
127
127
127
127
127
127
127
127
127
127
127
127
127
127
127
127
127
127
127
127
127
127
127
127
127
127
127
127
127
127
127
127
127
127
127
127
127
127
127
127
127
127
127
127
127
127
127
127
127
127
127
127
127
127
127
127
127
127
127
127
120
127
127
127
127
127
127
127
127
127
127
127
88
96
109
124
127
127
127
127
127
127
127
127
63
64
67
71
80
92
105
114
123
127
127
99
42
43
42
43
43
43
43
41
46
54
57
55
40
40
38
39
39
37
36
30
32
37
39
41
41
41
40
40
41
41
41
36
33
37
39
40
41
41
40
40
41
41
42
38
32
33
38
42
42
40
42
41
40
41
41
40
33
32
33
37
42
40
41
40
41
42
42
41
37
32
32
33
42
40
40
40
40
42
43
43
40
33
32
32
41
39
39
40
40
41
42
43
41
34
32
32
