86
82
78
75
73
71
71
71
74
77
80
83
90
86
82
79
77
75
75
76
78
82
85
89
96
92
89
85
83
82
82
84
86
89
93
97
105
101
98
94
92
91
91
93
96
99
103
106
119
113
108
105
102
102
102
104
107
111
115
119
116
119
120
120
120
121
121
123
123
127
127
127
94
102
107
112
116
120
122
127
127
127
127
124
64
66
71
76
85
91
100
110
125
127
107
98
43
44
43
44
45
43
78
81
49
57
56
59
42
42
40
40
40
36
86
127
54
33
42
43
43
43
43
43
42
39
82
127
110
50
37
40
44
43
44
44
43
40
61
127
127
99
45
43
44
44
43
43
43
41
48
127
127
127
102
41
43
43
43
43
44
43
43
117
127
127
127
102
42
43
43
43
44
43
40
92
127
127
127
127
42
43
43
43
43
43
37
75
127
127
127
127
99
95
91
86
84
82
82
83
85
88
92
96
103
99
95
91
89
87
87
89
91
93
97
101
109
105
101
98
96
95
95
96
99
103
106
110
117
113
110
106
104
103
103
106
108
113
116
120
127
125
121
118
115
114
115
117
120
123
127
127
119
123
127
127
127
127
127
127
127
127
127
127
94
101
109
116
123
127
127
127
127
127
127
126
64
66
69
75
84
92
102
113
127
127
108
97
43
42
42
42
43
43
43
43
54
55
54
57
39
39
38
37
37
37
33
30
36
37
39
41
40
40
40
40
40
40
37
32
35
38
39
38
41
40
40
41
40
40
38
33
33
37
40
40
41
40
41
40
40
40
40
34
32
33
37
41
40
40
40
40
41
40
41
36
32
32
33
37
39
40
40
40
41
40
41
37
32
32
32
33
39
40
40
40
41
40
40
37
33
32
32
32
127
127
127
127
127
127
127
127
127
127
127
127
127
127
127
127
127
127
127
127
127
127
127
127
127
127
127
127
127
127
127
127
127
127
127
127
127
127
127
127
127
127
127
127
127
127
127
127
127
127
127
127
127
127
127
127
127
127
127
127
125
127
127
127
127
127
127
127
127
127
127
127
91
100
114
127
127
127
127
127
127
127
127
127
64
65
68
74
84
96
110
123
127
127
109
95
43
43
42
43
43
43
42
43
56
57
54
57
40
40
39
38
38
37
33
30
36
38
40
41
41
41
41
41
40
41
38
33
35
39
40
39
42
41
42
42
40
41
39
33
33
37
41
41
42
42
42
41
41
41
40
34
32
33
37
42
41
41
41
41
42
42
42
36
32
32
33
37
40
40
41
41
42
42
42
37
32
32
32
33
40
41
41
41
41
41
41
38
33
32
32
32
