85
82
78
75
73
71
71
71
74
76
80
83
89
86
82
79
77
75
75
76
78
82
85
89
96
92
89
85
83
82
82
84
86
89
93
98
104
100
96
94
92
91
92
93
96
99
103
107
118
113
108
105
102
102
103
105
107
111
115
119
116
119
120
120
120
121
122
123
123
127
127
127
95
102
107
112
116
120
122
127
127
127
127
123
64
66
71
77
85
92
102
114
127
121
106
99
43
43
43
44
45
44
85
74
52
55
57
61
42
41
40
40
40
37
110
116
40
37
43
44
43
44
43
43
43
40
121
127
83
39
39
42
43
44
44
43
43
39
105
127
127
64
40
43
44
45
44
44
43
37
92
127
127
127
55
39
44
43
43
43
44
38
82
127
127
127
119
54
44
43
43
43
44
40
73
127
127
127
127
106
43
43
44
44
44
43
67
127
127
127
127
127
98
93
89
87
85
82
82
83
85
88
92
96
102
98
94
91
89
87
87
89
91
94
98
101
108
105
101
98
96
95
95
96
99
103
107
110
116
113
110
106
104
103
104
106
109
113
116
120
127
125
121
118
115
115
116
117
120
124
127
127
120
124
127
127
127
127
127
127
127
127
127
127
96
102
110
116
123
127
127
127
127
127
127
126
64
66
70
75
85
93
103
117
127
126
106
99
43
42
42
42
43
43
41
47
56
54
54
58
39
39
38
37
37
37
32
31
37
37
40
41
40
40
40
40
40
40
35
32
36
39
39
37
40
40
40
40
40
40
36
32
33
39
40
40
40
40
41
41
40
40
36
32
32
34
40
41
41
41
40
40
41
40
37
32
32
32
35
40
41
41
40
40
41
42
40
32
32
32
33
37
42
40
40
41
41
43
41
33
32
32
32
33
127
127
127
127
127
127
127
127
127
127
127
127
127
127
127
127
127
127
127
127
127
127
127
127
127
127
127
127
127
127
127
127
127
127
127
127
127
127
127
127
127
127
127
127
127
127
127
127
127
127
127
127
127
127
127
127
127
127
127
127
127
127
127
127
127
127
127
127
127
127
127
127
92
101
115
127
127
127
127
127
127
127
127
127
64
65
68
75
85
97
110
127
127
127
106
96
43
43
43
43
43
43
42
47
59
54
54
58
40
40
39
38
38
37
31
30
38
37
40
42
41
41
40
40
41
41
36
32
37
40
40
39
41
41
41
40
40
41
37
32
33
40
41
41
42
43
42
42
41
40
37
32
32
34
41
43
42
42
41
41
42
41
38
32
32
32
36
42
42
41
41
41
42
43
40
32
32
32
33
37
43
41
41
42
43
43
41
33
32
32
32
33
