84
82
78
75
73
71
71
71
74
76
80
83
89
85
82
79
77
75
75
76
78
82
85
89
96
92
88
85
83
82
82
84
86
89
93
98
104
100
96
94
92
91
92
93
96
99
103
107
118
113
108
105
102
102
103
105
108
111
115
119
116
120
120
120
121
122
122
123
124
127
127
127
96
102
107
112
116
121
122
127
127
127
127
124
64
66
71
77
85
92
103
117
127
119
106
99
43
44
43
44
45
44
86
73
54
55
57
61
41
42
41
41
40
37
119
109
37
39
43
44
43
43
43
43
43
40
127
127
73
37
40
41
43
43
43
43
43
41
127
127
127
53
40
43
42
43
45
44
43
41
124
127
127
116
42
39
41
42
44
44
44
40
119
127
127
127
96
39
41
42
44
44
43
40
112
127
127
127
127
79
41
43
44
44
43
40
106
127
127
127
127
127
96
93
89
87
85
82
82
83
85
88
92
96
101
98
94
91
89
87
87
89
91
94
98
101
109
105
102
98
96
95
95
96
99
103
107
110
116
113
110
106
104
103
104
106
109
113
116
120
127
125
121
118
115
115
116
118
120
124
127
127
120
124
127
127
127
127
127
127
127
127
127
127
96
102
110
116
124
127
127
127
127
127
127
127
64
66
70
75
85
93
104
120
127
123
106
99
43
42
42
42
43
43
41
47
56
53
54
58
39
39
38
38
37
37
30
32
37
37
40
41
40
40
40
40
40
40
33
33
37
40
39
37
40
40
40
40
40
40
34
32
34
40
40
40
40
41
41
40
40
41
35
32
32
35
40
40
39
40
41
40
41
41
36
32
32
33
37
40
39
40
41
40
41
41
37
32
32
32
33
37
38
40
42
41
40
42
37
32
32
32
32
34
127
127
127
127
127
127
127
127
127
127
127
127
127
127
127
127
127
127
127
127
127
127
127
127
127
127
127
127
127
127
127
127
127
127
127
127
127
127
127
127
127
127
127
127
127
127
127
127
127
127
127
127
127
127
127
127
127
127
127
127
127
127
127
127
127
127
127
127
127
127
127
127
92
102
115
127
127
127
127
127
127
127
127
127
64
65
68
75
85
97
112
127
127
127
105
97
43
43
42
43
43
43
41
48
59
54
54
59
39
40
39
39
38
37
30
31
37
38
40
42
40
41
41
41
40
41
34
33
37
40
40
38
40
40
41
41
41
41
35
32
34
40
41
40
40
40
42
42
41
42
36
31
32
36
40
40
40
40
43
42
42
42
36
31
32
33
37
41
40
40
43
42
42
42
37
31
32
32
33
38
39
40
42
42
41
43
37
32
32
32
32
34
