85
82
78
75
73
71
71
71
74
76
80
83
89
85
82
79
77
75
75
76
78
82
85
89
95
92
89
85
83
82
82
84
86
89
93
98
104
100
97
94
92
91
92
93
96
99
103
107
118
113
108
105
102
102
103
105
108
111
115
119
116
120
120
120
121
122
123
123
124
127
127
127
96
102
107
112
116
121
123
127
127
127
127
125
64
66
71
77
85
92
103
119
127
117
106
100
43
44
44
44
45
44
85
73
54
55
57
61
41
40
41
40
40
39
123
104
34
39
43
44
43
42
43
43
43
43
127
127
65
37
41
41
43
43
42
43
43
44
127
127
124
46
41
43
45
44
43
43
43
44
127
127
127
98
39
44
45
45
43
43
41
43
127
127
127
127
77
39
44
44
44
43
41
44
127
127
127
127
127
62
43
43
43
43
43
45
127
127
127
127
127
99
96
94
90
87
85
82
82
83
85
88
92
96
101
98
94
91
89
87
87
89
91
94
98
101
109
105
101
98
96
95
95
96
99
103
107
110
116
113
110
106
104
103
104
106
109
113
116
120
127
125
121
118
115
115
116
118
120
124
127
127
120
124
127
127
127
127
127
127
127
127
127
127
96
102
110
116
123
127
127
127
127
127
127
127
64
66
70
75
84
93
104
122
127
120
106
100
42
42
42
42
43
43
41
48
57
52
54
58
38
38
38
38
37
37
30
32
38
37
39
41
40
40
40
40
40
40
33
33
37
39
38
38
40
40
40
40
40
40
34
32
35
40
40
40
40
40
40
40
40
39
33
32
32
37
40
40
41
41
40
40
39
39
33
32
32
33
38
42
41
41
40
40
40
40
33
32
32
32
34
40
41
40
41
41
41
41
34
32
32
32
32
37
127
127
127
127
127
127
127
127
127
127
127
127
127
127
127
127
127
127
127
127
127
127
127
127
127
127
127
127
127
127
127
127
127
127
127
127
127
127
127
127
127
127
127
127
127
127
127
127
127
127
127
127
127
127
127
127
127
127
127
127
127
127
127
127
127
127
127
127
127
127
127
127
92
102
115
127
127
127
127
127
127
127
127
127
64
65
68
75
85
97
113
127
127
127
105
98
43
43
43
43
43
43
41
50
59
53
55
59
40
39
39
39
38
37
30
31
37
37
40
43
41
40
40
41
41
41
33
33
37
40
39
39
41
41
40
40
41
41
34
32
35
41
40
41
42
42
40
41
41
40
33
32
32
37
42
42
42
43
41
41
40
40
33
32
32
33
40
43
42
42
42
41
40
40
33
32
32
32
35
41
41
40
42
42
42
42
34
32
32
32
33
38
