83
80
77
74
71
71
71
71
74
76
80
83
88
85
82
78
76
75
75
77
79
82
85
89
95
92
89
85
83
82
83
85
87
91
95
98
103
100
97
94
92
92
92
94
96
100
104
107
118
113
108
106
103
103
103
106
108
111
116
119
116
119
120
121
121
123
123
122
124
127
127
127
95
102
107
111
116
122
123
127
127
127
127
127
64
66
71
76
84
92
105
126
127
113
106
103
43
44
44
44
45
44
85
77
54
54
57
61
41
40
41
40
40
40
127
98
34
40
42
43
44
43
43
43
41
50
127
127
54
37
41
41
44
43
43
43
40
61
127
127
99
39
43
43
43
43
43
43
39
71
127
127
127
63
38
44
43
44
44
46
40
83
127
127
127
120
46
41
43
45
44
47
39
96
127
127
127
127
85
40
45
46
43
45
38
106
127
127
127
127
127
43
96
92
89
85
83
82
82
83
85
89
92
96
100
97
93
90
88
87
87
89
91
94
98
101
107
104
101
98
96
95
95
96
99
103
107
110
116
113
110
106
104
104
104
106
109
113
116
120
127
124
121
119
116
115
116
118
121
124
127
127
120
124
127
127
127
127
127
127
127
127
127
127
96
102
110
116
123
127
127
127
127
127
127
127
64
66
70
75
84
94
108
127
127
116
106
103
42
42
42
42
43
43
43
51
55
52
55
59
38
38
38
37
37
37
30
33
37
38
39
41
40
40
40
40
40
40
32
33
38
40
37
38
41
40
40
40
40
39
32
32
37
40
40
40
40
40
40
40
40
37
32
32
33
40
42
41
40
40
41
41
40
37
31
32
32
35
40
41
40
40
41
41
41
37
31
32
32
32
37
40
40
40
41
41
41
37
31
32
32
32
34
38
127
127
127
127
127
127
127
127
127
127
127
127
127
127
127
127
127
127
127
127
127
127
127
127
127
127
127
127
127
127
127
127
127
127
127
127
127
127
127
127
127
127
127
127
127
127
127
127
127
127
127
127
127
127
127
127
127
127
127
127
127
127
127
127
127
127
127
127
127
127
127
127
92
101
114
127
127
127
127
127
127
127
127
127
64
65
68
73
83
98
116
127
127
122
106
100
43
43
43
43
43
44
43
53
57
51
55
59
40
39
39
38
38
37
30
33
38
38
40
42
41
40
40
40
41
41
32
33
38
40
39
39
42
41
41
40
40
40
32
32
37
41
40
41
41
41
41
41
41
38
32
32
33
40
43
42
40
42
42
42
42
38
31
32
32
35
41
42
41
42
42
42
42
38
31
32
32
32
37
40
42
42
42
42
42
37
31
32
32
32
34
39
