84
80
78
74
71
71
71
71
74
76
80
83
88
85
82
78
76
75
75
77
79
82
85
89
94
92
89
85
83
82
83
85
87
91
95
97
103
100
97
94
92
92
92
94
96
100
104
106
118
113
108
106
103
103
103
106
108
111
116
119
116
119
120
121
121
123
123
122
125
127
127
127
94
101
106
111
116
122
127
127
127
127
127
127
64
66
70
75
83
92
109
127
124
112
106
103
43
43
44
45
45
43
80
88
51
54
57
61
41
40
40
40
40
37
117
112
36
40
43
43
43
43
43
43
42
44
127
127
61
37
42
40
44
44
43
43
41
52
127
127
110
40
43
43
43
43
43
44
41
64
127
127
127
70
37
43
43
43
43
44
39
76
127
127
127
127
49
40
43
43
43
43
37
91
127
127
127
127
90
42
42
43
43
43
37
103
127
127
127
127
127
47
96
92
89
85
83
82
82
83
85
89
92
96
100
97
93
90
88
87
87
89
91
94
98
101
107
104
101
98
96
95
95
96
99
103
107
110
116
112
110
107
105
104
105
106
109
113
116
120
127
124
121
119
116
116
116
119
121
124
127
127
118
123
127
127
127
127
127
127
127
127
127
127
94
100
109
116
123
127
127
127
127
127
127
127
63
65
69
75
83
94
112
127
127
113
106
102
42
42
42
42
43
43
43
53
54
51
55
59
38
38
38
37
37
37
31
33
37
37
40
41
40
40
40
40
40
40
33
32
38
40
39
37
40
40
40
40
40
40
33
32
36
41
40
40
41
41
40
40
41
39
32
32
32
39
40
40
41
40
40
41
40
37
32
32
32
35
40
40
40
40
40
40
40
37
32
32
32
33
37
40
39
40
40
40
40
37
32
32
32
32
34
40
127
127
127
127
127
127
127
127
127
127
127
127
127
127
127
127
127
127
127
127
127
127
127
127
127
127
127
127
127
127
127
127
127
127
127
127
127
127
127
127
127
127
127
127
127
127
127
127
127
127
127
127
127
127
127
127
127
127
127
127
125
127
127
127
127
127
127
127
127
127
127
127
92
100
113
127
127
127
127
127
127
127
127
127
64
65
68
72
83
98
122
127
127
118
105
100
43
43
43
43
43
43
44
55
55
52
55
59
40
39
39
38
38
37
30
32
37
38
40
42
41
41
40
40
41
41
33
31
38
40
40
38
41
42
41
40
41
40
33
32
36
42
41
40
42
41
41
42
42
40
32
32
32
40
41
41
41
41
41
42
41
38
32
32
32
35
41
41
40
41
41
41
41
37
32
32
32
33
38
40
40
41
41
40
41
38
32
32
32
32
34
40
