82
81
78
74
71
71
71
71
74
76
80
83
87
85
81
78
76
75
75
77
79
82
85
89
94
91
88
85
83
83
83
85
87
91
95
97
103
99
96
94
92
92
92
94
96
100
104
106
118
112
108
105
103
103
104
106
109
111
116
119
115
118
120
122
122
123
123
123
126
127
127
127
94
101
106
112
116
123
127
127
127
127
127
127
64
65
70
75
84
94
112
127
121
112
106
103
43
44
44
44
45
43
76
92
50
54
57
61
41
41
42
41
40
36
106
123
39
39
43
43
43
43
43
43
43
41
127
127
71
36
41
41
42
43
42
43
43
45
127
127
127
44
41
43
43
43
42
43
40
50
127
127
127
89
37
43
45
43
42
42
40
56
127
127
127
127
60
40
44
43
42
42
39
64
127
127
127
127
110
47
43
43
41
41
38
71
127
127
127
127
127
64
95
92
88
85
83
82
82
83
85
89
92
96
99
96
92
90
88
87
87
89
91
94
98
101
107
103
100
98
96
95
95
96
99
103
107
110
116
112
110
107
105
104
105
106
110
113
116
120
127
124
121
119
116
116
116
119
121
124
127
127
118
123
127
127
127
127
127
127
127
127
127
127
94
100
108
116
124
127
127
127
127
127
127
127
64
65
68
74
83
96
116
127
126
112
105
102
43
42
42
42
43
43
45
54
53
51
55
59
39
39
38
38
37
37
32
32
37
37
40
41
40
40
40
40
40
40
34
31
37
39
38
38
40
40
40
40
40
40
34
32
35
40
40
40
40
40
40
40
40
40
33
32
32
37
41
40
42
40
39
40
40
39
32
32
32
34
40
42
41
40
39
39
40
38
32
32
32
32
36
41
40
40
39
38
39
37
32
32
32
32
33
40
127
127
127
127
127
127
127
127
127
127
127
127
127
127
127
127
127
127
127
127
127
127
127
127
127
127
127
127
127
127
127
127
127
127
127
127
127
127
127
127
127
127
127
127
127
127
127
127
127
127
127
127
127
127
127
127
127
127
127
127
123
127
127
127
127
127
127
127
127
127
127
127
90
99
112
127
127
127
127
127
127
127
127
127
64
65
68
72
83
101
127
127
127
116
104
101
43
43
42
43
43
43
47
55
54
52
56
59
39
39
39
39
38
37
31
31
37
38
40
42
40
40
41
41
41
41
34
31
38
40
39
39
40
40
40
40
42
41
34
32
35
41
40
41
41
40
40
41
40
40
33
32
32
37
42
41
43
40
40
40
40
40
32
32
32
33
40
43
42
40
40
39
40
39
32
32
32
32
37
42
40
40
40
39
40
38
32
32
32
32
33
40
