82
81
78
74
71
71
71
71
74
76
80
83
87
85
81
78
76
75
75
77
79
82
85
89
94
91
88
85
84
83
83
85
87
91
95
97
103
99
96
94
92
92
92
94
96
100
104
106
118
113
109
105
103
103
104
106
109
112
116
119
115
119
120
122
122
123
123
123
126
127
127
127
94
100
106
112
117
123
127
127
127
127
127
127
64
65
69
75
84
95
115
127
120
111
106
103
43
44
44
44
45
43
76
95
50
55
58
61
41
41
40
40
40
36
99
127
41
39
43
43
43
43
42
43
43
39
124
127
78
37
41
41
44
44
43
43
43
40
127
127
127
49
41
43
44
44
43
43
43
45
127
127
127
100
37
42
43
43
43
44
43
49
127
127
127
127
69
37
43
43
43
43
42
54
127
127
127
127
122
52
42
43
43
43
40
57
127
127
127
127
127
75
95
92
88
85
83
82
82
83
85
89
92
96
99
96
92
90
88
87
87
89
91
94
98
101
107
103
100
98
96
95
95
96
99
103
107
110
116
112
110
107
105
104
105
106
110
113
116
120
127
124
121
119
116
116
116
119
121
124
127
127
117
123
127
127
127
127
127
127
127
127
127
127
93
100
108
116
124
127
127
127
127
127
127
127
64
65
68
74
83
98
119
127
124
111
106
103
43
42
42
42
42
43
47
54
52
52
55
59
39
38
38
37
37
37
33
31
37
38
39
41
40
40
40
40
40
40
34
30
37
40
38
38
40
40
40
40
40
40
34
32
34
41
41
40
40
41
40
40
40
41
34
32
32
37
40
40
40
41
40
40
41
41
33
32
32
33
39
41
40
41
40
40
41
40
32
32
32
32
35
40
40
40
41
40
41
39
32
32
32
32
33
37
127
127
127
127
127
127
127
127
127
127
127
127
127
127
127
127
127
127
127
127
127
127
127
127
127
127
127
127
127
127
127
127
127
127
127
127
127
127
127
127
127
127
127
127
127
127
127
127
127
127
127
127
127
127
127
127
127
127
127
127
123
127
127
127
127
127
127
127
127
127
127
127
90
99
111
127
127
127
127
127
127
127
127
127
63
64
67
71
83
103
127
127
127
114
103
100
43
43
43
43
43
43
48
55
53
52
56
59
39
39
39
38
38
37
32
31
37
39
40
42
40
41
40
40
41
41
34
30
37
41
40
39
41
42
41
40
41
40
34
32
34
41
42
41
42
42
41
41
42
41
34
32
32
37
41
40
41
41
41
42
42
41
33
32
32
33
39
42
41
41
41
42
42
40
32
32
32
32
35
40
40
40
42
41
42
40
32
32
32
32
33
37
