82
79
76
74
71
71
71
71
74
77
80
82
86
84
81
78
76
75
75
77
79
82
85
88
94
91
89
86
84
83
83
85
87
91
93
96
103
99
97
96
93
92
93
95
97
100
103
106
114
111
108
106
105
105
106
107
110
112
116
120
121
123
125
126
124
122
123
125
126
126
127
126
104
110
116
123
127
127
127
127
127
127
123
120
68
71
79
92
105
124
124
113
107
104
102
100
44
43
44
43
51
103
59
54
57
61
64
68
41
40
40
33
85
127
45
40
42
43
45
47
43
43
39
55
127
127
50
40
42
41
40
39
43
43
40
101
127
127
60
40
44
43
43
42
43
37
65
127
127
127
69
39
45
44
45
43
40
47
123
127
127
127
80
39
45
44
44
43
43
87
127
127
127
127
92
39
45
44
43
43
50
127
127
127
127
127
102
38
44
44
43
43
94
90
88
85
83
82
82
83
85
88
92
95
99
96
93
91
89
88
88
89
91
93
97
100
106
104
101
99
96
96
96
97
99
103
106
110
116
113
110
108
106
106
106
107
110
113
116
119
127
125
122
120
118
118
118
120
122
126
127
127
127
127
127
127
127
127
127
127
127
127
127
127
105
113
122
127
127
127
127
127
127
127
123
120
68
71
79
92
110
126
127
114
106
103
101
100
42
43
43
43
45
47
54
51
54
58
62
66
38
38
37
37
33
30
37
38
40
40
43
43
40
40
40
40
33
31
39
40
39
38
37
37
40
40
41
37
32
32
40
40
40
40
40
40
40
40
40
33
32
32
39
40
40
41
41
41
41
40
35
32
32
32
38
41
40
41
40
41
41
37
32
32
32
32
37
41
40
41
40
41
40
35
32
32
32
32
37
41
41
41
40
40
127
127
127
127
127
127
127
127
127
127
127
127
127
127
127
127
127
127
127
127
127
127
127
127
127
127
127
127
127
127
127
127
127
127
127
127
127
127
127
127
127
127
127
127
127
127
127
127
127
127
127
127
127
127
127
127
127
127
127
127
127
127
127
127
127
127
127
127
127
127
127
127
105
120
127
127
127
127
127
127
127
127
125
116
65
69
78
95
118
127
127
118
106
101
100
100
43
43
42
43
45
48
55
52
54
58
63
67
39
40
38
38
33
30
37
38
40
41
43
45
40
41
41
40
34
32
39
40
40
39
38
37
41
41
42
37
32
33
40
41
41
41
41
40
41
41
40
33
32
32
39
41
42
42
42
42
42
40
35
32
32
32
38
42
42
42
41
42
42
38
32
32
32
32
38
43
42
42
41
42
42
35
32
32
32
32
37
42
42
42
40
41
