82
79
76
74
71
71
71
71
74
77
80
82
86
84
81
78
76
75
75
77
79
82
85
88
94
91
89
86
84
83
83
85
87
90
93
96
103
99
97
95
93
92
93
95
97
100
103
106
114
111
108
106
105
105
105
107
110
112
116
120
121
123
125
125
124
123
123
125
127
127
127
127
104
110
116
121
126
127
127
127
127
127
123
120
68
71
78
89
102
119
120
115
107
104
102
100
44
44
44
39
57
98
54
54
56
61
64
68
41
41
33
49
118
101
37
40
42
44
45
47
42
38
50
106
127
89
38
42
42
42
40
40
41
44
97
127
127
61
40
43
44
43
43
43
42
101
127
127
127
49
41
43
42
42
43
43
103
127
127
127
116
42
42
42
43
43
43
43
127
127
127
127
92
39
43
42
44
45
43
43
127
127
127
127
74
38
43
43
45
47
43
43
94
91
87
85
83
82
82
83
85
88
92
95
99
96
92
90
88
88
88
89
91
93
97
100
106
104
101
98
96
96
96
97
99
103
106
110
116
113
110
108
106
106
106
107
110
113
116
119
127
124
122
119
117
117
118
120
122
126
127
127
127
127
127
127
127
127
127
127
127
127
127
127
105
113
121
127
127
127
127
127
127
127
123
120
68
71
78
90
106
119
125
116
107
103
101
100
42
43
42
43
43
44
50
52
54
58
62
66
38
38
38
37
30
32
37
37
39
41
43
44
40
40
40
37
32
37
40
39
39
38
37
37
40
40
37
33
33
38
40
40
41
40
40
40
41
37
33
32
34
40
40
40
39
40
40
40
37
33
32
32
35
41
40
40
39
40
40
40
33
32
32
32
37
41
40
39
40
40
40
40
32
32
32
33
39
41
40
40
41
41
40
40
127
127
127
127
127
127
127
127
127
127
127
127
127
127
127
127
127
127
127
127
127
127
127
127
127
127
127
127
127
127
127
127
127
127
127
127
127
127
127
127
127
127
127
127
127
127
127
127
127
127
127
127
127
127
127
127
127
127
127
127
127
127
127
127
127
127
127
127
127
127
127
127
105
119
127
127
127
127
127
127
127
127
125
116
65
69
77
92
115
127
127
123
107
100
100
100
43
43
43
43
43
44
51
52
54
58
63
67
39
40
39
37
30
31
37
37
40
42
43
45
40
41
40
37
32
37
40
40
40
39
38
38
40
40
37
32
32
39
41
41
42
41
40
41
42
37
33
32
34
41
41
41
40
40
41
41
37
33
32
32
36
43
41
40
40
40
40
41
33
32
32
32
38
43
41
40
41
41
40
41
32
32
32
33
40
42
41
40
42
43
41
41
