82
79
76
74
71
71
71
71
74
77
80
82
86
84
81
78
76
75
75
77
79
82
85
88
94
92
89
86
84
83
83
85
87
90
93
96
103
100
97
95
92
92
92
95
97
100
103
106
116
111
109
106
104
104
105
106
109
112
116
119
119
122
123
124
123
123
123
125
127
127
127
127
100
106
112
119
124
127
127
127
127
127
125
123
65
69
75
84
96
110
120
116
110
106
103
101
44
44
44
44
39
83
82
49
56
58
61
65
41
42
40
33
64
127
71
36
42
43
44
46
43
43
38
57
123
127
63
40
43
42
40
40
42
40
45
110
127
127
52
43
44
43
43
43
42
38
99
127
127
127
44
42
43
43
42
43
39
87
127
127
127
127
40
41
42
43
43
43
77
127
127
127
127
118
39
42
42
43
43
43
127
127
127
127
127
108
40
44
41
42
43
42
94
91
87
85
83
82
82
83
85
89
92
95
99
96
93
90
88
87
88
89
91
94
97
100
106
103
101
98
96
95
96
97
99
103
106
110
115
112
110
107
106
105
106
107
110
113
116
119
127
125
122
118
117
117
118
120
122
126
127
127
124
127
127
127
127
127
127
127
127
127
127
127
100
108
116
125
127
127
127
127
127
127
127
122
65
68
73
83
99
115
120
120
111
105
103
101
42
42
42
43
44
43
46
50
53
56
61
64
38
39
37
38
35
30
34
37
38
40
41
43
40
40
40
40
35
32
39
40
39
39
37
37
39
40
41
36
32
33
40
40
41
40
40
40
41
40
37
32
32
34
40
40
40
40
40
40
40
37
33
32
32
34
39
40
40
41
40
40
38
33
32
32
32
35
40
40
40
40
41
40
35
32
32
32
32
36
40
40
39
39
40
40
127
127
127
127
127
127
127
127
127
127
127
127
127
127
127
127
127
127
127
127
127
127
127
127
127
127
127
127
127
127
127
127
127
127
127
127
127
127
127
127
127
127
127
127
127
127
127
127
127
127
127
127
127
127
127
127
127
127
127
127
127
127
127
127
127
127
127
127
127
127
127
127
99
111
127
127
127
127
127
127
127
127
127
121
65
68
71
84
103
126
127
127
113
103
100
101
43
43
42
43
44
45
47
50
53
57
60
64
39
39
39
38
35
29
33
37
39
41
42
43
40
40
42
40
36
32
39
41
40
40
38
39
40
40
41
37
32
33
40
42
42
41
40
42
42
41
37
33
32
34
40
41
41
41
40
41
41
38
33
32
32
34
40
40
40
42
41
41
38
34
32
32
32
35
40
40
40
41
42
41
35
32
32
32
32
37
42
41
40
40
41
40
