82
79
76
74
71
71
71
71
74
77
80
83
86
84
81
78
76
75
75
77
79
82
85
89
94
92
89
86
84
83
83
85
87
89
93
96
103
100
97
95
92
92
92
95
97
99
103
106
116
112
108
105
104
104
105
106
109
112
116
119
117
120
122
123
123
123
123
125
127
127
127
127
97
104
110
116
122
127
127
127
127
127
127
123
64
68
72
81
92
106
118
116
112
106
103
102
43
43
43
45
44
52
101
54
53
57
60
64
41
41
40
40
33
89
127
45
39
43
43
45
43
43
43
39
56
127
127
54
39
42
41
40
43
43
43
40
103
127
127
64
39
43
43
43
42
43
38
67
127
127
127
75
38
44
43
43
43
40
44
124
127
127
127
86
37
44
43
43
43
40
84
127
127
127
127
99
37
44
43
43
42
43
127
127
127
127
127
109
40
44
46
45
94
91
87
85
83
82
82
83
85
89
92
95
99
96
93
90
88
87
88
89
91
94
98
101
107
103
101
98
96
95
96
97
99
103
107
110
115
112
110
107
105
105
105
107
110
113
116
119
127
125
122
120
116
116
117
120
122
126
127
127
120
126
127
127
127
127
127
127
127
127
127
127
96
104
113
122
127
127
127
127
127
127
127
124
64
68
72
80
93
110
120
121
113
106
103
101
42
42
43
43
43
45
43
49
52
54
58
61
38
38
38
37
37
32
30
36
38
40
40
42
40
40
40
40
39
33
33
39
39
39
38
37
40
40
40
40
37
32
33
39
40
40
40
40
40
40
41
39
33
32
33
38
40
41
40
40
40
40
40
35
32
32
32
37
40
41
40
40
40
38
37
33
32
32
32
36
40
41
40
40
40
38
34
32
32
32
32
36
41
42
41
41
127
127
127
127
127
127
127
127
127
127
127
127
127
127
127
127
127
127
127
127
127
127
127
127
127
127
127
127
127
127
127
127
127
127
127
127
127
127
127
127
127
127
127
127
127
127
127
127
127
127
127
127
127
127
127
127
127
127
127
127
127
127
127
127
127
127
127
127
127
127
127
127
94
106
122
127
127
127
127
127
127
127
127
125
64
65
70
78
97
120
127
127
118
106
101
100
43
43
42
43
43
46
44
50
53
55
58
62
40
40
39
38
37
32
29
36
38
40
42
43
41
41
40
41
40
33
33
40
40
40
39
38
41
41
41
41
37
32
33
40
40
41
41
40
40
41
42
40
33
32
33
39
41
42
41
40
41
40
41
37
32
32
32
38
41
42
40
41
41
39
38
33
32
32
32
37
41
42
41
42
41
39
35
32
32
32
32
37
42
43
43
43
