83
78
76
74
71
71
71
71
74
77
80
83
87
84
81
78
76
75
75
77
79
82
85
89
93
91
89
86
84
83
83
85
87
90
94
97
103
99
97
95
92
92
92
95
97
99
103
106
117
113
108
105
104
104
105
106
109
112
116
118
116
120
121
123
123
123
123
125
127
127
127
127
96
103
108
115
121
127
127
127
127
127
127
124
64
67
71
79
89
103
117
116
113
108
104
103
43
44
44
44
46
45
89
72
49
57
60
63
41
41
41
40
40
39
127
97
35
42
43
45
43
43
43
43
40
58
127
127
47
40
41
40
43
43
43
43
38
88
127
127
75
40
43
43
44
44
45
43
40
125
127
127
119
37
42
43
43
43
45
40
57
127
127
127
127
57
40
43
43
42
43
38
86
127
127
127
127
98
43
43
43
42
42
39
111
127
127
127
127
127
48
44
94
92
89
85
83
82
82
83
85
89
92
95
99
96
93
90
88
87
88
89
91
94
98
101
107
104
101
98
96
95
96
97
99
103
107
110
115
113
110
107
105
105
105
107
110
113
116
120
127
125
122
120
116
116
117
120
122
125
127
127
119
124
127
127
127
127
127
127
127
127
127
127
95
102
111
120
127
127
127
127
127
127
127
126
64
66
71
78
90
108
118
120
116
107
103
102
43
42
43
42
43
45
44
47
52
54
57
61
39
38
38
37
37
37
30
33
37
39
40
42
40
40
40
40
40
39
32
34
38
39
38
37
40
40
40
40
40
37
32
33
38
41
41
40
40
40
41
41
40
34
32
32
36
40
40
40
41
40
41
40
39
33
32
32
33
38
40
39
41
40
40
40
37
32
32
32
32
37
40
40
40
40
40
41
37
32
32
32
32
35
42
41
127
127
127
127
127
127
127
127
127
127
127
127
127
127
127
127
127
127
127
127
127
127
127
127
127
127
127
127
127
127
127
127
127
127
127
127
127
127
127
127
127
127
127
127
127
127
127
127
127
127
127
127
127
127
127
127
127
127
127
127
127
127
127
127
127
127
127
127
127
127
127
127
92
101
117
127
127
127
127
127
127
127
127
127
64
65
68
76
92
116
127
127
121
108
102
100
43
43
43
43
43
46
44
47
51
54
57
61
39
39
39
38
37
37
29
31
37
40
41
43
40
40
40
40
41
40
32
33
39
40
40
38
41
41
41
40
41
37
32
33
39
42
42
41
41
42
43
42
41
35
32
32
36
40
40
40
42
42
43
41
40
33
32
32
33
39
40
40
42
40
41
41
38
32
32
32
32
37
42
40
41
40
40
41
37
32
32
32
32
36
43
43
