83
78
76
74
71
71
71
71
74
77
80
83
87
84
81
78
76
75
75
77
79
82
85
89
93
91
89
86
84
83
83
85
87
90
94
97
103
99
97
95
92
92
92
95
97
99
103
106
118
113
109
105
104
104
105
106
109
112
116
118
116
119
121
123
123
123
123
125
127
127
127
127
95
102
108
114
120
127
127
127
127
127
127
124
64
66
71
78
89
103
116
116
113
108
104
102
43
43
43
44
45
45
83
78
49
57
60
62
41
41
40
41
40
35
106
120
40
40
43
44
43
43
43
43
43
40
127
127
71
36
41
40
43
43
43
43
43
47
127
127
123
42
42
43
43
45
44
44
42
59
127
127
127
78
37
43
43
44
43
43
40
76
127
127
127
127
49
40
42
43
43
43
37
98
127
127
127
127
86
40
42
43
43
43
37
114
127
127
127
127
127
43
94
92
89
85
83
82
82
83
85
89
92
95
99
96
93
90
88
87
88
89
91
94
98
101
107
104
101
98
96
95
96
97
99
103
107
110
115
113
110
107
105
105
105
107
110
113
116
120
127
125
122
120
116
116
117
120
122
125
127
127
118
123
127
127
127
127
127
127
127
127
127
127
94
101
110
120
127
127
127
127
127
127
127
127
63
66
70
78
90
107
118
120
116
108
103
102
42
42
42
42
43
45
45
47
51
54
57
60
38
38
38
38
37
36
31
31
37
39
40
41
40
40
40
40
40
40
33
32
37
39
38
37
40
40
40
40
40
40
33
32
34
40
40
40
40
41
40
41
41
40
32
32
32
39
40
40
40
41
41
40
41
38
32
32
32
34
40
40
40
41
41
40
40
37
32
32
32
32
38
41
40
40
40
40
40
35
32
32
32
32
35
40
127
127
127
127
127
127
127
127
127
127
127
127
127
127
127
127
127
127
127
127
127
127
127
127
127
127
127
127
127
127
127
127
127
127
127
127
127
127
127
127
127
127
127
127
127
127
127
127
127
127
127
127
127
127
127
127
127
127
127
127
125
127
127
127
127
127
127
127
127
127
127
127
92
101
116
127
127
127
127
127
127
127
127
127
64
65
68
75
92
116
127
127
122
108
102
100
43
43
43
43
43
46
45
47
52
54
57
61
39
40
39
39
37
37
31
30
38
40
42
43
40
41
40
41
40
41
34
32
38
40
39
38
41
41
41
41
41
41
33
32
35
41
41
41
41
42
42
42
43
40
32
32
32
40
41
40
40
42
42
41
43
39
32
32
32
35
40
41
40
42
42
41
41
37
32
32
32
32
38
41
40
41
41
40
40
35
32
32
32
32
35
40
