82
79
76
74
71
71
71
71
74
77
80
82
86
84
81
78
76
75
75
77
79
82
85
88
94
92
89
86
84
83
83
85
87
89
93
97
103
100
97
95
92
92
92
95
97
99
103
106
117
113
108
106
104
104
105
106
109
112
116
118
116
120
122
123
124
123
123
126
127
127
127
127
96
103
109
116
123
127
127
127
127
127
127
123
64
67
71
81
92
107
117
115
112
106
103
102
43
44
43
44
46
47
92
70
49
57
60
63
41
41
40
40
40
36
103
120
43
38
44
45
43
43
43
43
43
38
110
127
89
40
39
40
43
43
43
43
43
38
101
127
127
65
40
42
43
43
45
44
43
39
99
127
127
127
51
37
43
44
45
43
43
38
96
127
127
127
111
46
43
44
43
42
43
38
92
127
127
127
127
93
43
43
43
42
42
39
89
127
127
127
127
127
94
91
87
85
83
82
82
83
85
89
92
95
99
96
93
90
88
87
88
89
91
94
97
100
106
103
101
98
96
95
96
97
99
103
106
110
115
112
110
107
106
105
106
107
110
113
116
119
127
125
122
120
117
117
118
120
122
126
127
127
120
125
127
127
127
127
127
127
127
127
127
127
96
103
112
122
127
127
127
127
127
127
127
125
64
67
71
80
95
111
118
120
113
106
103
101
42
42
43
43
43
45
44
47
52
54
58
61
38
38
38
37
37
37
32
30
38
40
41
42
40
40
40
40
40
40
35
31
36
38
39
37
40
40
40
40
40
40
36
32
33
38
40
40
40
40
40
41
41
40
37
32
32
34
39
40
41
41
41
40
40
40
37
32
32
32
36
40
41
41
40
40
40
40
37
32
32
32
33
38
40
40
40
40
40
41
37
32
32
32
32
33
127
127
127
127
127
127
127
127
127
127
127
127
127
127
127
127
127
127
127
127
127
127
127
127
127
127
127
127
127
127
127
127
127
127
127
127
127
127
127
127
127
127
127
127
127
127
127
127
127
127
127
127
127
127
127
127
127
127
127
127
127
127
127
127
127
127
127
127
127
127
127
127
92
103
120
127
127
127
127
127
127
127
127
127
64
66
69
78
98
121
127
127
116
105
101
100
43
43
42
43
43
46
44
48
54
55
58
61
39
39
39
38
37
37
31
31
38
40
42
43
40
40
40
40
41
42
36
32
37
39
40
38
41
41
41
41
41
42
37
31
33
39
41
41
41
41
42
42
42
41
37
32
32
34
40
40
42
42
42
41
41
41
37
32
32
32
36
42
42
42
41
40
41
41
38
32
32
32
33
39
41
41
40
40
40
41
38
32
32
32
32
33
