82
79
76
74
71
71
71
71
74
77
80
82
86
84
81
78
76
75
75
77
79
82
85
88
94
92
89
86
84
83
83
85
87
90
93
96
103
100
97
95
92
92
92
95
97
100
103
106
117
112
108
106
104
104
105
106
109
112
116
118
117
120
123
124
124
123
123
126
127
127
127
127
97
104
110
117
124
127
127
127
127
127
127
123
64
68
73
82
96
109
118
114
111
106
103
102
43
44
44
45
46
50
99
60
51
58
61
64
41
42
40
40
40
38
123
103
37
40
44
45
43
43
43
43
43
40
127
127
73
37
40
40
43
43
43
43
43
42
127
127
127
53
40
42
43
44
44
44
43
41
126
127
127
116
41
40
42
43
43
43
43
40
124
127
127
127
89
37
42
41
43
43
43
38
123
127
127
127
127
72
42
41
43
43
43
38
121
127
127
127
127
121
94
91
87
85
83
82
82
83
85
89
92
95
99
96
93
90
88
87
88
89
91
94
97
100
106
103
101
98
96
95
96
97
99
103
106
110
115
112
110
107
106
105
106
107
110
113
116
119
127
125
122
119
117
117
118
120
122
126
127
127
120
127
127
127
127
127
127
127
127
127
127
127
96
105
114
123
127
127
127
127
127
127
127
124
64
68
72
82
98
113
118
120
113
106
103
101
42
42
42
43
43
46
44
49
53
55
59
62
38
38
37
37
36
36
30
33
38
40
41
43
40
40
40
40
40
40
33
33
37
39
38
37
40
41
40
40
40
41
35
32
34
40
40
40
40
41
41
40
41
41
35
32
32
36
40
40
40
40
41
41
40
40
34
32
32
33
37
40
40
39
41
40
40
40
34
32
32
32
33
39
40
39
40
40
40
40
34
32
32
32
32
36
127
127
127
127
127
127
127
127
127
127
127
127
127
127
127
127
127
127
127
127
127
127
127
127
127
127
127
127
127
127
127
127
127
127
127
127
127
127
127
127
127
127
127
127
127
127
127
127
127
127
127
127
127
127
127
127
127
127
127
127
127
127
127
127
127
127
127
127
127
127
127
127
94
106
123
127
127
127
127
127
127
127
127
124
64
66
71
81
103
123
127
127
115
104
101
100
43
43
42
43
43
46
43
49
53
56
59
63
39
40
38
38
37
36
30
32
39
40
42
44
40
41
40
41
41
42
34
32
37
40
39
39
41
42
41
41
41
42
35
31
33
40
41
40
40
42
42
42
42
42
35
32
32
36
40
40
40
40
42
41
41
41
35
32
32
33
37
40
40
40
42
41
41
40
35
32
32
32
33
39
40
40
41
40
41
40
34
32
32
32
32
37
