82
79
76
74
71
71
71
71
74
77
80
82
86
84
81
78
76
75
75
77
79
82
85
88
94
92
89
86
84
83
83
85
87
90
94
96
103
100
97
95
92
92
93
95
97
100
103
106
116
112
109
106
104
104
105
106
109
112
115
119
118
121
123
124
124
123
124
126
127
127
127
127
99
106
112
118
126
127
127
127
127
127
125
123
64
68
75
84
98
111
117
113
110
106
103
102
43
44
44
45
46
57
99
50
54
59
61
64
42
41
41
40
38
49
127
78
34
43
45
46
43
43
43
43
42
54
127
127
54
37
42
40
43
43
43
43
42
57
127
127
103
40
43
42
43
42
42
43
40
60
127
127
127
74
37
44
43
43
42
43
39
63
127
127
127
127
57
40
44
43
42
42
38
67
127
127
127
127
105
46
46
43
43
41
37
69
127
127
127
127
127
60
94
91
87
85
83
82
82
83
85
89
92
95
99
96
92
90
88
88
88
89
91
94
97
100
106
104
101
98
96
96
96
97
99
103
106
110
115
113
110
108
106
105
106
107
110
113
116
119
127
125
122
119
117
117
118
120
122
126
127
127
123
127
127
127
127
127
127
127
127
127
127
127
99
106
116
125
127
127
127
127
127
127
127
123
64
68
73
83
100
114
118
119
111
105
103
102
42
42
42
43
43
46
43
50
54
56
60
63
39
38
37
37
36
35
30
34
39
40
41
43
40
40
40
40
40
39
32
33
37
38
38
37
40
40
40
40
40
40
33
32
36
40
41
40
40
39
40
40
40
39
32
32
32
38
41
40
40
40
40
40
40
38
32
32
32
34
40
40
41
40
40
39
40
38
32
32
32
32
36
39
42
40
40
38
39
37
32
32
32
32
33
37
127
127
127
127
127
127
127
127
127
127
127
127
127
127
127
127
127
127
127
127
127
127
127
127
127
127
127
127
127
127
127
127
127
127
127
127
127
127
127
127
127
127
127
127
127
127
127
127
127
127
127
127
127
127
127
127
127
127
127
127
127
127
127
127
127
127
127
127
127
127
127
127
96
109
126
127
127
127
127
127
127
127
127
123
64
67
71
84
106
125
127
127
113
103
101
100
43
43
42
43
44
46
44
50
54
57
60
64
40
39
39
38
36
35
29
34
40
41
42
43
41
40
41
41
41
40
32
34
39
40
39
38
41
40
41
41
42
40
33
32
37
41
42
40
40
40
40
40
41
40
32
32
33
39
42
41
40
41
40
40
40
39
32
32
32
34
40
41
42
41
40
40
40
39
32
32
32
32
37
40
43
40
40
39
40
38
32
32
32
32
33
37
