82
79
76
74
71
71
71
71
74
77
80
82
86
84
81
78
76
75
75
77
79
82
85
88
94
91
89
86
84
83
83
85
87
90
94
96
103
99
97
96
93
92
93
95
97
100
103
106
115
111
108
106
105
105
105
107
110
112
115
119
120
123
125
125
124
123
124
125
127
127
127
126
103
109
115
121
127
127
127
127
127
127
124
121
67
71
78
89
103
113
114
113
108
104
103
101
43
44
44
46
43
93
67
50
57
60
63
67
40
41
40
38
41
127
93
34
43
43
45
47
43
43
43
39
64
127
127
43
40
41
40
40
44
43
43
40
97
127
127
68
38
43
43
43
44
44
41
45
127
127
127
106
38
44
45
44
43
43
39
64
127
127
127
127
51
42
44
44
43
43
39
96
127
127
127
127
82
40
44
44
43
44
40
127
127
127
127
127
113
40
45
44
94
90
88
85
83
82
82
83
85
89
92
95
99
96
93
91
89
88
88
89
91
94
97
100
106
104
101
99
96
96
96
97
99
103
106
110
116
113
110
108
106
106
106
107
110
113
116
119
127
126
122
120
118
118
118
120
122
126
127
127
126
127
127
127
127
127
127
127
127
127
127
127
103
110
120
127
127
127
127
127
127
127
125
121
66
70
77
90
106
114
118
115
107
103
102
101
42
42
42
43
45
43
47
51
54
57
61
65
38
38
37
37
36
30
33
38
39
41
42
43
40
40
40
40
38
32
34
39
38
38
37
37
40
40
40
40
37
32
33
39
40
40
40
40
41
40
41
40
34
32
32
37
40
40
41
41
40
40
40
38
33
32
32
34
40
40
41
41
40
41
40
36
32
32
32
33
38
40
41
41
41
42
40
34
32
32
32
32
37
42
41
42
127
127
127
127
127
127
127
127
127
127
127
127
127
127
127
127
127
127
127
127
127
127
127
127
127
127
127
127
127
127
127
127
127
127
127
127
127
127
127
127
127
127
127
127
127
127
127
127
127
127
127
127
127
127
127
127
127
127
127
127
127
127
127
127
127
127
127
127
127
127
127
127
102
116
127
127
127
127
127
127
127
127
127
119
65
68
76
92
115
127
127
122
108
101
100
100
43
43
43
43
46
43
47
51
54
57
61
65
39
39
38
37
36
29
33
38
40
42
43
44
41
40
40
41
40
32
34
40
40
39
38
38
42
41
41
43
38
32
33
40
41
41
41
41
42
41
41
41
35
32
32
37
41
42
42
42
41
41
40
39
33
32
32
34
41
41
42
42
41
42
40
36
32
32
32
33
39
42
42
42
42
43
41
34
32
32
32
32
37
43
42
43
