82
79
76
74
71
71
71
71
74
77
80
82
86
84
81
78
76
75
75
77
79
82
85
88
94
91
89
86
84
83
83
85
87
91
93
96
103
99
97
96
93
92
93
95
97
100
103
106
114
111
108
106
105
105
106
107
110
112
116
120
121
123
125
126
125
123
125
125
126
126
127
127
104
110
116
123
127
127
127
127
127
127
123
120
68
71
79
91
102
113
114
112
107
104
103
100
44
43
44
44
47
99
55
53
57
61
64
68
41
41
40
33
73
127
52
39
42
44
45
47
43
43
40
46
124
127
66
39
42
42
41
40
43
43
38
78
127
127
82
38
43
43
44
44
44
42
46
127
127
127
101
37
43
41
43
43
43
39
92
127
127
127
120
39
43
43
43
43
41
60
127
127
127
127
127
45
42
43
43
43
38
90
127
127
127
127
127
51
40
43
43
45
94
90
88
85
83
82
82
83
85
88
92
95
99
96
93
91
89
88
88
89
91
93
97
100
106
104
101
99
96
96
96
97
99
103
106
110
116
113
110
108
106
106
106
107
110
113
116
119
127
125
122
120
118
118
118
120
122
126
127
127
127
127
127
127
127
127
127
127
127
127
127
127
103
112
122
127
127
127
127
127
127
127
124
120
67
71
78
92
107
114
117
114
106
103
101
100
42
43
42
43
45
43
46
50
54
58
62
66
38
38
37
37
34
29
35
38
40
41
43
44
40
40
40
40
35
32
39
40
39
39
37
37
40
40
40
37
33
32
38
40
40
40
40
40
40
41
40
33
32
32
37
40
40
38
40
40
41
41
37
32
32
32
36
41
40
40
41
40
41
39
34
32
32
32
34
41
40
40
41
41
40
37
32
32
32
32
33
40
40
40
40
42
127
127
127
127
127
127
127
127
127
127
127
127
127
127
127
127
127
127
127
127
127
127
127
127
127
127
127
127
127
127
127
127
127
127
127
127
127
127
127
127
127
127
127
127
127
127
127
127
127
127
127
127
127
127
127
127
127
127
127
127
127
127
127
127
127
127
127
127
127
127
127
127
104
119
127
127
127
127
127
127
127
127
126
117
65
69
77
95
115
125
127
120
106
101
100
100
43
42
43
43
45
43
47
51
54
58
62
67
39
39
38
38
34
28
35
38
40
42
43
45
40
41
40
40
36
32
40
40
40
40
38
38
40
41
40
38
33
32
39
41
41
42
41
42
42
42
40
34
32
32
37
41
40
39
40
40
42
42
37
32
32
32
36
42
40
40
41
40
41
40
34
32
32
32
35
42
41
41
41
41
40
37
32
32
32
32
34
41
41
41
42
42
