82
79
76
74
71
71
71
71
74
77
80
82
86
84
81
78
76
75
75
77
79
82
85
88
94
91
89
86
84
83
83
85
87
90
93
96
103
99
97
95
93
92
93
95
97
100
103
106
114
111
108
106
105
105
105
107
110
112
116
120
120
123
125
125
124
123
124
126
127
127
127
127
103
109
115
121
126
127
127
127
127
127
123
120
67
71
78
89
99
111
113
112
108
104
103
100
43
44
44
43
46
98
57
50
56
60
64
68
41
42
40
33
85
127
45
39
42
43
45
47
43
43
38
65
127
127
46
41
41
42
41
40
42
40
47
123
127
127
44
43
43
45
44
43
40
38
104
127
127
127
42
43
44
43
44
43
37
82
127
127
127
127
40
42
43
43
43
43
68
127
127
127
127
127
40
42
43
43
42
43
114
127
127
127
127
127
41
43
43
43
42
42
94
91
87
85
83
82
82
83
85
88
92
95
99
96
92
90
88
88
88
89
91
93
97
100
106
104
101
98
96
96
96
97
99
103
106
110
116
113
110
108
106
106
106
107
110
113
116
119
127
125
122
119
117
117
118
120
122
126
127
127
126
127
127
127
127
127
127
127
127
127
127
127
103
111
120
127
127
127
127
127
127
127
125
120
67
71
77
89
103
111
116
115
108
103
102
101
42
42
42
43
44
42
46
49
54
57
61
65
38
39
37
37
33
30
36
37
39
40
42
43
40
40
40
39
33
33
40
40
38
38
38
37
40
40
40
35
32
34
40
41
40
40
41
40
39
40
36
32
32
34
40
40
40
40
41
40
40
37
33
32
32
34
40
40
40
40
40
40
38
33
32
32
32
34
40
39
40
40
40
40
35
32
32
32
32
34
42
40
40
41
40
40
127
127
127
127
127
127
127
127
127
127
127
127
127
127
127
127
127
127
127
127
127
127
127
127
127
127
127
127
127
127
127
127
127
127
127
127
127
127
127
127
127
127
127
127
127
127
127
127
127
127
127
127
127
127
127
127
127
127
127
127
127
127
127
127
127
127
127
127
127
127
127
127
103
116
127
127
127
127
127
127
127
127
127
118
65
68
75
91
111
122
127
123
108
101
100
100
43
43
43
43
45
42
46
50
54
57
62
66
40
40
38
37
33
29
35
37
40
42
43
44
41
41
41
40
33
33
41
41
39
40
39
38
40
41
40
36
32
34
41
42
40
42
42
41
40
40
37
32
32
34
40
40
42
42
42
41
40
37
33
32
32
34
40
40
41
41
41
40
39
33
32
32
32
34
41
40
40
41
40
40
36
32
32
32
32
35
43
40
41
42
40
40
