82
79
76
74
71
71
71
71
74
77
80
82
86
84
81
78
76
75
75
77
79
82
85
88
94
92
89
86
84
83
83
85
87
90
93
96
103
100
97
95
92
92
92
95
97
100
103
106
116
111
109
106
104
104
105
106
109
112
116
119
118
122
123
124
124
124
124
127
127
127
127
127
99
106
112
118
124
125
127
127
127
127
125
123
64
68
75
83
95
103
112
110
110
106
103
101
43
44
44
45
40
71
87
45
54
59
61
65
42
41
41
37
43
124
100
33
41
43
44
46
43
43
42
40
88
127
114
37
43
42
41
41
43
42
39
57
127
127
117
39
43
44
45
44
43
43
39
117
127
127
124
39
42
43
43
43
43
40
83
127
127
127
127
41
41
43
43
43
43
63
127
127
127
127
127
46
42
43
43
42
41
96
127
127
127
127
127
50
43
43
42
42
94
91
87
85
83
82
82
83
85
89
92
95
99
96
93
90
88
87
88
89
91
94
97
100
106
103
101
98
96
95
96
97
99
103
106
110
115
112
110
107
106
105
106
107
110
113
116
119
127
125
122
118
117
117
118
120
122
126
127
127
123
127
127
127
127
127
127
127
127
127
127
127
99
106
116
125
127
127
127
127
127
127
127
122
64
68
73
83
97
107
112
115
112
105
103
101
42
42
42
43
44
43
43
46
51
56
60
64
39
38
37
38
37
30
31
36
37
40
41
43
40
40
40
40
37
32
35
40
39
39
38
37
40
40
40
38
33
32
36
40
40
40
41
41
40
40
40
35
32
32
34
40
40
40
41
40
40
41
37
33
32
32
34
40
40
41
40
40
41
40
34
32
32
32
34
40
40
41
39
40
42
38
32
32
32
32
33
41
41
40
39
40
127
127
127
127
127
127
127
127
127
127
127
127
127
127
127
127
127
127
127
127
127
127
127
127
127
127
127
127
127
127
127
127
127
127
127
127
127
127
127
127
127
127
127
127
127
127
127
127
127
127
127
127
127
127
127
127
127
127
127
127
127
127
127
127
127
127
127
127
127
127
127
127
97
110
126
127
127
127
127
127
127
127
127
122
64
67
71
83
102
116
122
125
115
103
101
101
43
43
42
43
44
43
43
47
51
57
60
64
40
39
39
38
37
30
31
36
38
41
42
43
41
40
41
41
38
32
36
41
40
40
39
39
41
40
40
39
33
31
36
41
41
41
42
42
41
41
40
35
32
32
34
40
40
41
42
41
42
43
37
33
32
32
34
41
40
42
41
40
42
41
34
32
32
32
34
43
41
42
40
40
43
39
32
32
32
32
33
43
42
41
40
40
