82
79
76
74
71
71
71
71
74
77
80
82
86
84
81
78
76
75
75
77
79
82
85
88
94
92
89
86
84
83
83
85
87
89
94
97
103
100
97
95
92
92
92
95
97
99
103
106
116
112
108
106
104
104
105
106
109
112
115
119
117
120
122
123
124
124
124
126
127
127
127
127
97
104
110
116
123
126
126
127
127
127
127
123
64
68
73
82
92
100
109
109
110
106
103
102
43
43
43
44
45
50
98
50
49
57
61
64
41
41
41
41
35
70
127
55
36
43
43
45
43
43
43
43
40
113
127
82
37
42
41
40
42
43
43
40
57
127
127
113
40
44
43
43
42
41
43
37
95
127
127
127
50
43
44
43
43
43
41
48
127
127
127
127
70
39
43
43
44
45
40
79
127
127
127
127
102
38
42
43
44
45
40
111
127
127
127
127
127
40
42
43
94
91
87
85
83
82
82
83
85
89
92
95
99
96
93
90
88
87
88
89
91
94
97
100
106
103
101
98
96
95
96
97
99
103
106
110
115
112
110
107
105
105
106
107
110
113
116
119
127
125
122
119
117
117
118
120
122
126
127
127
120
126
127
127
127
127
127
127
127
127
127
127
96
104
113
122
127
127
127
127
127
127
127
124
64
68
72
81
94
103
110
113
113
106
103
101
42
42
42
43
43
44
42
46
47
54
59
62
38
39
37
37
37
34
30
35
37
40
41
43
40
40
40
40
40
36
31
37
40
39
38
37
40
40
40
40
40
33
31
37
40
40
41
40
40
39
40
40
37
32
32
33
40
41
40
41
40
40
40
40
34
32
32
33
37
40
40
40
42
41
40
38
33
32
32
32
36
40
40
40
42
41
40
36
32
32
32
32
35
40
39
41
127
127
127
127
127
127
127
127
127
127
127
127
127
127
127
127
127
127
127
127
127
127
127
127
127
127
127
127
127
127
127
127
127
127
127
127
127
127
127
127
127
127
127
127
127
127
127
127
127
127
127
127
127
127
127
127
127
127
127
127
127
127
127
127
127
127
127
127
127
127
127
127
94
106
123
127
127
127
127
127
127
127
127
124
64
66
71
80
97
111
118
123
120
106
101
100
43
43
42
43
43
44
42
45
47
55
59
62
39
39
39
39
37
34
29
34
37
40
42
43
40
40
41
41
41
36
31
38
41
40
39
38
40
40
41
41
40
33
31
37
41
42
42
41
40
40
41
42
38
32
32
34
41
42
41
42
41
41
41
40
35
32
32
33
38
41
41
41
43
43
41
38
33
32
32
32
36
40
40
41
43
43
42
37
32
32
32
32
35
40
40
42
