82
79
76
74
71
71
71
71
74
77
80
82
86
84
81
78
76
75
75
77
79
82
85
88
94
92
89
86
84
83
83
85
87
90
94
96
103
100
97
95
92
92
92
95
97
100
103
106
116
112
108
106
104
104
105
106
109
112
115
119
117
121
123
123
124
124
125
127
127
127
127
127
98
105
111
116
123
125
125
127
127
127
127
123
64
68
74
82
92
99
107
106
109
107
103
102
43
43
44
45
45
50
98
50
47
57
61
64
41
40
41
40
37
59
127
64
34
42
43
46
43
43
43
43
38
89
127
106
40
40
41
40
43
43
43
43
39
120
127
127
55
41
43
43
43
43
42
41
50
127
127
127
92
38
43
43
43
42
41
37
71
127
127
127
127
47
41
43
43
41
42
37
99
127
127
127
127
81
40
43
43
42
43
40
121
127
127
127
127
118
39
42
94
91
87
85
83
82
82
83
85
89
92
95
99
96
93
90
88
87
88
89
91
94
97
100
106
103
101
98
96
95
96
97
99
103
106
110
115
112
110
107
106
105
106
107
110
113
116
119
127
125
122
119
117
117
118
120
122
126
127
127
121
127
127
127
127
127
127
127
127
127
127
127
97
105
114
123
127
127
127
127
127
127
127
123
64
68
73
82
93
102
107
111
113
106
103
101
42
42
42
43
43
43
41
45
46
54
59
62
38
38
37
37
37
35
29
34
36
40
41
43
40
40
40
40
40
37
32
36
40
39
37
37
40
40
40
40
40
36
32
33
40
40
40
40
40
41
40
40
40
33
32
32
37
42
40
40
40
40
39
40
37
33
32
32
34
40
40
40
40
39
40
39
36
32
32
32
32
38
40
40
40
39
41
40
35
32
32
32
32
36
40
39
127
127
127
127
127
127
127
127
127
127
127
127
127
127
127
127
127
127
127
127
127
127
127
127
127
127
127
127
127
127
127
127
127
127
127
127
127
127
127
127
127
127
127
127
127
127
127
127
127
127
127
127
127
127
127
127
127
127
127
127
127
127
127
127
127
127
127
127
127
127
127
127
95
106
123
127
127
127
127
127
127
127
127
124
64
66
71
82
96
108
116
120
121
106
101
100
43
43
42
43
43
43
42
46
46
55
59
63
40
39
39
38
37
35
29
33
36
40
42
43
41
40
41
40
42
38
31
37
41
40
39
38
41
41
41
41
42
36
31
34
41
42
41
40
41
41
40
41
40
33
32
32
38
43
41
41
41
40
40
40
39
33
32
32
34
42
41
41
41
40
40
40
37
32
32
32
32
39
41
40
40
40
42
40
35
32
32
32
32
36
40
40
