82
80
77
75
72
71
71
72
75
78
81
83
87
85
82
79
77
76
76
78
80
83
86
89
95
92
89
87
85
84
84
85
88
91
94
97
103
101
98
96
93
93
94
96
98
101
104
106
117
113
109
106
105
105
106
107
110
113
116
119
118
121
123
124
125
125
126
127
127
127
127
127
98
104
111
117
122
126
125
127
127
127
126
123
64
68
74
82
90
98
106
105
107
107
103
102
43
44
44
45
46
49
97
50
46
54
61
64
41
41
40
40
39
50
127
75
33
42
44
45
43
43
43
43
39
66
127
125
46
40
41
41
43
43
43
43
37
84
127
127
77
39
44
44
43
43
44
45
39
106
127
127
127
43
41
43
43
43
45
43
41
127
127
127
127
87
39
43
43
44
45
42
48
127
127
127
127
127
56
41
44
44
45
41
57
127
127
127
127
127
82
39
95
91
89
86
84
83
83
84
86
89
92
96
99
97
94
91
89
89
89
89
92
95
98
101
107
104
102
99
96
96
96
98
100
103
107
110
116
113
110
108
106
106
106
108
110
114
117
120
127
126
123
120
118
118
119
120
123
126
127
127
121
127
127
127
127
127
127
127
127
127
127
127
97
105
114
123
127
127
127
127
127
127
127
123
64
68
73
82
92
99
106
109
111
109
103
101
42
42
42
43
43
43
40
44
44
52
60
62
38
38
37
37
37
36
30
33
37
38
41
43
40
40
40
40
40
38
32
34
40
39
37
38
40
40
40
40
40
37
32
33
37
40
40
41
40
40
40
40
41
36
32
32
34
40
40
40
40
41
40
41
41
35
32
32
32
38
41
40
40
41
40
41
40
33
32
32
32
34
40
40
40
41
40
41
40
33
32
32
32
32
37
40
127
127
127
127
127
127
127
127
127
127
127
127
127
127
127
127
127
127
127
127
127
127
127
127
127
127
127
127
127
127
127
127
127
127
127
127
127
127
127
127
127
127
127
127
127
127
127
127
127
127
127
127
127
127
127
127
127
127
127
127
127
127
127
127
127
127
127
127
127
127
127
127
94
106
123
127
127
127
127
127
127
127
127
124
64
66
71
80
94
105
113
117
120
111
100
100
43
43
42
43
43
44
41
44
44
52
60
63
39
39
38
38
37
36
29
33
36
39
42
43
40
40
40
40
41
40
32
35
41
40
38
39
41
41
41
40
40
38
32
33
38
41
41
42
41
41
41
42
43
37
32
32
35
41
41
41
41
41
42
42
43
36
32
32
33
38
42
40
41
42
42
42
41
34
32
32
32
35
40
40
42
43
42
43
40
33
32
32
32
33
38
41
