82
79
76
74
71
71
71
72
75
78
81
83
87
85
82
78
76
76
76
78
80
83
86
89
94
92
89
86
84
84
84
85
88
91
94
97
103
100
98
96
93
93
93
95
97
101
104
106
117
112
110
106
105
105
106
107
110
113
116
119
118
121
123
124
124
125
126
127
127
127
127
127
98
104
111
116
121
125
125
127
127
127
127
123
64
68
74
82
89
96
104
104
106
107
105
102
43
44
44
44
45
50
96
50
46
51
61
64
41
41
41
40
39
48
127
78
33
40
43
45
43
43
43
43
40
60
127
127
50
39
41
40
42
42
43
43
39
71
127
127
90
39
43
43
43
44
43
43
37
84
127
127
127
54
40
43
43
43
44
45
37
99
127
127
127
110
42
41
43
43
44
44
39
113
127
127
127
127
73
40
44
44
44
43
40
124
127
127
127
127
113
40
94
92
89
85
83
82
82
84
86
89
92
96
99
96
93
91
89
88
88
89
92
95
98
101
107
104
101
99
96
96
96
98
100
103
107
110
116
113
110
108
106
106
106
108
110
113
116
120
127
126
122
120
118
118
118
120
123
125
127
127
121
127
127
127
127
127
127
127
127
127
127
127
97
106
115
123
127
127
127
127
127
127
127
123
64
67
73
82
90
98
104
108
110
109
105
102
42
42
42
43
43
43
40
44
44
48
60
63
38
38
37
37
37
37
30
33
37
37
41
43
40
40
40
40
40
39
32
34
40
40
37
37
40
40
40
40
40
38
32
33
37
40
40
40
40
40
40
40
40
37
32
32
33
39
40
40
40
40
40
40
40
36
32
32
32
37
41
40
40
40
40
41
40
34
32
32
32
33
38
40
41
41
41
40
40
34
32
32
32
32
35
40
127
127
127
127
127
127
127
127
127
127
127
127
127
127
127
127
127
127
127
127
127
127
127
127
127
127
127
127
127
127
127
127
127
127
127
127
127
127
127
127
127
127
127
127
127
127
127
127
127
127
127
127
127
127
127
127
127
127
127
127
127
127
127
127
127
127
127
127
127
127
127
127
95
106
123
127
127
127
127
127
127
127
127
123
64
66
71
79
92
103
110
116
118
114
103
100
43
43
42
43
43
43
40
44
45
49
60
64
39
39
39
39
37
37
29
33
37
37
42
43
40
40
41
41
41
40
32
35
41
40
38
38
40
40
41
40
41
39
32
33
38
41
40
41
41
42
41
40
41
37
32
32
33
40
41
41
41
41
42
41
42
37
32
32
32
37
42
41
41
41
42
42
42
35
32
32
32
33
39
41
41
42
42
41
41
34
32
32
32
32
36
41
