82
79
76
74
71
71
71
71
74
77
80
82
86
84
81
78
76
75
75
77
79
82
85
88
94
91
89
86
84
83
83
85
87
90
94
96
103
99
97
95
92
92
93
95
97
100
103
106
116
112
109
106
105
105
105
106
109
112
115
119
119
122
123
124
124
125
125
127
127
127
127
127
99
106
112
116
121
123
123
127
127
127
127
123
64
69
75
82
89
95
103
103
105
106
106
103
43
44
44
45
43
60
92
43
47
48
61
66
42
41
40
40
35
72
127
54
34
40
43
46
43
43
43
43
37
97
127
98
39
42
40
40
44
43
43
44
40
117
127
127
56
39
43
43
44
44
43
43
44
127
127
127
104
37
44
46
43
43
43
40
55
127
127
127
127
59
40
46
43
43
43
37
71
127
127
127
127
106
44
44
43
43
43
37
86
127
127
127
127
127
55
43
94
91
87
85
83
82
82
83
85
89
92
95
99
96
92
90
88
88
88
89
91
94
97
100
106
104
101
98
96
96
96
97
99
103
106
110
115
113
110
108
106
105
106
107
110
113
116
119
127
125
122
120
117
117
118
120
122
125
127
127
123
127
127
127
127
127
127
127
127
127
127
127
99
106
116
123
127
127
127
127
127
127
127
123
64
68
73
81
89
96
103
106
108
109
106
103
42
42
42
43
43
43
41
44
44
46
58
64
39
38
38
37
37
34
30
35
37
37
40
43
40
40
40
40
40
37
31
37
40
40
37
37
40
40
40
40
41
36
31
34
40
40
40
40
41
40
41
41
40
33
32
32
37
40
40
40
40
41
40
40
40
33
32
32
33
39
40
40
40
41
40
40
38
33
32
32
32
37
40
40
40
40
40
40
37
32
32
32
32
34
40
41
127
127
127
127
127
127
127
127
127
127
127
127
127
127
127
127
127
127
127
127
127
127
127
127
127
127
127
127
127
127
127
127
127
127
127
127
127
127
127
127
127
127
127
127
127
127
127
127
127
127
127
127
127
127
127
127
127
127
127
127
127
127
127
127
127
127
127
127
127
127
127
127
97
110
126
127
127
127
127
127
127
127
127
122
64
67
71
79
91
100
108
113
116
116
106
101
43
43
42
43
43
43
41
45
45
47
59
64
40
39
39
38
37
34
29
35
37
37
41
44
41
40
41
40
42
37
31
37
42
41
38
38
42
41
41
41
42
36
31
33
41
40
40
40
42
42
41
42
41
33
32
32
37
41
42
42
41
41
40
41
40
33
32
32
33
40
42
42
41
41
40
40
38
33
32
32
32
36
41
42
41
41
41
40
37
32
32
32
32
33
40
43
