82
79
76
74
71
71
71
71
74
77
80
82
86
84
81
78
76
75
75
77
79
82
85
88
94
91
89
86
84
83
83
85
87
90
94
96
103
99
97
95
93
92
93
95
97
100
103
106
116
112
109
106
105
105
105
106
109
111
115
119
120
122
123
124
125
126
126
127
127
127
127
127
100
106
112
116
120
121
125
127
127
127
127
123
65
69
75
81
87
94
100
102
103
104
106
105
44
43
44
45
41
78
74
45
47
47
57
68
41
40
41
40
38
120
106
35
40
39
43
46
43
43
43
40
57
127
127
49
40
43
42
40
42
43
43
37
88
127
127
77
37
43
44
43
43
43
43
41
123
127
127
113
40
42
42
42
44
44
41
59
127
127
127
127
55
40
41
41
43
43
40
91
127
127
127
127
87
40
42
42
43
43
40
120
127
127
127
127
118
40
43
43
94
91
87
85
83
82
82
83
85
89
92
95
99
96
92
91
89
88
88
89
91
94
97
100
106
104
101
99
96
96
96
97
99
103
106
110
116
113
110
108
106
106
106
107
110
113
116
119
127
126
122
120
118
118
118
120
122
124
127
127
124
127
127
127
127
127
127
127
127
127
127
127
101
108
116
123
127
127
127
127
127
127
127
123
66
68
73
80
87
95
100
104
106
106
106
105
42
42
42
43
43
41
43
44
44
44
54
67
38
38
38
37
37
31
32
37
36
36
40
43
40
40
40
40
39
33
33
40
40
40
39
37
40
40
40
40
37
32
33
39
40
40
41
40
40
40
41
40
34
32
32
36
40
40
40
40
41
40
41
39
33
32
32
33
40
41
38
39
41
40
41
37
31
32
32
32
38
41
39
40
40
41
41
36
31
32
32
32
37
40
40
41
127
127
127
127
127
127
127
127
127
127
127
127
127
127
127
127
127
127
127
127
127
127
127
127
127
127
127
127
127
127
127
127
127
127
127
127
127
127
127
127
127
127
127
127
127
127
127
127
127
127
127
127
127
127
127
127
127
127
127
127
127
127
127
127
127
127
127
127
127
127
127
127
99
112
126
127
127
127
127
127
127
127
127
122
65
68
71
78
89
98
106
111
113
114
109
103
43
43
42
43
43
41
42
44
45
44
54
67
39
40
39
39
37
31
32
37
36
36
40
44
40
41
41
41
40
33
34
40
41
41
40
37
40
41
40
40
37
32
33
39
41
41
42
41
41
41
42
40
35
32
31
37
41
41
40
40
42
41
42
39
33
32
32
33
40
42
39
40
42
41
42
37
31
32
32
32
38
42
40
40
41
41
41
35
31
32
32
32
37
42
40
42
