82
79
76
74
71
71
71
71
74
77
80
82
86
84
81
78
76
75
75
77
79
82
85
88
94
91
89
86
84
83
83
85
87
91
94
96
103
99
97
96
93
92
93
95
97
100
103
106
116
112
109
106
105
105
105
106
109
111
113
119
120
122
123
124
125
126
126
127
127
127
127
127
100
106
111
116
120
120
125
127
127
127
127
125
65
69
74
80
86
92
99
101
103
103
105
106
44
44
44
45
42
83
66
47
47
47
53
68
41
41
40
37
50
127
81
36
40
39
41
46
43
43
43
38
87
127
110
37
43
42
43
40
43
44
42
46
127
127
127
44
41
43
43
43
43
44
39
74
127
127
127
64
39
44
43
42
43
43
40
121
127
127
127
89
39
44
44
43
42
42
66
127
127
127
127
116
43
43
44
44
43
42
99
127
127
127
127
127
49
42
43
44
94
90
88
85
83
82
82
83
85
89
92
95
99
96
93
91
89
88
88
89
91
94
97
100
106
104
101
99
96
96
96
97
99
103
106
110
116
113
110
108
106
106
106
107
110
113
116
119
127
126
122
120
118
118
118
120
122
124
127
127
124
127
127
127
127
127
127
127
127
127
127
127
101
108
116
122
127
127
127
127
127
127
127
125
66
68
73
79
86
93
99
103
106
106
106
106
42
42
42
42
43
40
42
43
44
43
50
67
38
38
37
38
37
30
33
37
37
36
38
43
40
40
40
40
37
31
36
40
40
40
40
37
40
40
40
40
34
31
34
40
40
40
40
40
40
41
40
38
32
32
33
39
40
40
40
39
40
40
40
36
32
32
32
37
41
41
41
40
40
41
39
33
32
32
32
35
42
41
42
41
40
43
37
32
32
32
32
34
41
41
41
41
127
127
127
127
127
127
127
127
127
127
127
127
127
127
127
127
127
127
127
127
127
127
127
127
127
127
127
127
127
127
127
127
127
127
127
127
127
127
127
127
127
127
127
127
127
127
127
127
127
127
127
127
127
127
127
127
127
127
127
127
127
127
127
127
127
127
127
127
127
127
127
127
100
112
125
127
127
127
127
127
127
127
127
126
65
68
71
78
87
96
105
110
112
113
110
105
43
43
42
43
43
40
43
44
44
44
50
67
39
39
38
39
37
30
33
37
37
36
38
43
40
41
40
41
37
31
36
41
41
40
40
37
41
42
41
41
34
31
34
40
41
40
41
40
41
42
42
40
32
32
33
40
42
41
41
40
40
41
41
36
32
32
32
38
43
42
42
40
40
42
39
33
32
32
32
36
43
42
42
42
40
44
37
32
32
32
32
34
42
42
41
42
