82
79
76
74
72
71
71
72
75
77
80
83
87
85
81
78
77
76
76
78
80
82
85
89
94
92
89
86
85
84
84
85
88
91
94
97
103
100
98
96
93
93
93
96
98
100
103
106
118
113
110
108
106
106
106
107
110
112
114
116
117
120
121
123
124
125
126
127
127
127
127
127
96
102
106
111
116
118
120
126
127
127
127
127
64
66
70
74
79
83
91
96
98
98
98
97
43
44
43
44
39
53
85
60
48
47
47
46
41
42
41
33
57
120
92
42
40
40
40
40
43
43
39
55
113
127
81
38
43
43
43
43
43
41
43
106
127
127
54
42
43
43
43
43
42
38
98
127
127
127
47
43
43
42
43
43
37
84
127
127
127
127
41
43
43
42
42
43
74
127
127
127
127
122
39
43
43
43
43
43
127
127
127
127
127
113
38
42
43
45
44
43
94
92
89
85
83
82
83
84
86
89
92
96
99
97
94
91
89
88
89
89
92
95
98
101
107
104
102
99
96
96
96
98
100
104
107
110
116
113
110
109
106
106
106
108
110
113
116
119
127
126
123
121
119
119
119
120
123
124
127
127
120
124
127
127
127
127
127
127
127
127
127
127
96
102
109
116
121
127
127
127
127
127
127
127
64
66
68
74
78
85
90
95
98
99
99
99
42
42
42
43
43
42
40
43
43
43
43
43
38
38
38
39
37
32
33
36
36
36
36
37
40
40
40
40
36
32
37
40
40
40
40
40
40
40
40
36
32
32
40
41
41
40
40
40
40
40
37
32
32
34
41
41
40
40
40
41
40
37
33
32
32
34
40
40
40
40
40
41
39
33
32
32
32
35
40
40
40
40
40
40
36
32
32
32
32
36
40
40
41
42
40
40
127
127
127
127
127
127
127
127
127
127
127
127
127
127
127
127
127
127
127
127
127
127
127
127
127
127
127
127
127
127
127
127
127
127
127
127
127
127
127
127
127
127
127
127
127
127
127
127
127
127
127
127
127
127
127
127
127
127
127
127
127
127
127
127
127
127
127
127
127
127
127
127
93
101
113
126
127
127
127
127
127
127
127
127
64
65
68
71
77
85
92
99
103
105
105
103
43
43
42
42
43
43
40
43
43
44
44
43
40
39
39
40
37
32
33
37
37
37
37
37
41
40
41
40
36
32
39
42
41
41
41
41
41
41
40
37
32
33
40
42
42
41
41
41
41
40
37
33
32
34
42
41
41
40
40
41
41
37
33
32
32
34
41
41
41
40
40
41
39
33
32
32
32
35
40
40
41
41
40
41
36
32
32
32
32
36
41
40
41
43
41
41
