82
79
76
74
71
71
71
71
74
77
80
82
86
84
81
78
76
75
75
77
79
82
85
88
94
91
89
86
84
83
83
85
87
91
94
96
103
100
97
95
93
92
93
95
97
100
103
106
119
114
110
108
105
105
106
107
110
111
114
116
116
119
120
122
123
124
126
127
127
127
127
127
94
100
105
110
114
118
118
123
127
127
127
127
64
65
68
72
78
82
86
93
96
96
96
96
43
44
43
44
43
40
74
76
51
47
47
47
41
42
42
37
37
88
124
60
40
40
40
40
43
43
41
40
78
127
127
47
41
43
43
43
42
41
39
61
127
127
120
38
44
43
43
43
45
39
50
127
127
127
108
37
42
43
43
43
41
47
113
127
127
127
98
37
42
42
42
43
47
92
127
127
127
127
89
37
43
44
43
43
58
127
127
127
127
127
82
37
46
47
43
43
94
91
87
85
83
82
82
83
85
88
92
95
99
96
92
91
89
88
88
89
91
93
97
100
106
104
101
99
96
96
96
97
99
103
106
110
116
113
110
108
106
106
106
107
110
113
116
119
127
126
123
121
118
118
118
120
122
124
127
127
117
123
127
127
127
127
127
127
127
127
127
127
93
99
106
113
120
124
127
127
127
127
127
127
64
65
68
72
76
82
88
92
95
97
98
97
42
42
42
43
42
43
40
40
43
43
43
43
38
38
39
38
38
34
32
35
37
36
36
36
40
40
40
40
38
33
33
40
40
40
40
40
40
40
40
39
33
31
35
40
41
40
40
40
41
41
40
34
32
32
36
40
40
40
40
40
42
40
36
32
32
32
37
40
39
40
40
40
41
37
33
32
32
32
37
40
40
40
40
40
40
33
32
32
32
32
37
40
41
42
40
41
127
127
127
127
127
127
127
127
127
127
127
127
127
127
127
127
127
127
127
127
127
127
127
127
127
127
127
127
127
127
127
127
127
127
127
127
127
127
127
127
127
127
127
127
127
127
127
127
127
127
127
127
127
127
127
127
127
127
127
127
124
127
127
127
127
127
127
127
127
127
127
127
91
99
109
121
127
127
127
127
127
127
127
127
64
64
67
70
75
82
89
96
99
102
103
102
43
43
43
42
43
43
40
41
43
43
43
43
39
39
40
39
39
34
31
35
37
37
37
37
40
40
41
41
38
33
33
40
42
41
40
41
40
40
40
40
33
32
35
41
42
41
40
41
42
42
40
34
32
32
37
41
40
41
41
41
43
41
37
32
32
32
37
40
40
40
40
41
42
38
33
32
32
32
37
40
40
41
40
41
40
33
32
32
32
32
37
40
43
43
41
41
