82
79
76
74
71
71
71
71
74
77
80
82
86
84
81
78
76
75
75
77
79
82
85
88
94
91
88
86
84
83
83
85
87
90
94
96
105
100
98
95
93
92
93
95
97
100
103
106
122
119
113
109
106
105
106
107
110
112
114
116
110
113
117
119
120
123
124
127
127
127
127
127
86
92
98
103
108
113
116
120
121
121
127
127
61
63
64
68
71
75
80
84
85
90
93
92
43
43
43
43
44
44
44
43
59
87
55
50
42
41
41
41
41
40
40
39
109
127
43
39
43
43
43
43
43
43
41
50
127
127
69
37
43
43
43
43
44
44
40
65
127
127
120
44
43
42
42
43
43
43
38
75
127
127
127
91
43
43
43
43
43
42
37
84
127
127
127
127
44
45
43
43
42
41
36
92
127
127
127
127
46
45
42
43
40
40
36
97
127
127
127
127
94
91
87
85
83
82
82
83
85
89
92
95
99
96
92
90
88
88
88
89
91
94
97
100
107
104
101
98
96
96
96
97
99
103
106
110
116
113
111
109
106
106
106
107
110
113
116
119
126
126
123
122
120
120
119
120
123
124
127
127
110
115
120
124
127
127
127
127
127
127
127
127
85
91
97
103
110
116
123
127
127
127
127
127
61
63
64
67
70
74
79
84
88
90
91
91
42
43
42
42
42
42
43
43
41
40
43
43
40
39
38
38
39
37
37
37
33
31
37
37
40
40
40
40
40
40
40
40
33
33
39
40
40
40
40
40
40
40
41
40
33
32
35
40
41
40
40
40
40
40
40
38
33
32
32
37
40
40
40
40
40
40
40
37
32
32
32
33
40
41
40
40
39
39
40
37
32
32
32
32
41
41
40
40
38
38
39
36
32
32
32
32
127
127
127
127
127
127
127
127
127
127
127
127
127
127
127
127
127
127
127
127
127
127
127
127
127
127
127
127
127
127
127
127
127
127
127
127
127
127
127
127
127
127
127
127
127
127
127
127
127
127
127
127
127
127
127
127
127
127
127
127
111
120
127
127
127
127
127
127
127
127
127
127
85
89
95
105
116
127
127
127
127
127
127
127
61
63
64
66
68
71
77
83
89
92
94
94
42
43
43
43
43
43
43
43
42
40
43
43
40
40
40
40
39
38
38
37
33
31
37
37
41
40
41
41
41
40
41
40
33
33
39
42
41
40
40
41
42
41
42
40
33
31
35
41
41
40
40
40
41
40
41
39
33
32
32
38
41
41
40
40
40
40
41
38
32
32
32
33
42
43
40
40
39
40
40
37
32
32
32
32
43
43
40
40
39
39
40
37
32
32
32
32
