82
79
76
74
71
71
71
71
74
77
80
82
86
84
81
78
76
75
75
77
79
82
85
88
95
91
88
86
84
83
83
85
87
90
94
96
106
101
97
96
93
92
93
95
97
100
103
106
122
120
115
110
107
106
106
107
110
112
114
116
108
112
116
118
120
122
124
127
127
127
127
127
84
89
96
102
106
111
115
119
122
121
123
127
61
62
64
65
69
73
78
82
85
87
89
91
43
43
43
44
43
43
44
45
43
69
85
50
40
41
42
42
41
41
40
40
37
107
127
53
43
43
43
43
43
43
43
43
40
120
127
103
43
42
43
43
42
43
43
43
39
92
127
127
44
43
43
44
44
43
42
41
38
68
127
127
43
43
44
45
43
43
42
44
40
50
127
127
43
43
43
44
43
43
43
47
43
40
112
127
43
44
43
43
43
43
44
47
45
39
89
127
94
91
87
85
83
82
82
83
85
88
92
95
99
96
93
90
88
88
88
89
91
93
97
100
108
104
101
98
96
96
96
97
99
103
106
110
118
113
110
109
106
106
106
107
110
113
116
119
124
125
123
123
120
120
119
120
123
124
127
127
108
113
118
123
127
127
127
127
127
127
127
127
84
89
95
101
108
114
120
125
127
127
127
127
61
62
64
65
68
72
77
81
85
88
89
90
42
43
42
42
42
43
42
43
43
41
40
43
39
39
38
38
39
39
37
37
37
33
31
36
40
40
40
40
40
40
40
40
41
35
32
37
40
40
40
40
40
40
40
40
41
37
32
33
41
40
40
41
41
40
40
39
40
39
33
32
41
40
40
41
40
40
40
40
40
40
33
32
40
40
40
41
40
40
40
41
40
40
36
32
40
41
40
40
41
40
40
40
41
42
38
32
127
127
127
127
127
127
127
127
127
127
127
127
127
127
127
127
127
127
127
127
127
127
127
127
127
127
127
127
127
127
127
127
127
127
127
127
127
127
127
127
127
127
127
127
127
127
127
127
127
127
127
127
127
127
127
127
127
127
127
127
107
116
125
127
127
127
127
127
127
127
127
127
83
87
92
99
111
123
127
127
127
127
127
127
61
62
64
65
67
70
75
80
85
89
91
92
42
42
43
43
43
42
43
43
43
41
40
43
40
40
40
40
40
39
38
39
38
33
30
37
40
40
41
41
41
41
40
41
42
36
32
37
40
40
41
41
40
40
41
41
42
37
32
33
42
41
41
42
42
41
40
40
40
40
33
32
42
41
41
42
42
40
40
42
40
40
34
32
41
41
41
42
42
40
41
43
41
41
37
32
40
42
41
41
41
41
42
43
42
43
39
32
