82
79
76
74
71
71
71
71
74
77
80
82
86
84
81
78
76
75
75
77
79
82
85
88
97
92
88
85
84
83
83
85
87
90
93
96
112
103
98
96
94
93
93
95
97
99
102
105
121
121
117
112
109
106
106
107
110
111
113
116
104
109
113
116
120
121
124
126
127
127
127
127
81
85
91
98
104
109
113
117
120
123
122
122
61
61
63
64
68
71
76
80
84
86
88
90
43
43
43
43
44
44
44
44
45
42
75
96
41
41
41
41
42
41
40
40
40
36
71
127
43
43
43
43
43
43
43
43
43
40
57
118
43
44
44
43
43
43
43
43
43
43
40
49
43
44
43
43
43
44
43
43
45
44
43
42
43
43
43
43
43
45
44
43
44
45
44
43
43
42
42
43
43
44
44
44
44
45
44
43
43
43
43
43
44
43
43
44
44
44
43
43
94
90
88
85
83
82
82
83
85
89
92
95
99
96
93
91
89
88
88
89
91
94
97
100
109
105
101
99
96
96
96
97
99
103
106
109
120
115
111
109
107
106
106
107
110
113
116
118
121
125
125
123
120
120
120
120
123
124
127
127
103
110
115
120
125
127
127
127
127
127
127
127
81
85
91
97
104
111
118
123
127
127
127
127
61
61
63
64
67
70
75
80
83
86
88
89
42
42
43
42
42
42
42
43
43
42
40
39
39
39
39
38
39
38
37
37
37
37
35
30
40
40
40
40
40
40
40
40
40
40
40
35
40
40
40
40
41
40
40
40
40
40
40
40
40
41
40
40
40
40
40
40
40
40
41
41
40
40
40
41
40
41
41
40
40
41
40
41
40
40
40
41
40
40
41
41
40
41
40
41
40
40
40
40
41
40
40
42
41
41
40
40
127
127
127
127
127
127
127
127
127
127
127
127
127
127
127
127
127
127
127
127
127
127
127
127
127
127
127
127
127
127
127
127
127
127
127
127
127
127
127
127
127
127
127
127
127
127
127
127
123
127
127
127
127
127
127
127
127
127
127
127
102
109
119
127
127
127
127
127
127
127
127
127
81
83
89
95
105
117
127
127
127
127
127
127
61
61
63
64
65
68
72
78
83
88
90
90
43
43
43
43
43
43
43
43
43
43
41
39
40
40
39
39
40
39
38
39
38
38
36
30
40
40
41
41
41
40
40
41
41
41
40
36
41
41
42
42
41
41
41
40
41
41
41
40
41
42
41
41
41
42
41
41
42
42
42
42
40
40
40
42
41
43
42
41
42
43
42
42
40
40
40
42
41
42
42
42
42
43
42
42
41
40
41
41
42
40
41
43
42
42
41
41
