82
80
78
75
72
71
71
72
75
77
80
82
85
83
81
79
77
76
76
78
80
82
85
88
102
94
89
86
85
84
84
85
88
90
94
96
120
110
101
96
95
95
94
95
97
100
103
106
115
121
121
116
111
108
107
108
110
111
113
116
98
104
110
114
118
120
123
126
127
127
127
127
78
81
86
93
100
106
111
116
119
121
123
123
60
61
61
63
64
68
73
78
81
84
86
87
43
43
43
43
43
44
44
44
44
45
44
53
41
41
42
41
42
41
40
41
40
40
40
44
43
43
43
43
43
43
43
43
43
43
43
43
43
42
42
43
43
42
43
43
43
43
43
43
43
45
43
44
43
43
43
43
42
42
43
43
44
45
44
43
43
44
44
43
43
43
45
43
44
44
44
43
43
44
44
43
43
43
47
45
43
44
43
43
43
43
43
43
43
43
47
45
94
92
89
86
84
83
83
84
86
89
92
95
99
96
94
92
89
89
89
89
92
94
98
100
111
107
103
99
97
96
96
98
100
103
106
109
123
119
113
110
108
107
107
109
110
113
115
118
116
122
124
124
123
121
121
121
123
124
127
127
98
104
110
116
122
127
127
127
127
127
127
127
78
81
85
92
99
107
114
120
125
127
127
127
60
61
61
63
64
68
72
77
81
84
86
88
43
42
42
43
42
42
43
42
43
43
43
42
39
39
39
39
38
39
39
37
38
37
37
37
40
40
40
40
40
40
40
40
40
40
40
40
40
40
40
40
40
40
40
40
40
40
40
40
40
41
40
41
40
40
40
40
39
39
40
40
41
41
41
40
40
40
41
40
40
40
40
41
41
41
41
40
40
40
41
40
40
40
41
41
41
41
41
40
40
41
40
40
40
40
41
40
127
127
127
127
127
127
127
127
127
127
127
127
127
127
127
127
127
127
127
127
127
127
127
127
127
127
127
127
127
127
127
127
127
127
127
127
127
127
127
127
127
127
127
127
127
127
127
127
115
123
127
127
127
127
127
127
127
127
127
127
96
102
111
122
127
127
127
127
127
127
127
127
78
81
85
90
98
109
123
127
127
127
127
127
60
61
61
63
64
66
70
75
80
84
87
89
43
43
42
42
43
43
42
43
42
43
43
43
40
40
40
40
40
40
39
38
38
38
37
37
40
40
41
41
41
41
41
40
41
41
40
41
40
40
40
40
41
40
40
41
41
41
40
41
41
43
42
42
41
41
41
41
40
40
41
40
42
42
42
41
40
42
42
41
40
41
42
41
42
42
42
41
40
42
42
41
41
41
43
42
42
42
42
41
41
42
41
41
41
40
43
42
