82
78
76
74
72
71
71
72
75
77
80
82
89
82
81
79
77
76
76
77
79
82
85
88
108
99
91
87
85
84
84
85
87
90
93
96
124
118
106
98
95
94
95
95
97
99
103
105
110
116
121
120
113
110
107
107
110
110
113
116
92
99
106
111
116
119
122
124
127
127
127
127
75
78
82
89
96
103
109
113
117
120
122
123
59
59
61
61
64
66
71
75
79
83
85
86
43
43
43
43
43
43
43
45
44
45
45
45
41
41
41
42
42
41
41
40
40
40
40
40
43
43
43
43
43
43
43
43
44
43
43
43
43
43
43
43
43
43
43
44
44
43
43
43
42
42
43
43
43
41
43
43
43
42
43
43
43
43
43
43
43
42
43
43
42
42
41
42
43
45
43
43
43
43
44
44
42
42
43
43
42
45
44
43
43
44
45
46
43
42
45
47
94
92
89
86
84
82
83
84
86
89
91
95
101
96
93
92
89
88
89
89
92
94
97
100
116
110
103
99
97
96
96
97
99
103
106
108
125
123
116
110
108
107
107
108
110
113
115
117
110
116
122
124
123
121
121
122
122
124
127
127
92
99
106
112
118
124
127
127
127
127
127
127
75
78
82
88
95
103
111
118
123
127
127
127
58
59
61
61
64
66
70
75
79
83
85
86
43
43
42
42
43
42
42
43
42
43
43
43
39
39
39
39
40
38
38
38
38
37
37
37
40
40
40
40
40
40
40
40
41
40
40
40
40
40
40
40
40
40
40
40
41
40
40
40
40
39
40
40
40
39
40
40
40
40
40
40
40
40
40
40
40
40
41
41
40
39
40
40
40
41
40
40
40
40
41
41
40
39
40
40
40
42
41
40
40
40
41
41
40
40
41
42
127
127
127
127
127
127
127
127
127
127
127
127
127
127
127
127
127
127
127
127
127
127
127
127
127
127
127
127
127
127
127
127
127
127
127
127
127
127
127
127
127
127
127
127
127
127
127
127
109
116
127
127
127
127
127
127
127
127
127
127
92
97
104
114
126
127
127
127
127
127
127
127
75
78
82
85
92
103
117
127
127
127
127
127
58
59
61
61
64
66
68
72
77
82
85
87
43
43
43
42
43
43
42
43
43
43
43
43
40
40
40
40
40
39
39
39
39
37
38
37
40
40
40
40
41
40
40
41
42
41
41
40
41
41
41
41
41
41
41
41
42
41
40
41
40
40
41
41
40
39
40
41
40
40
40
41
40
40
41
41
41
40
41
41
40
40
40
40
40
42
41
41
41
42
43
42
40
40
40
41
40
43
42
41
41
42
43
43
40
40
42
43
