81
79
77
74
71
71
71
71
74
76
79
82
93
84
79
78
77
76
76
77
79
82
85
87
113
102
92
87
85
84
84
85
87
89
92
95
124
122
111
99
95
94
94
94
96
99
102
104
106
113
120
121
115
110
107
107
108
110
112
115
89
96
103
110
114
119
121
123
127
127
127
127
74
76
81
85
94
102
108
113
117
120
122
123
59
59
61
61
63
65
71
75
79
83
85
86
43
43
43
43
43
43
44
44
44
45
45
45
41
42
41
42
41
41
41
41
40
40
40
40
42
43
43
43
43
43
43
43
43
43
43
43
43
43
43
43
42
43
43
43
42
43
43
42
43
43
43
43
43
44
43
42
44
43
44
43
44
43
43
43
43
44
43
43
45
45
44
44
44
43
43
43
44
43
43
43
45
46
44
44
44
43
43
44
44
43
43
42
44
46
43
43
93
91
89
85
83
82
82
83
85
89
92
94
104
96
93
91
89
88
88
89
91
94
97
99
118
111
104
99
97
96
96
97
99
103
106
108
123
124
118
111
108
106
106
108
110
112
115
117
106
112
120
123
123
122
121
121
123
123
126
127
89
95
103
110
116
122
127
127
127
127
127
127
74
77
81
85
93
101
110
117
122
127
127
127
59
59
61
61
64
65
69
74
78
82
85
87
43
43
42
42
43
42
42
43
42
43
42
42
39
40
39
39
39
38
38
38
37
37
37
37
39
40
40
40
40
40
40
40
40
40
40
40
40
40
40
40
40
40
40
40
40
40
40
39
40
40
40
40
40
41
40
40
40
40
41
40
41
40
40
40
41
40
40
40
41
40
40
41
42
41
40
40
41
40
40
40
41
41
40
42
41
41
40
41
41
40
40
40
40
40
40
41
127
127
127
127
127
127
127
127
127
127
127
127
127
127
127
127
127
127
127
127
127
127
127
127
127
127
127
127
127
127
127
127
127
127
127
127
121
127
127
127
127
127
127
127
127
127
127
127
105
112
121
127
127
127
127
127
127
127
127
127
89
94
101
110
123
127
127
127
127
127
127
127
74
77
81
84
91
99
114
127
127
127
127
127
59
59
61
61
64
65
68
71
77
82
85
87
43
43
43
42
43
43
43
42
43
43
43
43
40
40
40
40
40
40
39
39
38
38
38
38
40
40
40
40
40
41
40
41
40
40
41
40
40
40
41
41
40
40
40
41
40
40
41
40
41
40
41
41
41
42
42
40
41
41
42
41
42
41
41
40
42
42
41
40
42
42
42
43
43
42
41
41
42
42
41
40
42
43
42
42
42
42
40
42
42
41
41
40
42
42
41
41
