81
78
76
73
71
70
70
71
73
75
78
81
92
83
79
78
76
75
75
75
78
81
84
86
111
100
91
86
84
82
82
83
85
89
92
94
123
120
108
98
94
93
92
93
96
98
101
103
106
114
120
120
113
109
106
106
107
109
111
114
90
96
104
111
116
119
121
123
125
127
127
127
75
77
81
88
96
103
109
114
117
120
122
123
59
59
61
61
64
67
71
77
81
85
87
88
43
43
43
43
43
44
44
44
44
45
45
45
41
41
42
41
41
41
41
41
40
40
40
40
43
43
43
43
43
43
43
43
43
43
43
43
43
43
43
43
43
43
43
43
43
43
43
43
42
43
43
41
43
42
43
42
42
43
43
42
42
43
43
43
44
43
42
43
44
43
43
44
43
43
43
44
44
44
42
43
46
44
45
45
44
43
43
45
43
44
42
43
46
46
46
43
93
91
88
85
82
82
82
82
85
88
91
93
103
96
92
90
88
87
87
88
90
93
96
99
117
110
103
99
96
95
95
96
98
101
104
106
124
123
117
110
107
106
106
106
108
110
113
116
106
113
121
124
123
120
120
119
120
121
123
127
90
96
104
111
118
123
127
127
127
127
127
127
75
77
81
87
95
103
112
119
123
127
127
127
59
59
61
61
64
67
71
75
81
85
87
89
43
43
42
42
43
42
42
42
43
43
42
43
40
39
39
39
39
38
38
38
37
37
37
37
40
39
40
40
40
40
40
40
40
40
40
40
40
40
40
40
40
40
40
40
40
40
40
40
40
41
40
39
40
40
40
39
40
40
40
39
40
40
41
40
41
40
40
39
40
40
40
41
40
40
41
41
41
41
40
40
41
40
41
42
42
40
40
41
40
40
40
40
41
41
42
40
127
127
127
127
127
127
127
127
127
127
127
127
127
127
127
127
127
127
127
127
127
127
127
127
127
127
127
127
127
127
127
127
127
127
127
127
123
127
127
127
127
127
127
127
127
127
127
127
106
113
123
127
127
127
127
127
127
127
127
127
90
95
102
112
126
127
127
127
127
127
127
127
75
77
81
85
92
103
118
127
127
127
127
127
59
59
61
61
64
66
68
73
79
85
88
90
43
43
43
42
43
43
43
43
43
43
43
43
40
40
40
40
39
39
40
39
38
37
38
38
40
40
40
40
40
40
41
41
40
40
41
41
41
41
41
41
41
41
41
41
40
41
41
40
40
41
41
40
40
40
40
40
40
41
40
40
40
41
41
40
42
41
40
40
42
41
41
42
41
41
41
42
42
42
40
40
43
41
43
43
43
40
41
42
41
42
40
40
43
42
43
41
