81
78
75
73
71
70
70
71
73
75
78
81
90
82
79
78
76
75
75
75
78
81
84
86
110
99
91
85
84
82
82
83
85
89
92
94
125
120
106
97
94
93
92
93
96
98
100
103
107
115
120
119
113
108
106
106
107
109
111
113
91
98
105
112
116
120
122
124
126
127
127
127
75
78
82
89
96
104
110
115
118
120
123
123
59
59
61
61
64
68
72
78
82
85
88
89
43
43
43
43
43
44
43
44
45
45
45
45
41
41
41
41
41
41
41
41
40
40
40
40
43
43
43
43
43
43
43
43
43
43
43
43
43
43
43
43
43
43
43
43
43
43
42
43
42
43
43
42
43
43
43
42
43
43
43
43
43
43
43
43
44
43
42
43
45
43
44
43
44
43
43
45
44
44
43
44
47
44
45
44
44
42
43
46
43
43
43
44
47
44
45
44
93
91
88
85
82
82
82
82
85
87
90
93
102
96
92
90
88
87
87
88
90
92
96
99
116
109
103
99
96
95
95
96
98
101
104
106
124
123
116
110
107
106
106
106
108
110
113
116
107
115
122
124
123
120
120
119
120
121
124
127
91
97
105
112
119
125
127
127
127
127
127
127
75
78
82
88
96
104
113
120
124
127
127
127
58
59
61
62
64
67
71
77
82
85
88
89
43
43
42
43
43
42
43
42
43
43
43
43
39
39
39
39
39
38
38
38
37
37
37
37
40
40
40
40
40
40
40
40
40
40
40
40
40
40
40
40
40
40
40
40
40
40
39
40
39
40
40
39
40
40
40
39
40
40
40
40
40
40
40
40
41
40
40
40
40
40
41
41
41
40
40
41
41
40
40
41
41
41
41
41
41
40
40
41
40
40
41
40
41
40
42
42
127
127
127
127
127
127
127
127
127
127
127
127
127
127
127
127
127
127
127
127
127
127
127
127
127
127
127
127
127
127
127
127
127
127
127
127
124
127
127
127
127
127
127
127
127
127
127
127
107
114
125
127
127
127
127
127
127
127
127
127
91
96
103
114
127
127
127
127
127
127
127
127
75
78
82
85
93
106
120
127
127
127
127
127
59
59
61
62
64
65
69
75
81
86
89
91
43
43
42
42
43
43
43
43
43
43
43
43
40
40
40
40
40
39
40
39
37
37
38
38
40
40
40
41
41
40
41
41
40
41
41
41
41
41
41
40
40
41
41
40
40
41
40
40
40
41
41
40
41
40
40
40
40
40
41
41
41
41
41
41
42
41
40
41
42
41
42
42
42
41
41
43
42
42
41
42
43
42
42
42
42
40
41
43
41
41
42
42
43
42
43
42
