82
78
75
73
71
70
70
71
73
75
78
81
87
82
80
78
76
75
75
75
78
81
84
86
105
96
89
85
84
82
82
83
85
89
91
94
123
114
103
96
94
93
92
92
95
97
99
103
110
118
121
116
110
106
106
105
106
108
110
113
94
101
109
114
117
120
123
124
126
127
127
127
77
79
85
92
100
107
112
116
120
122
123
122
59
60
62
63
65
70
75
81
85
88
90
93
43
43
43
43
43
44
44
44
45
45
45
82
42
41
41
41
41
42
41
40
40
40
40
56
43
43
43
43
43
43
43
43
43
43
43
42
43
43
43
42
43
43
42
43
43
42
43
43
43
43
43
43
44
42
44
45
44
44
43
44
43
43
43
44
43
43
45
45
44
44
43
44
43
44
43
43
43
43
45
45
44
44
43
43
43
43
43
43
43
43
44
44
44
45
43
43
93
91
88
85
82
82
82
82
85
86
90
93
100
96
93
90
88
87
87
88
90
92
96
99
114
108
103
99
96
95
95
96
98
101
104
106
126
121
113
110
107
106
106
106
108
110
113
116
111
118
124
124
122
120
120
119
120
121
123
126
95
100
108
116
122
127
127
127
127
127
127
127
77
79
84
92
100
108
116
123
127
127
127
127
59
60
61
63
65
68
74
80
85
89
91
91
43
43
42
43
42
42
42
43
43
43
43
40
39
39
39
39
38
38
38
37
37
37
37
36
40
40
40
40
40
40
40
40
40
40
40
40
40
40
40
40
40
40
40
40
40
40
40
40
40
40
40
40
41
40
40
41
41
41
40
40
40
40
40
41
40
40
40
40
41
41
40
40
40
40
40
41
40
40
40
40
41
41
40
40
40
40
40
40
41
40
41
41
41
41
40
40
127
127
127
127
127
127
127
127
127
127
127
127
127
127
127
127
127
127
127
127
127
127
127
127
127
127
127
127
127
127
127
127
127
127
127
127
127
127
127
127
127
127
127
127
127
127
127
127
110
119
127
127
127
127
127
127
127
127
127
127
93
99
107
120
127
127
127
127
127
127
127
127
77
79
83
89
98
112
127
127
127
127
127
127
59
60
61
63
64
67
71
78
85
90
92
93
43
43
42
42
43
43
42
43
43
43
43
40
40
40
40
40
40
40
39
38
37
38
37
35
40
40
40
41
41
41
41
40
40
41
41
40
41
41
40
40
41
40
40
40
41
40
41
40
41
41
41
41
42
40
41
43
42
42
41
42
41
41
41
41
41
40
42
42
42
42
41
41
41
41
41
41
40
40
42
41
42
42
41
41
40
41
41
41
41
40
42
42
42
42
41
41
