82
80
76
73
71
70
70
71
73
75
78
81
86
83
81
78
76
75
75
75
78
80
83
86
103
95
89
85
84
82
82
83
85
88
91
94
122
112
101
96
94
92
92
92
95
97
100
103
114
120
121
115
110
106
105
105
106
108
110
113
96
103
110
115
119
120
123
124
126
127
127
127
77
81
86
94
103
108
114
118
120
123
123
121
59
61
61
63
66
71
77
82
86
89
93
95
43
43
43
43
43
44
44
45
45
43
61
92
42
42
41
41
41
42
40
40
40
40
46
68
43
43
43
43
43
43
43
43
43
43
42
47
43
43
43
43
43
42
43
43
43
43
43
41
44
43
44
44
43
44
46
44
43
43
43
43
43
43
43
43
43
43
46
44
44
43
43
42
43
43
43
43
43
43
45
44
44
43
42
43
43
44
43
43
43
44
44
44
44
44
43
43
93
91
88
85
82
82
82
82
85
86
90
93
99
96
93
90
88
87
87
88
90
92
96
99
113
106
102
99
96
95
95
96
98
101
104
106
125
119
113
110
107
106
106
106
108
110
113
116
113
120
125
124
122
120
119
118
120
120
123
126
96
103
110
117
123
127
127
127
127
127
127
127
77
81
85
94
102
111
118
124
127
127
127
127
59
61
61
64
66
70
75
82
86
90
92
92
43
42
42
43
42
42
42
43
42
43
42
40
40
39
39
39
38
38
38
37
37
37
36
34
40
40
40
40
40
40
40
40
40
40
40
40
40
40
40
40
40
40
40
40
40
40
40
40
41
40
40
40
40
40
40
41
41
40
40
40
40
40
40
40
40
40
40
41
41
41
40
40
40
40
40
40
40
40
40
41
41
41
40
40
40
41
40
40
41
40
41
42
41
41
40
40
127
127
127
127
127
127
127
127
127
127
127
127
127
127
127
127
127
127
127
127
127
127
127
127
127
127
127
127
127
127
127
127
127
127
127
127
127
127
127
127
127
127
127
127
127
127
127
127
113
122
127
127
127
127
127
127
127
127
127
127
95
101
111
123
127
127
127
127
127
127
127
127
77
81
85
90
101
116
127
127
127
127
127
127
59
61
61
64
65
68
73
81
88
92
95
95
43
43
42
43
43
43
43
43
43
43
42
40
40
40
40
39
39
40
38
37
37
37
37
35
40
40
40
40
40
41
40
40
40
41
41
40
40
41
40
40
41
40
41
41
40
41
41
41
42
41
42
42
40
41
43
42
42
41
41
41
41
41
41
41
40
41
42
42
42
41
40
40
41
41
41
41
41
41
42
42
42
41
40
40
41
42
41
41
42
42
42
43
42
42
40
41
