82
80
76
73
71
70
70
71
73
75
79
81
85
83
81
78
76
75
75
75
78
80
83
86
102
94
89
86
84
82
82
83
85
88
90
94
120
109
101
96
94
92
92
92
95
97
100
103
116
120
120
114
109
106
105
105
106
107
110
113
99
106
112
116
120
122
123
124
126
127
127
127
78
82
89
97
104
110
115
119
121
123
122
122
60
61
62
64
68
72
78
84
88
92
96
94
43
43
43
43
44
43
44
45
44
46
81
82
41
42
41
41
41
40
40
40
40
39
57
73
43
43
43
43
43
43
43
43
43
43
43
57
43
43
43
43
43
43
43
44
43
43
43
40
43
43
43
43
43
44
44
44
43
43
43
44
43
43
43
44
43
45
44
43
43
42
43
45
43
45
45
44
44
45
44
43
43
42
43
43
43
46
47
43
45
45
44
43
43
42
42
43
94
91
88
85
82
82
82
82
85
86
90
93
99
96
93
90
88
87
87
88
90
92
96
99
112
107
103
99
96
95
95
96
98
100
103
106
123
119
113
110
107
106
105
105
107
110
112
115
116
122
125
124
122
120
118
118
119
120
123
126
99
105
112
120
126
127
127
127
127
127
127
127
78
82
88
96
105
113
120
126
127
127
127
127
60
61
62
64
68
71
78
83
89
92
93
94
43
42
43
42
42
43
42
43
43
43
40
41
39
39
39
38
38
38
37
37
37
37
36
34
40
40
40
40
40
40
40
40
40
40
40
39
40
40
40
40
40
40
40
41
40
40
40
40
40
40
40
40
40
40
41
41
40
40
40
41
40
40
40
41
40
40
41
40
41
40
40
41
40
42
40
41
40
40
41
40
41
40
40
40
41
43
41
40
41
41
42
40
40
40
40
40
127
127
127
127
127
127
127
127
127
127
127
127
127
127
127
127
127
127
127
127
127
127
127
127
127
127
127
127
127
127
127
127
127
127
127
127
127
127
127
127
127
127
127
127
127
127
127
127
115
126
127
127
127
127
127
127
127
127
127
127
96
103
113
127
127
127
127
127
127
127
127
127
78
82
85
93
106
121
127
127
127
127
127
127
60
61
62
63
66
69
76
84
90
95
96
97
43
43
42
43
43
42
43
43
43
43
41
41
40
40
39
39
39
39
38
37
38
37
36
34
40
40
40
40
40
41
40
41
41
41
40
40
41
41
41
41
40
41
41
42
41
41
40
42
41
40
41
41
41
42
42
42
41
40
41
42
41
41
42
42
41
42
43
41
41
40
40
42
41
43
42
42
42
42
43
41
41
40
40
41
42
43
43
41
43
42
43
41
41
40
40
40
