82
79
76
73
71
70
70
71
73
75
79
81
86
84
82
78
76
75
75
75
78
80
83
86
101
93
89
85
84
82
82
83
85
88
90
94
119
107
99
96
94
92
92
92
95
97
100
103
117
121
120
113
109
106
105
105
106
107
110
113
99
106
113
117
120
122
123
125
125
126
127
127
78
83
89
98
105
111
116
120
122
123
121
123
60
61
62
64
68
73
80
85
89
92
96
95
43
43
43
44
44
44
44
45
44
51
87
74
41
41
41
41
41
40
40
40
40
40
62
75
43
43
43
43
43
43
43
43
43
42
45
64
43
43
43
43
43
44
44
43
43
43
43
39
43
43
43
43
43
45
44
44
43
43
44
43
43
44
44
44
44
45
43
44
42
42
43
44
43
44
45
44
44
44
43
43
42
43
43
43
43
43
45
43
43
43
43
43
43
43
43
43
94
91
88
85
82
82
82
82
85
86
90
93
99
96
93
90
88
87
87
88
90
92
96
99
111
106
103
99
96
95
95
96
98
100
103
106
124
117
113
110
107
106
105
105
107
110
112
115
117
123
126
124
122
120
118
118
119
120
123
126
99
106
113
120
127
127
127
127
127
127
127
127
78
83
89
97
106
115
121
127
127
127
127
127
60
61
63
64
67
73
78
85
89
92
94
95
43
42
43
42
42
43
42
43
43
43
41
41
39
39
39
38
38
38
37
37
37
37
35
33
40
40
40
40
40
40
40
40
40
40
40
39
40
40
40
40
40
40
40
41
40
40
40
41
40
40
40
40
40
41
41
41
40
40
41
41
40
41
41
41
40
41
41
40
40
40
40
40
40
41
41
41
40
41
41
40
40
40
40
40
40
40
41
41
41
41
41
40
40
40
41
40
127
127
127
127
127
127
127
127
127
127
127
127
127
127
127
127
127
127
127
127
127
127
127
127
127
127
127
127
127
127
127
127
127
127
127
127
127
127
127
127
127
127
127
127
127
127
127
127
116
127
127
127
127
127
127
127
127
127
127
127
97
105
116
127
127
127
127
127
127
127
127
127
79
82
87
95
108
123
127
127
127
127
127
127
60
61
63
64
66
71
77
85
92
96
98
99
43
43
43
43
43
42
43
43
43
43
40
41
40
40
39
39
39
38
38
37
37
37
35
34
40
40
40
40
40
40
41
41
41
41
41
40
41
41
41
41
40
41
42
42
41
41
41
42
41
40
41
41
41
42
42
42
40
41
42
42
41
42
42
42
42
42
41
41
40
40
41
41
41
43
42
42
42
42
41
40
40
40
41
41
41
42
43
42
42
42
42
40
41
41
41
41
