82
79
76
73
71
70
70
71
73
75
79
81
85
84
82
78
76
75
75
75
78
80
83
86
99
93
89
86
84
82
82
83
85
88
90
94
116
106
99
96
94
92
92
92
95
97
100
103
119
122
120
113
108
106
105
104
106
107
110
113
101
107
113
117
120
123
123
124
125
126
127
127
79
83
90
99
106
112
116
120
122
123
121
123
60
61
62
64
68
74
81
86
90
93
96
95
43
43
43
43
44
44
44
45
43
57
91
66
41
41
41
41
41
40
40
40
39
44
68
78
43
43
43
43
43
43
43
43
43
41
50
70
43
43
43
43
43
44
44
43
43
43
42
39
43
43
43
43
44
44
43
43
43
43
44
43
43
45
44
44
44
44
43
43
43
43
43
43
43
44
44
44
43
43
43
43
43
43
43
43
44
43
43
43
41
43
43
43
43
44
44
43
94
91
88
85
82
82
82
82
85
86
90
93
99
96
93
90
88
87
87
88
90
92
96
99
111
106
103
99
96
95
95
96
98
100
103
106
123
117
113
110
107
106
105
105
107
110
112
115
119
124
126
124
121
120
118
117
119
120
123
125
100
107
114
121
127
127
127
127
127
127
127
127
79
83
90
99
107
116
123
127
127
127
127
127
60
61
63
64
68
74
80
86
91
94
95
96
43
42
43
42
42
43
43
42
43
42
40
43
39
39
39
38
38
38
37
37
37
36
34
34
40
40
40
40
40
40
40
40
40
40
40
39
40
40
40
40
40
40
41
40
40
40
41
41
40
41
40
40
40
41
40
41
40
40
41
40
40
42
41
41
41
41
40
40
40
40
40
39
40
41
41
41
40
41
40
40
40
40
40
40
41
40
41
41
39
40
40
40
41
42
40
41
127
127
127
127
127
127
127
127
127
127
127
127
127
127
127
127
127
127
127
127
127
127
127
127
127
127
127
127
127
127
127
127
127
127
127
127
127
127
127
127
127
127
127
127
127
127
127
127
119
127
127
127
127
127
127
127
127
127
127
127
99
106
118
127
127
127
127
127
127
127
127
127
79
83
88
96
110
126
127
127
127
127
127
127
60
61
63
64
67
71
78
86
93
96
99
100
43
43
43
43
43
42
43
43
43
43
40
43
40
40
39
39
39
38
38
37
37
37
35
33
40
40
40
40
40
41
41
40
41
41
40
39
41
41
41
41
40
42
42
41
41
41
42
42
41
42
41
41
42
42
41
41
40
41
42
41
40
43
42
42
42
42
41
41
40
40
41
40
41
42
42
42
41
42
41
41
41
41
41
40
42
40
42
41
40
41
41
40
42
43
41
42
