82
79
76
74
71
71
71
71
73
75
79
82
86
84
82
79
77
75
75
76
78
80
84
86
99
94
90
87
85
83
83
84
85
88
92
94
116
106
100
97
95
92
92
92
95
97
100
103
119
122
119
113
109
106
105
105
106
107
110
113
102
108
113
118
122
123
124
125
125
126
127
127
80
85
92
100
107
113
117
120
123
122
122
124
60
61
63
65
70
75
82
87
91
95
97
96
43
43
43
43
44
44
44
45
43
68
89
60
41
41
41
41
42
40
40
40
39
48
71
81
43
43
43
43
43
43
43
43
43
41
53
75
43
43
43
43
43
43
43
42
43
42
40
39
43
42
43
43
43
44
44
43
44
44
43
43
44
42
43
45
45
45
44
43
43
44
43
43
44
43
44
46
45
44
44
43
43
43
43
43
43
43
47
46
43
43
43
44
43
42
43
43
95
92
89
85
83
82
82
82
85
88
91
94
99
97
94
91
89
87
87
88
90
93
96
99
111
107
103
99
97
96
95
96
98
101
104
106
123
117
113
110
108
106
105
106
107
110
112
115
119
125
127
125
122
120
118
117
119
120
122
125
101
108
115
123
127
127
127
127
127
127
127
127
80
84
91
100
109
117
123
127
127
127
127
127
60
61
63
65
68
74
81
87
92
94
95
97
43
42
43
42
42
42
43
43
43
42
41
43
39
39
39
38
39
37
37
37
37
36
35
33
40
40
40
40
40
40
40
40
40
40
40
37
40
40
40
40
40
40
40
40
40
40
40
41
40
40
40
40
40
40
41
40
41
40
40
40
41
40
40
40
41
41
41
40
40
41
40
40
40
40
40
41
41
41
41
41
40
40
40
40
40
40
41
40
40
41
41
42
40
40
40
40
127
127
127
127
127
127
127
127
127
127
127
127
127
127
127
127
127
127
127
127
127
127
127
127
127
127
127
127
127
127
127
127
127
127
127
127
127
127
127
127
127
127
127
127
127
127
127
127
120
127
127
127
127
127
127
127
127
127
127
127
99
108
120
127
127
127
127
127
127
127
127
127
80
83
88
98
113
127
127
127
127
127
127
127
60
61
63
64
68
72
80
88
95
98
99
102
43
43
43
43
43
43
43
43
43
42
40
43
40
40
39
39
40
38
39
38
37
36
35
33
40
40
40
40
41
40
41
41
40
40
40
38
41
41
41
40
41
41
40
40
41
40
40
42
41
40
40
40
40
42
42
41
42
41
41
42
42
40
40
42
42
42
42
41
41
41
40
41
42
40
42
43
42
42
42
41
41
41
40
41
41
41
43
42
41
41
41
42
41
40
40
41
