82
80
77
74
71
71
71
71
74
76
79
82
87
85
82
79
77
75
75
76
78
81
84
86
99
94
90
87
85
83
83
84
86
89
92
94
114
106
101
98
96
92
92
92
95
97
100
103
120
122
119
113
109
106
105
104
106
107
110
113
103
110
115
120
122
123
124
123
124
125
127
127
80
86
93
102
108
114
117
120
123
121
123
125
60
61
64
66
71
77
82
89
92
97
98
99
43
43
43
44
44
44
45
45
45
82
81
55
41
42
42
41
41
41
40
40
39
57
75
84
43
43
43
43
43
43
43
43
43
42
60
82
43
43
43
43
43
43
43
44
44
43
39
40
45
43
44
43
43
43
43
44
44
44
42
41
45
43
43
43
42
44
45
44
44
44
43
43
45
43
43
43
43
44
45
43
44
43
43
42
44
43
43
43
44
44
43
43
43
42
41
41
95
92
89
85
83
82
82
83
85
87
91
94
100
97
94
91
89
88
87
88
90
93
96
99
112
107
103
99
97
96
95
96
98
101
104
107
123
117
114
110
108
106
105
106
107
110
112
115
120
125
127
125
122
119
118
117
118
120
122
125
103
110
116
124
127
127
127
127
127
127
127
127
81
85
92
102
110
118
124
127
127
127
127
127
61
61
64
66
70
75
83
89
93
95
97
101
42
42
42
42
42
42
43
43
43
41
42
45
39
39
38
38
38
37
37
37
37
35
34
33
40
40
40
40
40
40
40
40
40
40
39
37
40
40
40
40
40
40
40
40
41
40
40
41
40
41
41
40
41
40
40
40
41
41
40
40
41
41
40
40
40
41
41
40
41
41
40
40
41
41
40
40
40
42
41
40
41
40
40
40
41
40
40
41
41
41
41
40
40
39
39
39
127
127
127
127
127
127
127
127
127
127
127
127
127
127
127
127
127
127
127
127
127
127
127
127
127
127
127
127
127
127
127
127
127
127
127
127
127
127
127
127
127
127
127
127
127
127
127
127
122
127
127
127
127
127
127
127
127
127
127
127
101
110
123
127
127
127
127
127
127
127
127
127
81
84
90
101
116
127
127
127
127
127
127
127
61
61
64
65
68
74
82
90
96
99
103
106
43
43
43
43
43
43
43
43
43
41
42
46
40
40
40
39
39
39
38
37
37
36
34
34
40
41
41
40
40
41
40
41
41
41
40
38
40
40
41
41
40
41
40
42
42
41
41
42
42
42
42
41
42
41
41
41
42
42
41
40
43
41
41
40
41
42
42
42
42
42
41
40
43
41
41
41
40
43
42
41
42
40
40
40
42
41
41
42
41
42
41
40
41
40
40
40
