83
80
77
74
71
71
71
71
74
75
80
82
88
85
82
79
77
75
75
76
78
81
84
87
99
94
90
87
85
83
83
84
86
89
91
95
113
105
100
97
94
92
92
92
95
97
100
103
122
122
117
112
107
105
104
103
105
106
110
112
105
111
116
120
122
123
123
123
123
124
126
126
82
87
95
103
110
115
119
121
122
120
123
126
61
61
64
67
71
78
85
89
94
99
99
102
43
43
43
44
43
44
45
44
53
92
68
49
41
41
41
41
40
40
40
40
43
66
79
86
43
43
43
43
43
43
43
43
43
46
70
89
43
43
43
43
45
43
43
43
43
40
38
42
44
45
44
43
43
43
43
44
42
42
43
43
43
43
43
43
43
43
42
43
43
44
43
43
42
41
43
43
42
42
42
42
44
46
43
43
42
41
43
44
42
40
41
43
45
46
43
43
95
92
88
85
83
82
82
83
85
89
92
95
100
98
94
91
89
87
87
88
90
93
96
99
111
108
103
99
97
95
95
96
98
100
104
106
122
118
114
110
108
105
105
105
107
110
113
115
122
127
127
125
121
118
117
116
118
119
123
125
104
111
119
126
127
127
127
127
127
127
127
127
82
87
95
104
113
120
126
127
127
127
127
127
61
62
64
67
71
78
84
91
95
97
101
103
42
43
42
42
43
42
43
43
43
41
44
47
39
39
38
38
38
37
37
37
37
35
34
34
40
40
40
40
40
40
40
40
40
40
38
37
40
40
40
40
41
40
40
40
40
40
40
39
41
40
41
40
40
40
40
41
40
40
40
40
41
40
40
40
40
40
40
40
40
40
40
40
40
40
40
40
40
39
39
40
41
42
41
40
39
39
40
41
39
38
39
40
42
42
42
40
127
127
127
127
127
127
127
127
127
127
127
127
127
127
127
127
127
127
127
127
127
127
127
127
127
127
127
127
127
127
127
127
127
127
127
127
127
127
127
127
127
127
127
127
127
127
127
127
125
127
127
127
127
127
127
127
127
127
127
127
103
113
127
127
127
127
127
127
127
127
127
127
82
85
92
103
120
127
127
127
127
127
127
127
61
61
64
65
69
75
85
93
98
102
106
108
43
43
43
43
43
43
43
43
43
40
45
47
40
40
39
39
40
38
38
37
37
35
34
33
40
40
40
40
41
40
41
40
41
40
39
37
41
41
41
41
42
41
40
41
40
40
41
40
42
42
42
41
41
41
41
42
40
40
41
42
42
41
41
41
40
40
40
40
40
42
41
42
41
40
40
41
40
40
40
40
42
43
42
41
40
39
41
42
40
39
40
41
43
43
43
40
