83
80
77
74
71
71
71
71
74
78
81
84
88
85
82
79
77
75
75
76
78
81
85
88
98
94
90
87
85
83
83
84
85
88
92
94
111
104
100
97
94
92
92
92
94
96
100
103
122
121
116
111
106
104
103
103
104
106
110
112
106
113
117
121
123
123
123
123
123
123
125
126
83
89
97
106
111
116
119
121
121
121
125
127
61
62
64
68
73
80
86
91
96
101
102
102
43
43
43
44
43
44
45
43
71
89
57
43
41
42
41
41
41
40
40
39
50
75
87
86
43
43
43
43
43
43
43
43
41
56
84
98
44
43
43
43
42
43
43
43
44
40
40
57
43
43
43
43
43
45
43
43
45
43
43
42
43
43
44
43
43
45
43
43
43
43
45
43
43
44
44
43
43
44
43
43
43
44
45
44
43
43
44
43
43
43
43
42
43
45
44
44
96
92
89
85
83
82
82
83
85
88
92
95
101
98
94
91
89
87
87
88
90
92
96
99
111
107
103
99
96
95
95
96
98
100
103
107
121
117
114
110
107
105
104
105
107
110
112
116
124
127
127
123
120
117
116
116
117
120
122
124
106
113
120
127
127
127
127
127
127
127
127
127
83
89
96
106
115
122
127
127
127
127
127
127
61
62
64
68
73
79
86
92
96
99
103
104
42
42
42
42
43
42
43
43
43
42
46
47
39
40
38
38
39
38
37
37
36
34
33
33
40
40
40
40
40
40
40
40
40
40
37
36
40
40
40
40
40
40
40
40
41
41
40
39
40
40
40
40
40
41
40
40
40
41
41
40
40
40
41
40
40
41
41
40
40
40
41
40
40
41
42
40
40
41
41
40
40
41
41
40
40
40
42
41
40
40
41
39
40
42
40
40
127
127
127
127
127
127
127
127
127
127
127
127
127
127
127
127
127
127
127
127
127
127
127
127
127
127
127
127
127
127
127
127
127
127
127
127
127
127
127
127
127
127
127
127
127
127
127
127
127
127
127
127
127
127
127
127
127
127
127
127
106
116
127
127
127
127
127
127
127
127
127
127
82
86
95
108
124
127
127
127
127
127
127
127
61
62
64
67
71
77
87
96
100
106
109
110
42
42
43
43
42
43
43
43
42
43
46
47
40
40
39
39
39
39
37
37
36
34
34
34
40
42
40
40
41
41
40
40
41
40
38
37
41
42
40
41
40
41
40
41
42
42
41
39
40
40
41
41
40
42
41
41
42
42
42
41
40
41
42
41
40
42
42
41
41
41
43
42
40
42
42
41
40
42
42
40
41
42
42
42
41
41
42
41
40
41
42
40
41
43
41
42
