83
80
77
74
71
71
71
71
74
77
80
83
88
85
82
78
76
75
75
76
78
82
85
88
98
94
90
86
84
83
82
83
85
89
92
95
110
104
100
97
94
92
92
92
94
97
100
103
123
121
116
110
106
103
103
103
104
106
110
112
109
114
120
122
123
123
122
122
122
122
124
126
85
92
99
107
113
116
120
120
120
122
126
127
61
63
64
70
75
82
88
92
99
101
102
103
43
43
43
43
44
45
44
46
89
75
47
43
41
42
41
40
40
40
40
39
63
85
92
76
43
43
43
43
43
43
43
43
45
72
98
103
43
43
43
44
44
43
43
44
41
36
48
86
43
43
43
45
44
43
42
43
42
41
42
43
43
43
44
45
44
43
43
45
43
43
43
40
43
44
44
44
44
43
43
44
43
43
44
44
43
45
43
42
43
43
43
42
42
42
44
44
96
92
88
85
83
82
82
83
85
89
92
96
101
98
94
91
89
87
87
88
90
93
97
100
111
107
103
99
96
95
95
96
98
101
105
108
121
117
113
110
107
104
104
104
106
110
113
116
126
127
127
123
120
117
116
116
116
120
122
124
109
116
123
127
127
127
127
127
127
127
127
127
84
91
99
109
116
123
127
127
127
127
127
127
61
63
64
68
74
81
88
93
97
102
105
105
42
43
42
42
43
43
43
43
41
44
47
47
39
39
38
38
38
37
37
37
35
33
33
34
40
40
40
40
40
40
40
40
40
37
36
36
40
40
40
40
41
40
40
40
40
40
40
37
40
40
40
41
41
40
40
40
40
39
40
40
40
40
40
41
41
40
40
41
40
40
40
41
40
41
40
40
41
40
40
40
40
40
40
41
40
42
40
40
40
40
40
40
39
40
40
40
127
127
127
127
127
127
127
127
127
127
127
127
127
127
127
127
127
127
127
127
127
127
127
127
127
127
127
127
127
127
127
127
127
127
127
127
127
127
127
127
127
127
127
127
127
127
127
127
127
127
127
127
127
127
127
127
127
127
127
127
109
120
127
127
127
127
127
127
127
127
127
127
83
89
97
112
127
127
127
127
127
127
127
127
61
63
64
68
71
80
89
97
103
109
110
111
42
43
43
43
43
43
43
43
41
44
47
47
40
40
40
39
38
38
37
37
36
34
34
35
40
40
41
40
41
40
41
42
41
38
37
36
41
40
41
41
42
41
41
42
41
40
40
37
41
40
41
42
42
41
40
41
40
40
41
41
41
41
42
42
42
41
41
42
41
40
41
42
41
42
42
41
42
41
41
41
40
40
41
42
41
43
41
40
41
40
40
40
40
40
42
42
