82
79
75
74
71
72
73
75
78
82
85
89
88
85
81
78
76
76
76
78
81
85
89
93
96
92
89
86
84
82
82
85
87
92
96
99
106
103
99
95
92
91
91
92
96
99
103
107
121
116
112
107
103
101
101
102
105
108
112
115
116
120
123
122
121
120
119
119
120
123
126
127
94
101
106
111
114
116
116
120
123
125
127
127
64
65
69
74
80
85
93
101
103
105
107
110
43
44
43
44
44
43
78
76
50
51
50
51
41
41
40
40
40
43
127
96
34
40
40
40
43
43
43
43
40
56
127
127
51
39
43
42
43
43
44
44
40
65
127
127
95
40
43
43
43
44
44
43
39
70
127
127
127
64
37
43
44
43
43
43
38
75
127
127
127
125
50
40
43
42
43
43
39
81
127
127
127
127
96
45
43
42
43
43
40
84
127
127
127
127
127
56
95
92
88
85
83
84
83
86
89
94
97
101
100
97
93
90
88
88
88
90
93
98
102
106
110
105
101
98
96
95
95
97
99
104
109
113
120
116
112
107
105
103
103
106
108
113
116
120
127
127
125
120
116
114
113
116
118
121
125
127
120
124
127
127
127
127
127
127
127
127
127
127
93
100
108
115
120
124
127
127
127
127
127
127
63
65
68
73
78
86
95
101
103
106
110
114
42
42
42
42
42
43
43
44
46
47
47
47
38
38
38
37
37
37
32
33
37
37
36
37
40
40
40
40
40
40
32
33
40
40
40
40
40
40
40
41
40
39
32
32
37
40
40
40
40
41
40
40
40
37
32
32
33
40
41
40
41
40
40
40
40
37
32
32
32
35
40
40
40
39
40
40
41
37
32
32
32
32
37
41
40
40
41
40
42
38
32
32
32
32
34
40
127
127
127
127
127
127
127
127
127
127
127
127
127
127
127
127
127
127
127
127
127
127
127
127
127
127
127
127
127
127
127
127
127
127
127
127
127
127
127
127
127
127
127
127
127
127
127
127
127
127
127
127
127
127
127
127
127
127
127
127
127
127
127
127
127
127
127
127
127
127
127
127
91
99
111
125
127
127
127
127
127
127
127
127
64
65
67
71
77
86
98
105
110
115
120
124
43
43
43
42
42
43
43
44
47
47
47
48
40
39
40
38
38
38
31
33
37
37
37
37
41
40
41
41
41
40
32
33
40
40
40
40
40
40
42
42
41
40
32
32
37
41
41
40
41
42
41
40
41
38
32
32
33
40
42
40
42
40
40
40
41
38
32
32
32
36
41
41
41
40
40
40
42
38
32
32
32
33
38
42
40
40
42
41
43
39
32
32
32
32
34
41
