82
79
75
74
71
72
73
75
78
82
86
90
88
85
81
78
76
76
76
78
82
85
90
94
96
92
89
86
84
82
82
85
88
92
96
100
106
103
99
95
92
91
91
92
96
100
104
107
121
116
112
106
103
101
101
102
105
109
113
115
116
120
122
121
120
120
119
119
120
123
126
127
93
100
106
110
113
116
116
119
123
126
127
127
64
65
68
73
78
85
92
100
103
104
108
110
43
43
44
44
44
42
72
81
51
50
50
51
41
41
41
40
40
43
127
97
35
41
40
40
43
43
43
43
41
64
127
127
43
41
43
43
42
43
43
43
39
89
127
127
74
40
44
43
43
43
43
43
39
112
127
127
127
42
43
44
43
43
43
43
41
127
127
127
127
84
38
43
43
43
43
41
50
127
127
127
127
127
54
41
43
43
43
40
58
127
127
127
127
127
80
40
95
92
88
85
83
84
85
85
90
94
99
103
100
97
93
90
88
88
89
90
94
98
103
106
110
105
101
98
96
95
95
97
100
104
109
113
120
116
112
107
105
103
103
106
108
113
116
120
127
127
124
120
116
114
113
116
118
121
125
127
119
123
127
127
127
127
127
127
127
127
127
127
93
99
107
114
119
123
127
127
127
127
127
127
64
65
68
73
78
85
94
100
103
106
110
114
43
42
42
43
42
43
43
44
46
47
47
47
39
38
38
38
38
37
32
33
37
37
37
37
39
40
40
40
40
40
32
34
39
40
40
40
39
40
40
40
41
38
32
33
37
41
41
40
40
40
40
40
41
36
32
32
34
40
40
40
41
40
40
40
40
35
32
32
32
38
40
40
40
40
40
40
40
33
32
32
32
35
40
40
40
40
41
41
40
33
32
32
32
33
37
41
127
127
127
127
127
127
127
127
127
127
127
127
127
127
127
127
127
127
127
127
127
127
127
127
127
127
127
127
127
127
127
127
127
127
127
127
127
127
127
127
127
127
127
127
127
127
127
127
127
127
127
127
127
127
127
127
127
127
127
127
124
127
127
127
127
127
127
127
127
127
127
127
90
98
110
123
127
127
127
127
127
127
127
127
64
64
67
71
76
85
96
105
110
115
120
125
43
43
43
42
43
43
43
45
47
47
47
48
39
40
39
39
39
38
32
33
37
37
37
37
40
41
40
40
41
40
32
34
40
41
41
40
40
41
41
40
42
39
32
33
38
42
42
41
40
40
41
42
43
36
32
32
35
41
42
42
41
40
41
41
42
35
32
32
32
38
42
41
41
40
41
41
40
33
32
32
31
35
40
41
40
40
41
42
40
33
32
32
32
33
38
42
