82
79
75
75
72
72
73
75
78
83
87
91
88
85
81
78
76
76
77
78
82
86
91
95
96
92
89
85
83
82
83
85
88
92
97
101
106
103
99
94
92
91
91
93
96
100
105
109
122
118
112
106
103
101
101
103
106
110
113
116
113
117
120
120
120
119
119
120
121
123
127
127
90
96
103
108
111
115
117
116
122
126
127
127
62
64
66
71
75
84
91
96
102
105
109
112
43
43
43
44
44
46
47
82
74
52
52
52
42
41
41
41
40
38
58
127
77
37
41
40
43
43
44
43
43
38
89
127
108
38
42
42
43
43
44
44
43
39
120
127
127
54
41
43
43
44
44
43
42
43
127
127
127
103
39
43
44
45
43
43
41
55
127
127
127
127
63
40
44
44
42
42
40
73
127
127
127
127
109
44
44
43
40
42
38
88
127
127
127
127
127
56
95
92
88
85
83
84
85
87
90
94
99
103
100
97
93
90
88
88
89
91
94
99
103
107
110
106
101
98
96
95
95
97
100
106
110
114
119
116
112
107
105
103
103
106
109
113
118
122
127
127
125
120
116
114
113
116
118
122
126
127
115
120
126
127
127
127
127
127
127
127
127
127
90
96
103
110
116
121
125
127
127
127
127
127
62
64
66
70
75
82
92
97
101
106
111
116
42
42
42
42
42
44
46
44
45
47
47
48
40
38
38
39
37
38
37
31
36
37
37
37
40
40
40
40
40
40
37
31
36
40
40
40
40
40
40
40
41
40
36
32
33
40
40
40
40
40
40
40
40
40
33
32
32
37
41
40
41
42
40
40
40
39
33
32
32
33
40
40
41
41
40
39
40
38
32
32
32
32
36
40
41
40
38
39
41
38
32
32
32
32
33
39
127
127
127
127
127
127
127
127
127
127
127
127
127
127
127
127
127
127
127
127
127
127
127
127
127
127
127
127
127
127
127
127
127
127
127
127
127
127
127
127
127
127
127
127
127
127
127
127
127
127
127
127
127
127
127
127
127
127
127
127
119
127
127
127
127
127
127
127
127
127
127
127
87
94
103
115
127
127
127
127
127
127
127
127
62
64
66
68
72
81
92
100
106
113
120
127
42
43
43
43
43
44
47
45
46
47
47
48
40
39
39
40
38
39
37
30
35
37
36
37
41
40
41
41
40
41
37
31
37
41
40
40
41
40
42
42
41
41
36
32
34
41
41
40
41
42
42
41
41
41
33
32
32
37
42
41
42
43
42
40
41
40
33
32
32
34
40
42
42
42
40
39
41
38
32
32
32
32
37
41
42
40
39
39
42
38
32
32
32
32
33
40
