82
78
76
73
73
73
74
76
79
84
88
92
88
84
81
78
77
76
77
79
82
87
92
96
96
92
89
85
83
82
83
85
89
93
98
102
106
103
98
94
92
91
92
93
97
101
106
110
123
119
113
107
103
101
101
103
106
110
114
117
112
115
118
120
119
119
119
120
122
124
127
127
88
94
100
106
110
114
117
119
119
126
127
127
61
64
65
69
75
84
92
95
99
106
110
116
43
43
44
44
45
47
47
55
93
61
54
54
42
41
42
41
40
41
37
75
127
63
35
41
43
43
43
43
43
43
37
97
127
106
43
40
43
43
43
43
43
43
39
103
127
127
75
40
42
43
44
43
43
43
37
101
127
127
127
59
43
43
44
44
44
43
37
98
127
127
127
123
46
44
44
45
44
43
37
95
127
127
127
127
47
44
43
44
43
43
37
92
127
127
127
127
95
91
87
85
83
85
85
88
92
96
99
105
100
96
92
90
88
89
89
92
96
100
104
109
110
106
101
98
96
95
96
98
102
106
111
115
119
115
111
106
104
103
104
106
110
114
119
123
127
127
124
120
116
115
115
116
119
123
127
127
113
118
123
126
127
127
127
127
127
127
127
127
87
93
100
107
113
120
124
127
127
127
127
127
61
64
65
68
75
82
91
96
100
106
112
120
42
43
42
42
43
45
47
47
44
47
47
49
39
39
38
38
38
38
38
36
30
36
37
37
40
40
40
40
40
40
40
37
30
36
40
40
40
40
40
40
40
40
41
37
31
33
38
40
40
40
41
41
40
40
40
37
32
32
34
40
40
40
41
41
41
40
40
37
32
32
32
35
40
40
41
41
41
40
40
37
32
32
32
33
40
40
40
40
40
40
40
37
32
32
32
32
127
127
127
127
127
127
127
127
127
127
127
127
127
127
127
127
127
127
127
127
127
127
127
127
127
127
127
127
127
127
127
127
127
127
127
127
127
127
127
127
127
127
127
127
127
127
127
127
127
127
127
127
127
127
127
127
127
127
127
127
114
124
127
127
127
127
127
127
127
127
127
127
85
90
99
110
123
127
127
127
127
127
127
127
61
64
65
67
72
81
90
98
104
113
121
127
42
43
43
43
43
45
47
47
43
47
47
50
40
39
40
39
39
39
39
36
30
36
37
37
41
40
41
40
40
40
41
37
30
37
41
41
40
41
40
41
41
41
42
37
31
33
39
42
40
41
42
42
41
40
41
37
32
32
34
41
41
41
42
42
42
41
40
37
32
32
32
36
43
41
42
42
42
41
40
37
32
32
32
33
43
42
41
42
42
41
41
37
32
32
32
32
