82
78
76
73
73
73
74
76
80
85
89
92
88
85
81
78
77
77
78
80
83
88
92
96
96
92
89
85
83
83
84
86
89
94
99
103
107
102
98
94
92
91
92
94
97
102
106
110
123
119
113
107
103
101
102
104
106
110
114
118
111
115
118
120
119
118
118
120
122
125
127
127
87
93
99
106
110
114
117
120
119
126
127
127
61
63
64
69
76
85
92
95
99
106
112
123
43
43
43
44
47
48
49
48
89
71
53
57
41
41
41
41
40
41
39
49
127
98
34
40
43
43
43
43
42
43
40
55
127
127
64
37
43
43
43
43
43
43
40
51
127
127
124
52
43
42
43
45
45
44
43
43
127
127
127
122
43
42
43
46
46
44
44
39
121
127
127
127
43
42
43
45
45
44
44
38
102
127
127
127
43
43
43
43
43
44
45
40
87
127
127
127
94
91
87
85
85
85
86
89
91
97
100
106
99
96
92
90
89
89
89
92
96
101
105
110
109
106
101
98
96
96
96
99
103
107
112
116
119
115
111
106
104
104
104
106
110
115
120
123
127
127
124
120
116
115
115
116
120
123
127
127
111
116
122
125
127
127
127
127
127
127
127
127
86
92
99
106
113
120
124
127
127
127
127
127
61
64
65
68
75
83
91
95
101
107
114
127
42
43
42
42
43
46
47
47
44
45
47
53
39
39
38
39
38
38
38
37
31
33
37
37
40
40
40
40
40
40
40
39
32
33
38
40
40
40
40
40
41
40
40
40
33
32
35
40
40
39
40
41
41
41
40
40
34
32
32
35
40
39
40
41
40
41
41
41
35
32
32
33
40
39
40
40
40
41
41
41
37
32
32
32
40
40
40
40
40
40
41
41
38
31
32
32
127
127
127
127
127
127
127
127
127
127
127
127
127
127
127
127
127
127
127
127
127
127
127
127
127
127
127
127
127
127
127
127
127
127
127
127
127
127
127
127
127
127
127
127
127
127
127
127
127
127
127
127
127
127
127
127
127
127
127
127
113
123
127
127
127
127
127
127
127
127
127
127
85
89
97
109
122
127
127
127
127
127
127
127
61
63
64
68
73
81
90
97
105
116
125
127
42
43
43
43
45
46
47
47
43
45
48
55
39
40
39
40
39
39
39
37
30
33
37
37
41
40
40
41
41
40
40
40
32
33
39
40
42
40
41
40
42
41
41
40
33
32
35
40
41
40
40
42
42
42
42
41
34
32
32
36
40
40
41
42
43
42
42
42
36
32
32
33
40
40
41
41
42
42
42
42
37
32
32
32
41
40
41
40
41
41
42
43
38
31
32
32
