82
78
77
74
73
74
75
77
81
85
89
93
87
84
81
78
77
77
78
81
84
89
93
97
96
92
88
85
83
83
85
87
90
95
99
103
107
102
98
94
92
92
92
95
98
103
107
111
123
120
113
106
103
102
102
104
107
111
115
119
110
114
118
119
119
118
118
120
123
125
127
127
86
92
99
106
111
115
117
120
121
125
127
127
61
63
65
71
78
85
92
96
100
107
118
127
43
43
44
46
47
49
50
47
81
83
54
59
41
41
41
42
40
41
41
37
115
123
43
35
43
43
43
43
43
43
43
38
126
127
89
45
44
44
43
43
43
44
43
37
96
127
127
85
43
43
43
42
43
44
44
40
68
127
127
127
43
43
44
43
43
43
43
43
50
127
127
127
43
43
45
45
43
43
42
44
40
117
127
127
43
43
45
45
44
43
42
45
40
92
127
127
94
91
87
85
85
85
87
89
92
98
103
106
99
96
92
90
89
89
90
93
96
102
106
110
109
105
100
98
96
96
96
99
103
108
113
116
119
114
111
106
104
104
105
107
111
116
120
124
127
127
123
119
116
115
115
117
120
124
127
127
110
116
121
125
127
127
127
127
127
127
127
127
85
92
99
107
113
120
124
127
127
127
127
127
61
63
65
70
77
85
92
96
103
110
121
127
42
43
43
43
45
47
47
47
45
45
50
55
39
39
39
39
38
39
38
38
33
31
37
38
40
40
40
40
39
40
40
40
34
32
37
38
40
41
40
40
40
41
40
40
37
32
33
37
40
40
40
40
40
40
40
41
39
32
32
33
40
40
41
40
40
40
40
40
40
33
32
32
40
40
41
40
40
40
40
40
41
37
32
32
41
40
41
40
41
40
40
41
40
38
32
32
127
127
127
127
127
127
127
127
127
127
127
127
127
127
127
127
127
127
127
127
127
127
127
127
127
127
127
127
127
127
127
127
127
127
127
127
127
127
127
127
127
127
127
127
127
127
127
127
127
127
127
127
127
127
127
127
127
127
127
127
111
120
127
127
127
127
127
127
127
127
127
127
85
89
96
108
121
127
127
127
127
127
127
127
61
63
64
69
75
82
90
97
107
118
127
127
42
43
43
44
46
47
48
47
44
44
51
57
39
39
40
40
39
40
39
38
32
30
37
38
41
41
40
40
40
40
40
40
34
32
37
39
42
42
40
40
41
42
41
41
37
32
33
38
41
41
40
40
41
42
42
42
39
32
32
33
41
41
41
40
41
41
41
42
42
33
32
32
41
41
42
42
41
40
41
42
43
37
32
32
41
40
42
42
42
41
40
43
42
38
32
32
