97
93
89
84
80
78
75
75
75
76
78
82
101
97
92
88
84
81
79
78
79
81
83
87
107
103
99
94
90
87
85
85
85
88
91
95
115
111
106
102
98
94
93
92
94
96
100
103
125
121
116
110
106
104
103
102
104
108
112
117
124
127
127
126
122
118
116
120
122
123
123
120
105
112
118
122
124
126
125
122
117
113
107
100
73
76
83
92
101
119
118
98
85
76
70
65
48
49
48
48
43
92
80
43
45
44
43
43
43
42
41
38
42
127
97
34
40
40
40
41
43
42
43
38
74
127
127
41
43
43
43
43
43
43
43
43
120
127
127
52
42
44
44
43
43
44
40
67
127
127
127
71
38
44
44
45
43
43
40
113
127
127
127
96
37
43
43
45
43
40
62
127
127
127
127
123
42
42
43
43
43
37
92
127
127
127
127
127
50
41
43
42
110
106
102
96
92
90
88
86
86
88
91
94
114
110
106
100
96
92
91
90
91
93
96
99
121
116
112
106
103
99
97
97
98
100
103
107
127
124
120
115
110
107
106
106
106
109
113
116
127
127
127
123
120
117
116
115
117
121
126
127
127
127
127
127
127
127
127
127
127
127
127
124
106
113
123
127
127
127
127
127
124
116
108
100
73
76
82
92
105
123
122
101
85
75
68
65
47
47
45
45
46
50
50
44
42
42
42
42
40
39
38
37
37
32
34
37
37
37
38
38
40
39
40
40
38
31
34
40
40
40
40
40
40
40
40
40
35
31
33
40
40
40
40
40
40
41
41
39
33
32
33
38
40
41
40
42
40
41
41
36
32
32
32
37
40
40
40
42
40
41
40
33
32
32
32
35
40
40
40
40
40
40
37
32
32
32
32
34
40
41
40
39
127
127
127
127
127
127
127
127
127
127
127
127
127
127
127
127
127
127
127
127
127
127
127
127
127
127
127
127
127
127
127
127
127
127
127
127
127
127
127
127
127
127
127
127
127
127
127
127
127
127
127
127
127
127
127
127
127
127
127
127
127
127
127
127
127
127
127
127
127
127
127
127
105
118
127
127
127
127
127
127
127
127
113
99
73
75
80
92
113
127
127
109
86
73
68
65
47
47
45
45
46
52
52
44
43
43
42
42
40
40
39
37
37
31
33
37
37
38
39
39
40
40
40
41
38
31
34
41
40
40
40
40
41
41
41
42
35
31
33
41
41
41
41
40
41
42
42
40
33
32
33
39
41
42
42
43
41
42
42
37
31
32
32
37
40
41
41
43
41
41
40
33
31
32
32
35
40
41
40
41
40
40
37
32
32
32
31
34
40
42
41
40
