82
78
76
75
75
75
78
81
85
89
93
96
86
84
81
79
78
79
81
84
88
92
97
101
96
91
88
85
85
85
87
90
94
99
103
108
108
101
96
94
92
93
95
98
102
106
111
115
123
120
113
107
103
103
104
106
110
115
119
123
110
115
118
120
119
119
120
122
124
127
127
127
89
96
103
110
113
115
119
123
127
127
127
127
69
71
75
78
84
87
93
100
113
127
114
98
50
50
50
51
50
50
50
49
53
116
61
37
43
43
43
43
43
42
41
40
39
112
118
57
42
43
41
42
43
43
43
42
40
83
127
123
43
43
42
43
43
43
43
42
42
40
108
127
43
43
44
45
44
44
43
43
43
40
50
117
42
43
46
46
44
44
44
44
42
41
39
61
41
43
45
45
43
44
45
44
42
42
42
37
42
43
43
43
43
43
44
44
42
42
44
42
94
91
88
86
87
88
90
92
97
102
106
110
99
96
93
91
91
92
94
96
101
106
110
114
109
103
101
98
97
98
100
103
107
112
116
121
119
113
110
106
106
106
107
111
115
120
124
127
125
126
123
119
116
116
117
120
123
127
127
127
110
116
120
123
127
127
127
127
127
127
127
127
89
95
102
109
115
120
127
127
127
127
127
127
69
71
74
78
82
86
93
103
117
127
120
100
49
49
50
50
49
47
47
46
49
51
49
43
40
41
40
40
40
39
38
37
37
33
32
35
39
39
39
39
40
40
40
39
40
37
33
35
40
40
40
40
40
40
40
40
40
40
37
31
40
40
40
41
41
41
41
40
40
40
40
36
40
40
41
40
40
41
41
41
40
39
40
39
39
40
41
40
40
41
40
41
40
39
40
40
39
40
40
40
40
40
40
41
40
39
42
40
127
127
127
127
127
127
127
127
127
127
127
127
127
127
127
127
127
127
127
127
127
127
127
127
127
127
127
127
127
127
127
127
127
127
127
127
127
127
127
127
127
127
127
127
127
127
127
127
127
127
127
127
127
127
127
127
127
127
127
127
110
118
127
127
127
127
127
127
127
127
127
127
89
92
99
110
121
127
127
127
127
127
127
127
69
71
75
78
80
85
93
108
127
127
127
106
49
49
50
50
49
48
47
47
50
54
50
44
41
41
40
40
40
40
39
37
37
33
31
35
40
40
40
40
40
40
40
40
40
37
33
35
40
41
40
41
41
41
41
40
41
41
37
31
40
40
42
42
42
42
41
40
41
40
41
37
40
41
43
43
42
42
42
41
40
40
40
40
40
41
42
42
42
42
42
42
40
40
40
40
40
41
41
40
41
41
41
42
40
40
43
40
