82
78
76
75
75
76
78
81
85
89
94
98
86
84
81
79
78
79
82
85
89
93
98
102
96
92
88
85
85
85
87
91
95
99
104
108
110
102
97
94
93
93
95
99
103
107
112
116
123
122
115
108
104
103
105
107
111
116
120
123
110
114
118
119
119
119
120
123
125
127
127
127
89
95
103
109
112
115
119
125
127
127
127
127
71
72
75
78
82
87
93
102
116
127
110
95
52
52
52
52
51
50
50
49
50
97
85
37
43
44
43
43
43
42
40
40
38
66
117
99
42
42
42
43
43
43
42
43
41
47
104
127
43
43
43
45
44
43
43
42
43
41
44
103
42
42
43
44
43
44
43
42
43
43
42
46
43
42
43
43
43
45
44
42
42
43
43
41
45
43
43
42
43
46
44
42
42
43
44
45
45
44
43
42
43
47
43
42
42
43
44
43
94
92
89
88
87
88
90
93
97
103
107
111
99
96
93
92
91
92
93
97
101
106
111
115
108
104
101
98
97
98
100
103
107
113
117
121
120
113
110
106
106
106
109
111
116
120
125
127
124
126
123
119
116
116
118
120
124
127
127
127
110
115
120
123
126
127
127
127
127
127
127
127
89
95
102
109
114
120
127
127
127
127
127
127
71
72
75
78
82
86
94
104
122
127
113
98
51
50
51
50
49
47
47
46
50
53
44
43
41
41
40
40
40
39
37
37
37
36
31
32
38
39
39
39
40
40
39
40
40
39
37
33
40
40
40
41
41
40
40
40
40
41
40
37
40
39
41
40
40
40
40
40
40
40
40
40
40
40
40
40
40
41
41
40
40
40
40
41
40
41
40
40
40
41
41
40
39
40
41
40
41
41
40
40
40
42
40
40
39
40
41
40
127
127
127
127
127
127
127
127
127
127
127
127
127
127
127
127
127
127
127
127
127
127
127
127
127
127
127
127
127
127
127
127
127
127
127
127
127
127
127
127
127
127
127
127
127
127
127
127
127
127
127
127
127
127
127
127
127
127
127
127
109
116
126
127
127
127
127
127
127
127
127
127
89
92
99
107
118
127
127
127
127
127
127
127
71
72
76
78
80
84
94
110
127
127
124
103
51
51
51
51
50
48
47
47
53
54
44
43
42
42
41
41
40
40
38
37
37
36
30
32
39
40
40
40
40
40
40
40
40
40
37
34
40
40
41
42
42
41
40
41
40
42
41
37
40
40
42
41
41
42
42
40
41
40
40
40
41
40
41
41
40
43
42
40
40
40
41
43
42
42
41
41
40
43
42
40
40
40
42
42
42
42
41
40
40
43
41
41
40
40
42
40
