82
78
78
76
76
77
79
82
86
91
96
99
85
83
82
80
79
80
83
85
90
95
99
103
99
92
88
86
85
86
89
92
96
101
106
110
116
106
97
95
93
95
97
99
104
109
113
117
121
123
119
111
105
104
106
109
113
117
121
124
107
113
116
119
119
120
121
123
125
127
127
127
90
94
100
106
111
115
120
127
127
127
127
127
74
76
77
78
82
86
94
106
123
123
103
91
57
56
54
53
51
50
49
50
56
68
79
70
45
45
44
43
42
41
41
40
40
45
58
79
42
41
43
43
42
42
42
43
42
40
46
68
43
43
43
44
44
42
42
44
43
43
42
37
43
44
43
43
43
43
43
43
43
43
43
42
43
43
43
43
43
43
43
43
44
45
43
43
43
43
43
43
42
43
44
42
43
44
43
44
43
43
43
43
43
43
44
42
43
43
43
46
94
91
89
87
88
89
91
95
99
104
109
113
99
96
93
92
92
92
95
99
103
108
113
116
110
105
101
99
98
99
101
105
109
114
119
123
123
116
110
107
106
107
109
113
117
122
127
127
122
125
124
120
117
117
118
122
126
127
127
127
107
113
117
121
125
127
127
127
127
127
127
127
90
94
99
106
113
120
127
127
127
127
127
127
74
75
77
78
81
85
94
110
127
124
105
92
56
54
53
51
49
47
46
47
54
50
42
41
43
42
41
41
40
38
37
37
37
37
35
34
38
38
39
40
40
39
40
40
39
40
40
38
40
40
40
40
41
39
40
40
40
40
40
40
40
40
40
40
41
40
40
40
40
40
41
40
40
40
40
40
40
40
40
40
40
41
41
41
40
40
40
40
39
41
41
40
40
41
41
41
41
41
41
40
40
41
41
40
40
40
40
42
127
127
127
127
127
127
127
127
127
127
127
127
127
127
127
127
127
127
127
127
127
127
127
127
127
127
127
127
127
127
127
127
127
127
127
127
127
127
127
127
127
127
127
127
127
127
127
127
121
127
127
127
127
127
127
127
127
127
127
127
105
111
120
127
127
127
127
127
127
127
127
127
90
93
97
103
115
127
127
127
127
127
127
127
74
75
77
78
79
82
95
119
127
127
112
95
56
55
54
52
50
48
47
48
57
51
42
41
43
43
43
42
40
40
38
37
37
37
35
34
39
39
40
40
40
40
40
41
40
40
40
40
41
40
41
41
42
40
40
41
41
41
40
41
41
41
40
41
42
40
40
41
41
41
41
41
41
41
40
40
40
41
41
40
41
42
42
42
41
41
40
40
40
42
42
40
40
42
42
42
42
42
41
41
40
42
42
40
40
41
42
43
