83
81
79
78
78
80
82
85
89
95
99
103
85
84
82
82
82
84
85
89
93
99
103
106
100
92
88
88
88
90
92
96
99
105
109
113
119
106
97
96
96
97
99
103
107
113
116
120
120
123
117
109
106
106
109
113
116
120
124
127
107
113
117
120
120
121
123
125
127
127
127
127
90
94
101
110
114
120
127
127
127
127
126
120
75
75
76
79
85
94
112
125
114
99
87
78
58
56
54
52
50
49
51
57
60
64
65
59
46
44
43
43
42
40
40
41
43
47
56
66
41
41
42
43
43
42
42
42
42
42
49
59
43
43
44
44
44
43
42
43
44
43
42
40
42
43
43
43
44
45
43
42
42
44
43
42
44
44
43
43
44
44
43
43
42
43
43
44
45
44
43
43
43
43
43
43
43
43
43
43
44
44
44
43
42
43
43
42
43
44
43
43
96
93
90
90
90
92
95
99
103
106
112
116
99
96
95
94
94
96
99
103
106
111
116
120
110
105
102
100
100
103
105
109
113
118
122
126
124
116
110
109
109
110
113
116
121
126
127
127
121
125
124
121
119
120
122
125
127
127
127
127
106
113
118
124
127
127
127
127
127
127
127
127
90
94
100
110
118
127
127
127
127
127
127
127
75
75
77
79
85
94
116
127
115
99
87
78
57
55
53
50
49
46
50
54
47
42
41
41
44
43
41
40
40
37
37
37
36
36
36
36
39
38
39
40
40
39
40
39
40
40
40
39
40
40
40
40
40
40
40
40
40
40
40
40
40
40
40
40
41
41
40
39
40
41
40
40
40
40
41
40
41
40
41
40
40
40
40
42
41
40
41
40
40
40
41
40
40
40
40
41
41
40
40
40
39
40
41
40
40
40
40
40
127
127
127
127
127
127
127
127
127
127
127
127
127
127
127
127
127
127
127
127
127
127
127
127
127
127
127
127
127
127
127
127
127
127
127
127
127
127
127
127
127
127
127
127
127
127
127
127
120
127
127
127
127
127
127
127
127
127
127
127
105
111
123
127
127
127
127
127
127
127
127
127
90
93
98
108
127
127
127
127
127
127
127
127
74
75
77
78
82
95
127
127
127
105
89
77
57
55
54
50
48
47
50
57
47
43
41
41
44
43
42
41
40
37
37
37
36
36
36
37
40
39
40
40
40
40
40
40
41
41
40
40
40
41
42
41
42
41
40
40
42
41
42
41
40
41
41
41
42
42
40
40
40
42
41
41
41
41
41
41
42
41
41
40
40
41
40
42
42
41
41
41
41
41
41
40
40
41
40
41
42
41
41
40
40
41
42
40
41
41
41
40
