83
81
79
78
78
81
84
86
90
95
99
103
86
84
83
82
82
84
87
90
94
99
103
107
99
92
89
89
89
90
92
96
100
106
110
113
115
103
97
96
96
98
100
104
108
113
117
120
122
123
115
107
106
106
110
113
117
121
125
127
108
114
118
120
121
122
123
126
127
127
127
127
91
96
103
111
116
123
127
127
127
127
123
118
75
76
78
81
88
99
119
123
108
95
83
75
57
55
54
51
50
48
54
58
61
67
64
54
45
44
44
43
41
40
41
41
44
50
60
71
41
42
42
43
42
43
43
42
41
43
52
66
43
43
43
43
43
43
43
44
43
43
40
39
44
44
44
44
43
42
43
42
44
43
43
43
46
43
44
44
44
42
42
43
44
44
45
44
45
43
44
45
44
42
42
43
43
43
45
43
43
43
44
46
43
42
42
41
41
43
44
43
96
93
90
91
91
93
96
99
103
108
113
116
99
97
95
95
95
97
99
103
107
112
116
120
110
104
102
101
101
103
106
110
113
119
123
127
121
114
110
109
109
111
113
117
121
127
127
127
122
126
123
120
119
120
123
126
127
127
127
127
108
114
120
127
127
127
127
127
127
127
127
127
91
96
103
112
121
127
127
127
127
127
127
123
75
76
78
80
86
100
125
127
108
95
83
75
57
54
52
49
47
47
52
52
43
42
40
41
43
43
41
40
38
37
37
37
35
36
35
36
38
39
39
40
39
40
40
39
40
40
39
38
40
40
40
40
40
40
40
40
40
40
40
40
41
41
41
41
40
40
40
40
41
40
40
41
40
40
40
40
41
40
40
40
41
40
41
40
40
40
41
41
41
40
39
40
40
40
41
40
40
40
42
42
40
39
39
39
39
40
41
40
127
127
127
127
127
127
127
127
127
127
127
127
127
127
127
127
127
127
127
127
127
127
127
127
127
127
127
127
127
127
127
127
127
127
127
127
127
127
127
127
127
127
127
127
127
127
127
127
123
127
127
127
127
127
127
127
127
127
127
127
106
115
127
127
127
127
127
127
127
127
127
127
91
95
101
114
127
127
127
127
127
127
127
127
75
76
78
78
85
105
127
127
117
99
83
72
57
54
52
50
48
47
54
54
44
42
41
42
44
43
42
41
39
37
38
37
35
36
36
37
40
39
40
40
40
40
40
40
41
41
40
39
41
41
41
41
41
40
40
42
41
41
41
41
42
42
42
42
41
40
41
40
42
41
41
42
42
41
42
41
42
40
40
41
42
42
42
42
41
41
42
42
42
40
40
40
41
41
42
42
40
41
43
43
41
40
40
40
40
40
42
41
