84
82
80
79
80
82
84
88
92
96
100
103
87
85
84
83
83
85
88
92
96
100
104
107
97
92
90
89
89
92
94
98
102
106
110
114
111
102
98
97
97
99
102
106
110
114
118
121
124
121
112
107
106
108
110
114
118
123
127
127
111
116
120
121
122
123
123
127
127
127
127
127
92
99
107
113
119
127
127
127
127
126
120
115
75
76
78
83
92
106
124
118
102
89
79
72
57
54
53
50
49
50
57
59
64
68
60
48
46
44
43
42
42
40
41
42
47
54
65
75
43
43
41
41
43
43
42
41
41
47
59
73
44
44
42
42
43
43
43
43
43
43
40
39
44
43
43
43
43
44
43
43
44
43
43
41
43
42
43
43
42
43
46
44
46
45
44
43
42
42
44
43
41
42
47
45
45
44
43
43
43
42
43
43
42
41
45
45
43
43
42
43
96
94
92
92
92
94
97
100
103
108
113
117
99
98
96
96
96
98
101
104
108
113
117
121
109
105
103
102
102
104
107
110
115
120
123
127
120
113
110
110
110
111
115
119
123
127
127
127
125
126
123
120
120
121
123
127
127
127
127
127
111
116
123
127
127
127
127
127
127
127
127
127
92
99
106
116
126
127
127
127
127
127
127
120
75
76
78
82
92
110
127
120
103
89
78
72
55
54
51
49
47
47
54
48
42
41
42
42
43
42
40
39
38
37
37
36
35
36
36
36
38
39
38
39
40
40
39
39
40
40
39
38
40
40
39
40
40
40
40
40
40
40
40
40
41
40
40
40
40
40
41
40
40
41
41
40
40
40
40
41
39
40
41
41
40
41
40
40
40
40
41
41
39
40
41
41
40
40
40
40
40
40
41
40
39
39
40
41
40
40
40
40
127
127
127
127
127
127
127
127
127
127
127
127
127
127
127
127
127
127
127
127
127
127
127
127
127
127
127
127
127
127
127
127
127
127
127
127
127
127
127
127
127
127
127
127
127
127
127
127
127
127
127
127
127
127
127
127
127
127
127
127
110
119
127
127
127
127
127
127
127
127
127
127
92
96
104
122
127
127
127
127
127
127
127
127
75
76
78
80
91
118
127
127
109
91
78
70
56
54
52
49
47
48
57
50
43
41
41
42
43
43
41
40
39
37
37
36
36
37
37
36
40
40
39
39
41
40
40
40
40
41
40
39
42
42
40
40
42
41
41
40
40
41
40
41
42
41
40
41
40
43
42
42
42
42
42
40
41
40
41
42
40
42
43
42
43
42
42
41
40
40
42
42
40
40
43
42
42
41
41
41
41
40
41
41
40
40
42
43
41
40
40
41
