85
82
82
82
82
84
85
89
93
96
100
105
89
86
85
85
85
87
89
93
97
101
105
109
96
93
92
91
91
93
96
99
103
108
112
115
106
102
99
99
99
101
103
107
111
116
120
123
123
116
110
108
108
110
113
116
120
124
127
127
115
120
121
123
123
123
126
127
127
127
127
127
96
105
111
117
124
127
127
127
127
123
117
111
76
78
81
88
99
118
124
107
93
82
75
69
54
53
51
50
49
54
59
63
68
63
50
40
43
43
43
42
40
41
42
45
53
64
75
79
41
43
43
43
43
42
41
42
45
57
72
85
43
43
43
43
43
43
43
43
43
40
40
46
44
45
44
44
44
44
43
42
43
43
43
42
45
45
43
43
44
45
43
42
42
41
43
43
44
44
43
43
43
46
45
43
42
41
43
43
42
43
43
43
42
46
46
44
43
43
43
43
96
94
94
93
94
96
99
103
106
110
113
118
101
99
98
97
98
100
103
106
110
114
118
122
109
106
104
103
104
106
109
113
116
121
125
127
117
114
112
112
112
114
116
120
124
127
127
127
127
125
123
121
121
123
126
127
127
127
127
127
115
121
127
127
127
127
127
127
127
127
127
127
96
103
112
122
127
127
127
127
127
127
123
113
76
78
81
87
101
125
127
108
94
82
74
69
54
52
50
47
47
53
52
43
41
41
42
41
41
41
40
39
37
37
37
36
36
36
35
36
38
39
40
40
40
39
40
40
40
40
38
38
40
40
40
40
40
40
40
40
40
40
40
40
41
41
40
41
40
41
40
39
40
40
40
40
41
40
40
40
41
41
40
40
40
39
40
40
41
40
40
40
40
41
41
41
40
39
40
40
40
41
40
40
39
41
43
41
40
40
41
40
127
127
127
127
127
127
127
127
127
127
127
127
127
127
127
127
127
127
127
127
127
127
127
127
127
127
127
127
127
127
127
127
127
127
127
127
127
127
127
127
127
127
127
127
127
127
127
127
127
127
127
127
127
127
127
127
127
127
127
127
116
127
127
127
127
127
127
127
127
127
127
127
95
101
114
127
127
127
127
127
127
127
127
118
76
78
79
85
106
127
127
117
98
82
72
68
54
52
50
47
47
54
54
44
42
41
42
42
42
42
41
40
37
37
37
35
36
37
36
36
39
40
40
40
40
40
40
41
41
40
39
37
41
41
41
41
41
41
40
41
41
41
41
40
42
42
42
42
42
42
40
40
41
41
42
40
42
42
41
41
42
43
41
40
40
40
41
41
42
42
41
41
40
43
43
41
40
40
41
41
41
42
40
41
40
43
43
42
41
41
42
41
