85
84
82
82
83
85
88
90
94
97
101
105
89
88
86
86
86
89
92
94
98
102
106
109
96
94
92
92
92
95
98
100
104
109
113
115
105
102
100
100
100
103
105
109
113
116
120
123
120
113
110
109
110
112
114
117
121
125
127
127
119
121
123
124
123
123
127
127
127
127
127
127
103
110
116
122
127
127
127
127
124
120
113
107
77
79
85
94
110
125
115
99
86
77
71
67
54
52
50
49
51
57
63
70
68
53
40
37
44
42
42
41
40
41
44
51
64
78
82
72
42
41
42
43
43
42
41
43
55
75
89
93
43
43
42
43
44
43
43
43
40
38
47
75
43
42
42
43
43
43
43
43
43
43
43
43
42
41
42
43
43
44
44
44
44
43
43
41
43
42
43
43
43
45
44
45
44
44
45
45
43
43
43
43
41
44
43
45
44
46
45
44
97
96
95
95
96
98
101
103
107
110
114
119
102
100
99
99
99
102
105
107
111
115
119
123
110
106
105
105
106
108
111
113
117
122
126
127
117
115
113
113
113
116
118
122
126
127
127
127
127
126
123
122
122
124
127
127
127
127
127
127
120
127
127
127
127
127
127
127
127
127
127
127
102
110
120
127
127
127
127
127
127
126
116
107
78
80
85
94
114
127
116
100
87
76
70
67
53
50
48
46
49
54
47
42
41
41
42
42
42
40
39
37
37
37
36
36
36
36
36
37
39
39
40
40
39
39
40
40
39
38
37
37
40
40
40
40
40
40
40
40
40
40
40
37
40
39
40
40
41
40
41
40
41
40
41
40
40
39
39
40
41
41
41
41
40
40
42
40
40
40
40
40
40
41
41
42
40
40
42
40
41
40
40
41
39
41
40
41
40
40
41
40
127
127
127
127
127
127
127
127
127
127
127
127
127
127
127
127
127
127
127
127
127
127
127
127
127
127
127
127
127
127
127
127
127
127
127
127
127
127
127
127
127
127
127
127
127
127
127
127
127
127
127
127
127
127
127
127
127
127
127
127
126
127
127
127
127
127
127
127
127
127
127
127
99
109
127
127
127
127
127
127
127
127
123
109
77
78
82
95
125
127
127
105
89
75
69
66
53
50
48
47
50
57
47
42
41
42
42
42
42
40
40
39
37
37
36
35
36
36
36
37
40
40
40
41
40
40
40
40
40
39
37
37
40
41
40
41
42
41
41
40
40
41
40
38
40
40
40
41
42
41
41
42
42
41
41
41
40
40
40
40
41
42
42
43
42
41
42
42
41
40
40
41
40
43
42
43
42
42
42
42
42
41
41
42
40
42
41
43
42
43
42
42
