87
87
85
85
86
89
91
93
96
100
103
106
92
90
89
89
90
92
95
97
100
104
107
110
99
96
96
96
96
99
101
103
106
110
113
116
106
104
103
103
104
106
109
111
114
118
121
123
115
113
112
112
113
115
118
120
124
127
127
127
127
127
126
125
125
127
127
127
127
127
126
120
116
122
127
127
127
127
126
122
115
108
100
94
85
92
102
119
127
106
91
81
72
68
65
64
50
50
49
53
80
89
46
37
42
43
43
43
42
40
40
40
49
91
113
68
36
33
40
41
42
42
43
42
40
72
127
127
85
54
40
38
43
42
43
43
44
37
78
127
127
104
57
42
42
43
43
42
43
42
42
89
127
127
127
90
42
43
42
43
43
43
40
48
106
127
127
127
43
43
42
42
43
43
44
37
53
124
127
127
45
43
42
41
42
43
43
43
36
67
127
127
101
98
99
99
99
101
103
105
110
113
116
118
105
103
103
103
103
105
107
110
113
116
120
123
111
110
109
109
109
111
114
117
120
123
127
127
119
117
116
116
117
120
122
124
127
127
127
127
127
126
125
125
126
127
127
127
127
127
127
127
127
127
127
127
127
127
127
127
127
127
127
123
120
127
127
127
127
127
127
127
120
109
100
93
84
92
103
124
127
109
92
81
72
68
65
63
48
47
46
52
51
43
43
43
42
41
41
42
39
37
37
37
37
33
31
36
38
39
38
39
39
39
40
40
40
38
34
35
37
40
40
40
40
40
40
40
41
41
39
33
33
36
39
40
40
40
40
40
40
40
41
37
33
31
34
37
40
41
40
40
40
40
41
40
37
32
32
33
40
41
40
40
40
40
41
41
40
35
32
32
41
41
40
39
39
40
40
40
41
38
33
32
127
127
127
127
127
127
127
127
127
127
127
127
127
127
127
127
127
127
127
127
127
127
127
127
127
127
127
127
127
127
127
127
127
127
127
127
127
127
127
127
127
127
127
127
127
127
127
127
127
127
127
127
127
127
127
127
127
127
127
127
127
127
127
127
127
127
127
127
127
127
127
127
127
127
127
127
127
127
127
127
127
113
99
91
82
92
110
127
127
119
96
81
70
66
65
64
48
48
47
54
54
43
43
43
42
42
42
42
40
39
37
37
37
33
31
36
39
40
39
40
40
40
41
40
40
39
34
35
38
40
40
42
40
40
41
40
42
42
39
33
32
37
40
42
40
41
41
40
40
40
42
38
33
31
34
37
40
41
40
40
40
40
42
41
37
32
32
33
42
41
40
40
40
40
42
42
41
36
32
32
42
42
40
40
40
41
41
40
42
39
33
32
