89
88
86
86
87
89
91
93
96
100
103
106
92
91
90
90
90
92
95
97
100
104
107
110
99
97
96
96
96
99
101
103
106
110
114
116
106
105
104
104
104
106
109
111
115
119
122
124
115
113
113
113
113
116
118
122
125
127
127
127
127
127
127
125
127
127
127
127
127
127
122
116
120
124
127
127
127
127
126
119
112
104
96
90
89
96
106
126
121
99
88
78
71
67
64
63
50
49
48
69
103
50
40
44
43
43
42
42
42
40
37
46
118
110
45
33
40
41
40
40
43
43
42
38
112
127
100
52
38
43
43
43
44
43
44
37
78
127
127
99
47
42
43
43
43
43
44
40
55
127
127
127
110
43
38
44
43
43
43
41
41
127
127
127
127
110
52
37
43
43
43
43
38
97
127
127
127
127
106
58
43
43
44
43
40
72
127
127
127
127
127
93
100
100
99
99
99
102
104
106
110
113
116
118
105
103
103
103
103
106
108
110
113
117
120
123
112
110
110
109
110
112
114
117
120
124
127
127
120
117
117
117
118
120
122
126
127
127
127
127
127
126
125
126
127
127
127
127
127
127
127
127
127
127
127
127
127
127
127
127
127
127
125
117
124
127
127
127
127
127
127
125
115
104
96
89
87
96
110
127
124
104
89
77
70
66
64
63
47
46
47
54
47
43
43
42
41
41
41
41
39
37
37
37
31
32
37
38
38
38
38
38
40
40
40
39
34
33
37
40
41
40
40
40
40
40
41
40
37
32
33
37
40
40
40
40
40
40
40
41
40
33
32
33
35
40
40
41
40
40
40
40
40
36
32
32
33
35
40
41
40
40
41
40
41
37
32
32
32
33
37
39
40
41
42
40
41
38
32
32
32
32
33
37
127
127
127
127
127
127
127
127
127
127
127
127
127
127
127
127
127
127
127
127
127
127
127
127
127
127
127
127
127
127
127
127
127
127
127
127
127
127
127
127
127
127
127
127
127
127
127
127
127
127
127
127
127
127
127
127
127
127
127
127
127
127
127
127
127
127
127
127
127
127
127
122
127
127
127
127
127
127
127
127
122
106
93
88
86
98
119
127
127
111
90
75
68
65
64
63
48
47
48
56
50
44
43
43
42
42
42
42
40
37
37
37
31
31
37
39
39
39
39
39
40
40
41
40
35
32
37
40
42
42
40
40
41
41
42
41
38
31
32
37
41
42
41
41
41
40
41
42
40
33
32
33
36
40
41
42
41
41
41
41
41
36
32
32
33
36
40
42
41
41
41
40
43
37
32
32
32
33
37
40
41
40
42
41
43
39
32
32
32
32
33
37
