89
88
86
86
87
89
91
93
96
100
103
106
92
91
90
90
90
92
95
97
100
104
107
110
99
97
96
96
96
99
101
103
106
110
114
116
106
105
104
104
104
106
109
111
115
119
122
123
115
113
113
113
113
116
119
121
126
127
127
127
127
127
127
125
127
127
127
127
127
123
117
111
121
125
127
127
127
127
123
116
108
99
92
86
91
98
107
127
118
98
85
75
68
64
63
61
50
47
54
110
58
45
45
44
43
43
42
42
38
37
99
127
46
38
40
40
40
41
40
40
37
72
127
127
47
41
43
43
43
43
43
43
54
127
127
127
49
41
43
44
44
43
43
43
121
127
127
127
51
40
42
43
43
43
43
43
127
127
127
127
51
40
42
43
42
43
44
44
127
127
127
127
51
40
43
42
43
43
43
45
127
127
127
127
52
40
43
42
44
43
43
44
100
100
99
99
99
102
104
106
110
113
116
118
105
103
103
103
103
106
108
110
113
117
120
123
112
110
110
109
110
112
114
117
120
124
127
127
120
117
117
117
118
120
122
126
127
127
127
127
127
127
125
126
127
127
127
127
127
127
127
127
127
127
127
127
127
127
127
127
127
127
120
112
127
127
127
127
127
127
127
120
110
99
92
86
90
99
112
127
123
100
85
74
68
65
64
61
47
47
47
51
50
43
42
42
41
41
41
41
38
37
33
31
37
36
37
37
38
38
38
38
40
37
33
32
40
40
40
40
40
40
40
40
40
34
32
33
40
40
41
41
40
40
40
40
36
32
32
33
40
40
40
40
40
40
40
40
33
32
32
33
40
40
40
40
40
40
41
41
32
32
32
33
40
40
40
39
40
40
40
41
32
32
32
33
39
41
40
39
42
41
40
41
127
127
127
127
127
127
127
127
127
127
127
127
127
127
127
127
127
127
127
127
127
127
127
127
127
127
127
127
127
127
127
127
127
127
127
127
127
127
127
127
127
127
127
127
127
127
127
127
127
127
127
127
127
127
127
127
127
127
127
127
127
127
127
127
127
127
127
127
127
127
124
113
127
127
127
127
127
127
127
127
113
97
89
85
89
103
122
127
127
106
85
71
66
64
63
61
47
47
48
54
51
44
43
42
42
42
42
41
39
37
33
31
36
36
37
38
39
40
39
39
40
38
33
32
40
41
41
41
41
41
40
40
40
34
32
33
40
41
42
42
42
41
41
41
36
32
32
33
40
41
40
41
41
40
41
41
33
32
32
33
40
41
40
40
40
41
41
42
32
32
32
33
40
41
40
40
41
41
41
43
32
32
32
33
40
41
40
40
43
41
40
42
