88
87
85
85
86
88
90
92
95
100
103
106
92
90
89
89
89
92
94
96
99
104
107
110
98
96
96
96
96
98
100
103
106
110
113
116
106
104
103
103
103
106
109
112
114
117
121
123
114
113
112
112
113
115
117
121
126
127
127
127
127
127
126
125
126
127
127
127
127
123
117
110
120
124
126
127
127
127
124
117
109
99
92
85
89
95
103
123
123
102
87
76
68
64
63
61
50
43
55
105
63
45
44
44
43
43
42
42
33
54
117
107
40
39
40
41
41
41
40
40
61
110
127
88
37
43
43
43
43
43
43
43
121
127
127
50
43
43
43
43
43
43
43
43
127
127
118
41
43
43
44
44
43
43
43
43
127
127
80
39
43
43
43
43
42
43
43
43
127
127
53
41
43
43
43
43
43
43
42
43
127
122
42
43
44
44
44
43
43
43
43
43
99
99
98
98
99
101
103
105
108
113
116
119
104
103
102
102
103
105
106
110
113
117
120
123
111
109
109
108
109
111
113
116
120
123
127
127
119
116
116
116
116
119
122
124
127
127
127
127
127
125
124
124
126
127
127
127
127
127
127
127
127
127
127
127
127
127
127
127
127
127
119
110
125
127
127
127
127
127
127
122
110
99
91
85
88
96
107
126
127
106
87
75
68
64
63
61
47
47
46
49
53
45
42
42
41
41
41
41
40
37
32
33
37
36
37
37
38
38
38
38
39
35
32
36
39
40
40
40
40
40
40
40
35
32
33
40
40
40
40
40
40
40
40
40
32
32
36
41
40
40
40
41
40
40
40
41
32
33
37
40
40
40
40
41
40
40
39
40
32
33
39
40
40
40
40
41
40
40
39
40
32
34
40
41
40
40
40
40
40
40
40
41
127
127
127
127
127
127
127
127
127
127
127
127
127
127
127
127
127
127
127
127
127
127
127
127
127
127
127
127
127
127
127
127
127
127
127
127
127
127
127
127
127
127
127
127
127
127
127
127
127
127
127
127
127
127
127
127
127
127
127
127
127
127
127
127
127
127
127
127
127
127
123
112
127
127
127
127
127
127
127
127
114
97
88
85
87
98
115
127
127
113
88
73
67
64
63
61
48
47
46
50
55
45
42
43
42
42
42
41
40
37
31
32
37
37
37
39
39
40
39
39
40
36
32
37
40
41
41
41
41
41
40
40
35
32
33
41
42
41
41
40
40
40
41
41
32
32
36
43
41
41
42
42
40
41
40
41
32
32
38
42
41
41
41
41
40
41
40
40
32
33
40
41
41
41
41
40
40
41
40
40
32
35
41
42
41
42
42
41
41
40
40
41
