86
84
83
83
84
86
89
91
95
99
103
104
90
88
87
87
87
89
92
95
99
103
106
109
96
94
93
93
93
96
99
101
105
109
113
116
104
103
101
101
101
103
106
109
113
116
120
123
113
111
110
110
110
113
115
119
123
127
127
127
125
125
125
124
123
126
127
127
127
127
120
113
116
120
123
124
127
127
127
122
114
104
95
88
85
89
95
105
124
120
98
83
73
67
63
62
50
45
42
80
90
54
46
45
43
43
42
42
33
47
97
113
59
39
39
40
41
41
40
40
62
103
127
102
42
41
43
43
43
43
43
43
127
127
127
44
40
43
43
43
43
43
43
43
127
127
64
40
44
45
45
43
44
44
43
41
127
96
39
42
45
44
44
43
43
44
44
43
121
50
37
42
43
43
43
43
43
43
44
43
67
37
41
41
42
43
44
43
43
43
43
42
98
96
96
96
96
99
101
104
108
112
116
119
103
100
99
99
100
103
105
108
112
116
120
123
110
107
106
106
106
109
111
114
118
122
127
127
117
115
114
113
114
116
119
123
127
127
127
127
127
124
123
123
123
125
127
127
127
127
127
127
127
127
127
127
127
127
127
127
127
127
123
113
119
125
127
127
127
127
127
127
117
105
95
87
84
89
97
109
127
126
101
83
71
66
64
62
49
48
47
45
50
52
43
42
42
41
41
41
40
38
34
32
36
37
36
37
38
38
38
38
38
36
33
36
40
39
40
40
40
40
40
40
34
32
34
40
41
40
40
40
40
40
40
40
32
33
38
41
41
40
40
40
41
40
40
40
33
37
39
40
40
40
40
40
40
40
41
40
35
40
39
39
40
40
40
40
40
40
42
41
38
40
39
39
40
40
40
40
40
40
41
40
127
127
127
127
127
127
127
127
127
127
127
127
127
127
127
127
127
127
127
127
127
127
127
127
127
127
127
127
127
127
127
127
127
127
127
127
127
127
127
127
127
127
127
127
127
127
127
127
127
127
127
127
127
127
127
127
127
127
127
127
127
127
127
127
127
127
127
127
127
127
127
116
127
127
127
127
127
127
127
127
127
106
92
85
82
88
99
117
127
127
107
82
69
65
64
62
48
48
47
45
53
54
43
42
42
42
42
42
40
38
34
31
36
37
36
37
39
40
39
39
38
36
33
37
40
40
41
41
41
41
40
41
34
32
35
42
41
41
41
41
40
40
41
41
31
33
39
42
43
42
42
41
42
42
40
40
32
37
40
41
43
41
41
41
41
41
42
40
36
40
40
40
41
41
41
41
41
41
43
41
39
41
40
39
40
40
41
41
41
41
42
41
