85
82
81
81
81
83
85
89
92
96
99
104
89
86
85
84
84
86
89
92
96
100
104
108
95
92
91
90
90
92
95
99
103
107
111
114
103
101
99
98
98
100
103
106
110
115
119
122
113
110
108
107
107
110
112
115
119
124
127
127
122
123
123
122
123
123
125
127
127
127
127
122
111
114
117
121
123
127
127
127
124
116
106
96
81
83
89
94
102
122
123
100
85
74
68
64
52
51
48
41
63
100
57
47
44
44
43
42
43
37
33
69
122
83
39
40
40
40
41
40
37
43
71
127
127
60
39
43
43
43
43
43
43
76
127
127
100
37
43
43
43
42
43
43
101
127
127
127
55
42
45
44
44
43
43
42
127
127
127
97
42
44
44
43
44
44
44
42
127
127
127
54
41
43
43
43
43
43
44
44
127
127
111
36
42
42
43
43
43
42
43
46
97
95
93
92
93
96
98
102
106
110
114
117
101
99
97
96
97
99
102
106
110
114
118
121
107
105
103
103
103
106
108
112
116
120
124
127
116
113
112
111
111
113
116
120
123
127
127
127
127
123
121
120
120
122
124
127
127
127
127
127
127
127
127
127
127
127
127
127
127
127
127
126
110
116
123
127
127
127
127
127
127
120
107
96
79
82
88
96
106
124
127
103
85
73
67
64
50
49
47
48
46
49
53
44
42
42
41
41
40
40
38
36
31
34
37
37
37
38
38
38
40
39
37
33
33
38
39
40
40
40
40
40
41
37
33
31
37
41
40
40
40
40
40
40
37
33
32
33
40
41
40
41
40
40
40
39
33
32
32
37
41
40
40
40
40
41
41
39
32
32
33
38
40
40
40
40
40
40
40
40
32
32
35
39
40
39
40
40
40
40
40
41
127
127
127
127
127
127
127
127
127
127
127
127
127
127
127
127
127
127
127
127
127
127
127
127
127
127
127
127
127
127
127
127
127
127
127
127
127
127
127
127
127
127
127
127
127
127
127
127
127
127
127
127
127
127
127
127
127
127
127
127
127
127
127
127
127
127
127
127
127
127
127
127
111
123
127
127
127
127
127
127
127
127
108
94
78
81
85
97
114
127
127
111
85
71
66
64
50
49
47
48
46
51
55
44
43
41
42
42
41
40
39
37
31
34
37
37
38
39
40
39
40
40
37
34
33
39
40
41
41
41
41
41
42
38
33
31
37
42
41
41
41
40
41
41
37
33
32
33
40
42
42
42
42
41
41
40
33
32
32
37
43
41
41
41
41
42
42
40
32
32
33
39
42
40
41
40
41
41
42
41
32
32
35
40
40
40
41
41
41
40
41
43
