84
82
80
79
79
82
85
87
91
96
99
103
88
85
83
83
83
85
88
91
95
99
103
107
94
92
89
89
89
91
93
97
101
106
110
113
103
100
98
97
97
99
101
105
109
113
117
121
118
112
108
106
106
107
110
113
117
122
127
127
119
120
121
121
121
122
122
127
127
127
127
127
103
110
113
117
120
127
127
127
127
124
116
109
78
79
83
89
96
106
127
116
96
84
75
68
54
52
50
50
49
48
86
85
40
45
44
43
43
43
43
41
40
37
85
127
51
34
41
40
42
43
43
42
42
38
90
127
104
43
40
43
44
43
44
43
42
38
90
127
127
72
39
42
43
43
43
43
43
38
93
127
127
127
54
38
43
43
43
43
43
38
95
127
127
127
113
45
43
43
42
43
44
38
97
127
127
127
127
89
43
43
43
43
43
38
99
127
127
127
127
127
96
94
91
92
92
94
96
100
104
109
112
116
100
98
96
96
96
98
100
104
108
113
116
120
107
105
103
102
102
104
106
110
114
120
123
127
116
113
110
110
110
112
114
118
122
127
127
127
127
124
121
120
119
121
123
127
127
127
127
127
121
125
127
127
127
127
127
127
127
127
127
127
103
109
116
123
127
127
127
127
127
127
121
110
78
79
82
88
97
110
127
120
99
84
74
68
52
50
49
47
47
47
53
47
43
42
42
41
41
40
40
38
37
37
34
30
36
37
37
38
39
40
40
39
39
40
36
31
37
40
40
40
40
41
41
40
39
41
37
32
33
38
40
40
40
41
40
40
40
40
37
32
32
34
40
41
40
40
40
40
40
40
36
32
32
32
37
41
40
40
40
40
41
40
36
32
32
32
33
38
40
40
40
40
41
40
36
32
32
32
32
34
127
127
127
127
127
127
127
127
127
127
127
127
127
127
127
127
127
127
127
127
127
127
127
127
127
127
127
127
127
127
127
127
127
127
127
127
127
127
127
127
127
127
127
127
127
127
127
127
127
127
127
127
127
127
127
127
127
127
127
127
127
127
127
127
127
127
127
127
127
127
127
127
100
109
121
127
127
127
127
127
127
127
127
113
78
78
80
86
99
121
127
127
105
84
71
66
53
50
49
48
47
48
54
48
44
43
42
42
42
41
40
39
37
37
34
30
36
38
38
39
40
40
40
40
40
41
37
31
37
40
40
40
41
42
42
40
40
42
38
32
33
38
41
41
40
42
41
41
40
41
37
32
32
34
40
42
40
41
40
40
41
41
37
32
32
32
37
42
40
41
40
40
42
41
36
32
32
32
33
39
41
41
41
40
42
41
37
32
32
32
32
34
