85
82
81
81
81
83
85
89
92
96
99
104
89
86
85
84
84
86
89
92
96
100
104
108
95
92
91
90
90
92
95
99
103
107
111
114
103
100
99
98
98
100
103
106
110
115
119
122
116
112
108
107
107
110
112
115
119
123
127
127
120
122
122
122
123
123
124
127
127
127
127
127
106
111
116
119
124
127
127
127
127
120
113
105
78
81
85
92
101
116
127
104
90
78
71
68
54
52
50
50
49
54
102
62
39
45
43
43
44
43
42
40
40
37
99
122
50
33
41
41
43
43
42
42
43
38
87
127
107
50
39
42
44
43
42
42
43
40
63
127
127
97
44
40
45
43
42
42
43
42
51
127
127
127
98
38
44
43
43
43
43
42
43
123
127
127
127
98
43
43
44
44
43
42
39
103
127
127
127
127
42
42
44
44
42
41
38
88
127
127
127
127
97
95
93
92
93
96
98
102
106
110
114
116
101
99
97
96
97
99
102
106
110
114
118
121
107
105
103
103
103
106
108
112
116
120
124
127
116
113
112
111
111
113
116
120
123
127
127
127
127
124
121
120
120
122
124
127
127
127
127
127
123
127
127
127
127
127
127
127
127
127
127
127
105
111
119
126
127
127
127
127
127
127
116
105
78
80
85
92
103
122
127
109
92
78
70
66
52
50
48
47
46
50
51
44
43
41
41
41
40
40
39
38
37
37
33
30
36
38
37
38
39
40
39
39
40
40
36
32
37
40
40
40
40
40
40
40
40
40
39
33
33
37
40
40
41
41
39
40
40
41
40
34
32
33
37
40
41
40
40
40
40
40
41
35
32
32
33
37
40
39
41
40
40
39
41
37
32
32
32
33
39
39
41
41
40
38
41
39
32
32
32
32
127
127
127
127
127
127
127
127
127
127
127
127
127
127
127
127
127
127
127
127
127
127
127
127
127
127
127
127
127
127
127
127
127
127
127
127
127
127
127
127
127
127
127
127
127
127
127
127
127
127
127
127
127
127
127
127
127
127
127
127
127
127
127
127
127
127
127
127
127
127
127
127
102
113
127
127
127
127
127
127
127
127
123
106
77
78
82
91
108
127
127
117
93
77
69
65
52
50
49
48
47
53
53
45
43
42
42
42
42
41
40
39
38
37
33
30
37
39
39
39
40
40
39
40
41
40
37
32
37
40
41
40
42
42
40
40
42
42
40
32
31
37
41
41
43
42
40
40
41
42
41
34
31
33
37
41
42
41
40
41
40
41
42
36
32
32
33
38
40
40
42
42
40
40
42
38
32
32
32
34
40
40
42
42
40
39
42
40
33
32
32
32
