85
83
82
82
82
85
86
90
94
98
102
105
89
87
85
85
85
88
90
94
98
102
106
109
96
93
92
92
92
94
96
100
104
108
112
115
103
102
99
99
99
102
104
108
112
116
120
123
114
111
109
108
109
111
113
116
120
126
127
127
122
123
123
123
123
123
127
127
127
127
127
124
110
114
118
122
127
127
127
127
123
115
106
99
79
83
89
96
109
127
113
95
82
73
68
65
52
50
49
49
47
96
73
40
45
43
43
43
43
43
41
40
34
100
124
44
36
41
41
40
43
42
43
42
37
107
127
92
41
42
43
43
43
43
43
43
37
106
127
127
65
40
43
42
43
44
43
43
37
108
127
127
127
47
40
43
44
45
44
44
37
110
127
127
127
102
41
41
44
44
44
44
38
113
127
127
127
127
75
42
43
43
44
43
38
116
127
127
127
127
122
45
98
96
93
94
95
97
100
102
106
111
115
118
102
99
98
98
99
101
103
106
110
115
119
122
108
106
105
104
105
107
110
113
117
121
125
127
116
114
113
113
113
115
117
121
125
127
127
127
127
124
122
121
122
124
127
127
127
127
127
127
127
127
127
127
127
127
127
127
127
127
127
127
110
116
123
127
127
127
127
127
127
119
108
98
79
82
89
98
113
127
118
97
82
72
68
65
50
49
47
47
49
52
47
43
42
42
41
41
40
40
38
37
37
33
31
36
37
37
38
38
40
40
40
39
40
35
31
37
40
40
40
40
40
40
40
40
40
37
32
33
39
40
40
40
40
40
41
41
40
35
32
32
35
40
41
40
40
41
40
40
40
35
32
32
33
37
40
40
40
41
40
40
41
35
32
32
32
33
38
40
40
40
41
40
41
36
32
32
32
32
35
40
127
127
127
127
127
127
127
127
127
127
127
127
127
127
127
127
127
127
127
127
127
127
127
127
127
127
127
127
127
127
127
127
127
127
127
127
127
127
127
127
127
127
127
127
127
127
127
127
127
127
127
127
127
127
127
127
127
127
127
127
127
127
127
127
127
127
127
127
127
127
127
127
110
123
127
127
127
127
127
127
127
127
110
97
79
81
87
101
124
127
127
102
82
70
66
64
50
49
47
47
50
54
47
43
43
42
42
42
41
40
39
37
37
33
30
36
38
39
39
39
40
40
40
40
40
36
31
37
41
41
40
40
41
41
41
40
41
37
32
33
40
41
41
40
41
42
42
42
40
35
32
32
35
41
42
40
41
42
42
42
41
36
32
32
33
37
41
41
41
42
42
42
42
36
32
32
32
33
39
41
41
41
42
41
42
36
32
32
32
32
36
41
