85
83
82
82
82
85
88
90
94
98
102
105
89
87
86
85
86
89
90
94
98
102
106
109
96
93
92
92
92
95
96
100
104
108
112
115
104
102
100
99
100
103
105
108
112
116
120
123
114
111
109
109
109
111
113
117
121
126
127
127
123
123
123
123
123
123
127
127
127
127
127
123
110
115
119
123
127
127
127
127
122
114
106
97
80
84
90
98
110
127
110
94
82
72
68
64
52
51
49
48
49
105
61
43
45
43
43
43
43
41
42
40
39
126
103
35
40
40
41
40
42
41
43
42
46
127
127
63
38
43
43
43
43
42
43
41
55
127
127
113
41
42
43
43
43
43
43
40
66
127
127
127
74
37
43
42
42
43
43
39
78
127
127
127
127
48
40
43
40
42
43
38
92
127
127
127
127
91
43
43
40
41
43
39
102
127
127
127
127
127
49
43
97
95
95
95
95
97
99
103
107
111
115
117
102
99
99
98
99
101
103
107
111
115
119
122
109
107
105
104
105
107
110
113
117
121
126
127
116
115
113
113
113
115
118
121
125
127
127
127
127
125
122
121
122
124
127
127
127
127
127
127
127
127
127
127
127
127
127
127
127
127
127
127
111
117
124
127
127
127
127
127
127
118
106
96
80
83
89
99
115
127
116
96
81
71
67
64
50
49
47
47
49
51
47
43
42
42
41
41
40
39
38
37
37
32
32
37
37
37
38
38
39
39
40
40
39
32
33
38
40
40
40
40
40
40
40
40
40
33
32
34
40
40
40
40
40
40
40
41
39
33
32
33
38
40
40
40
39
40
40
40
38
32
32
32
34
40
40
40
37
39
40
40
37
32
32
32
32
37
40
41
37
38
41
41
37
32
32
32
32
34
41
42
127
127
127
127
127
127
127
127
127
127
127
127
127
127
127
127
127
127
127
127
127
127
127
127
127
127
127
127
127
127
127
127
127
127
127
127
127
127
127
127
127
127
127
127
127
127
127
127
127
127
127
127
127
127
127
127
127
127
127
127
127
127
127
127
127
127
127
127
127
127
127
127
111
125
127
127
127
127
127
127
127
126
108
95
78
81
88
103
127
127
127
99
81
70
66
64
50
48
47
47
50
54
48
43
43
42
42
42
41
40
39
37
37
31
32
37
38
39
39
40
40
39
40
41
40
32
33
39
41
41
40
42
40
40
40
42
40
33
31
35
41
41
41
42
40
40
41
42
40
33
32
33
39
41
41
40
40
40
41
42
39
32
32
32
35
41
41
40
38
40
41
42
37
32
32
32
33
38
41
42
38
39
42
42
37
32
32
32
32
34
41
43
