97
93
89
84
80
78
75
75
75
76
78
82
101
97
92
87
83
81
78
78
79
81
83
87
107
103
99
93
89
86
85
85
85
88
91
95
115
111
106
101
97
94
92
92
94
96
100
103
125
121
115
110
106
104
103
102
104
108
112
117
123
127
127
126
122
117
116
120
122
123
123
120
104
111
117
122
125
127
123
121
116
113
107
100
73
77
83
92
103
122
115
96
85
76
69
65
48
49
48
48
46
80
92
40
45
44
43
43
43
42
41
40
36
77
127
56
35
41
41
41
43
42
43
43
38
82
127
109
44
41
44
43
43
43
43
44
39
87
127
127
76
40
43
43
43
43
43
43
37
92
127
127
127
51
40
43
44
44
43
43
37
99
127
127
127
110
43
41
45
44
43
43
38
106
127
127
127
127
80
42
46
43
42
43
39
109
127
127
127
127
127
44
110
105
101
96
92
89
87
86
87
88
90
94
114
110
105
100
96
92
91
90
91
93
96
99
120
116
111
106
103
99
97
96
98
100
103
107
127
124
120
114
110
106
106
105
107
109
113
116
127
127
127
123
120
116
115
114
117
121
126
127
127
127
127
127
127
127
127
127
127
127
127
124
105
113
122
127
127
127
127
127
124
116
108
100
73
76
82
92
106
125
120
99
85
75
68
65
47
47
46
45
47
52
48
43
42
42
42
42
40
39
38
37
37
35
30
36
37
37
38
38
40
39
40
40
40
37
30
37
40
40
40
40
40
40
40
40
41
38
32
33
38
40
40
40
40
40
40
40
40
37
32
32
34
40
40
40
41
42
40
40
41
37
32
32
32
37
41
40
41
41
40
41
41
37
32
32
32
33
38
40
41
40
40
40
41
36
32
32
32
32
34
39
127
127
127
127
127
127
127
127
127
127
127
127
127
127
127
127
127
127
127
127
127
127
127
127
127
127
127
127
127
127
127
127
127
127
127
127
127
127
127
127
127
127
127
127
127
127
127
127
127
127
127
127
127
127
127
127
127
127
127
127
127
127
127
127
127
127
127
127
127
127
127
127
103
117
127
127
127
127
127
127
127
127
113
100
73
75
80
93
115
127
127
106
86
73
68
65
47
47
45
45
47
54
50
44
43
43
42
42
40
40
39
37
37
35
30
35
38
39
39
39
40
40
40
40
41
37
30
37
41
41
40
40
41
40
40
41
42
38
31
33
39
41
41
41
41
41
40
40
41
37
31
32
34
40
41
41
42
42
41
41
42
37
31
32
32
37
42
41
42
42
41
42
42
37
31
32
32
33
39
40
43
41
41
41
42
36
32
32
32
32
34
40
