85
83
82
82
82
85
88
90
94
98
102
105
89
87
86
85
86
89
90
94
98
102
106
109
96
93
92
92
92
95
96
100
104
108
112
115
104
102
100
99
100
103
105
108
112
116
120
123
113
111
109
109
109
111
113
117
121
127
127
127
123
123
123
123
123
123
127
127
127
127
127
123
112
115
120
123
127
127
127
127
121
113
104
97
81
84
91
99
112
127
110
93
81
72
68
64
51
51
49
48
53
108
54
44
44
43
43
43
43
43
41
37
50
127
79
33
40
40
41
40
43
43
43
37
68
127
127
45
42
43
43
43
44
43
43
37
92
127
127
74
40
44
43
43
43
43
42
40
117
127
127
122
41
42
43
43
43
44
42
49
127
127
127
127
70
37
45
44
43
44
41
66
127
127
127
127
116
43
44
43
43
43
40
82
127
127
127
127
127
53
43
43
97
95
95
95
95
97
99
103
107
110
114
117
102
99
99
99
99
101
103
107
111
115
119
122
109
107
105
105
105
107
110
113
117
122
126
127
116
115
113
113
113
115
118
121
125
127
127
127
127
125
122
121
122
124
127
127
127
127
127
127
127
127
127
127
127
127
127
127
127
127
127
126
111
118
126
127
127
127
127
127
127
116
105
96
80
84
90
100
116
127
114
94
80
71
66
64
50
49
47
47
49
51
47
43
43
42
41
41
40
40
38
37
36
31
33
37
37
37
38
38
40
40
40
40
37
30
34
40
40
40
40
40
40
40
40
40
37
32
33
38
41
40
40
40
40
40
40
40
35
32
32
35
40
40
40
40
41
41
41
40
34
32
32
33
38
40
41
40
41
41
41
40
33
32
32
32
35
40
41
40
41
40
41
39
32
32
32
32
33
39
42
40
127
127
127
127
127
127
127
127
127
127
127
127
127
127
127
127
127
127
127
127
127
127
127
127
127
127
127
127
127
127
127
127
127
127
127
127
127
127
127
127
127
127
127
127
127
127
127
127
127
127
127
127
127
127
127
127
127
127
127
127
127
127
127
127
127
127
127
127
127
127
127
127
113
127
127
127
127
127
127
127
127
124
106
94
78
82
89
104
127
127
126
98
79
68
65
64
50
49
47
46
50
54
47
43
42
42
42
42
41
40
39
37
36
30
33
37
37
39
40
39
40
40
40
40
38
30
34
41
41
40
41
40
42
41
42
41
37
32
33
40
43
41
41
41
41
41
40
41
35
32
32
36
40
40
41
41
42
42
41
40
34
32
32
33
39
41
42
42
42
42
42
40
33
32
32
32
36
40
43
42
42
41
42
39
32
32
32
32
33
40
43
41
