85
83
82
82
82
85
88
90
94
98
102
105
89
87
86
85
86
89
90
94
98
102
106
109
96
93
92
92
92
95
96
100
104
108
112
115
104
102
100
99
100
103
105
108
112
116
120
123
113
111
109
109
109
111
113
117
121
127
127
127
123
123
123
123
123
123
127
127
127
127
127
122
111
115
120
123
127
127
127
127
121
113
104
96
81
85
91
99
112
127
109
92
80
71
67
64
52
50
49
47
56
107
50
44
44
43
43
43
43
41
41
37
64
127
61
35
41
41
41
40
42
41
42
38
96
127
99
38
43
43
43
43
43
43
40
44
127
127
127
47
41
43
43
43
43
43
38
63
127
127
127
75
37
43
42
43
42
43
37
96
127
127
127
111
40
43
42
43
42
40
45
127
127
127
127
127
56
41
43
43
43
39
56
127
127
127
127
127
76
40
43
43
97
95
95
95
95
97
100
103
107
110
114
117
102
99
99
99
99
101
103
107
111
115
119
122
109
107
105
105
105
107
110
113
117
122
126
127
116
115
113
113
113
115
118
121
125
127
127
127
127
124
122
121
122
124
127
127
127
127
127
127
127
127
127
127
127
127
127
127
127
127
127
125
112
119
126
127
127
127
127
127
127
116
104
96
81
84
90
100
116
127
114
94
79
71
66
64
50
48
47
47
48
51
47
43
43
42
41
41
40
39
38
37
35
31
35
37
37
38
38
38
39
39
40
40
37
30
36
40
40
40
40
40
40
40
40
40
35
31
34
40
40
40
40
40
40
40
40
37
33
32
33
38
41
40
40
40
40
40
40
37
32
32
32
36
40
40
40
40
40
39
40
34
32
32
32
33
39
41
40
40
40
38
40
33
32
32
32
32
39
42
40
40
127
127
127
127
127
127
127
127
127
127
127
127
127
127
127
127
127
127
127
127
127
127
127
127
127
127
127
127
127
127
127
127
127
127
127
127
127
127
127
127
127
127
127
127
127
127
127
127
127
127
127
127
127
127
127
127
127
127
127
127
127
127
127
127
127
127
127
127
127
127
127
127
113
127
127
127
127
127
127
127
127
123
105
93
78
82
89
105
127
127
125
97
79
69
65
64
50
49
47
47
50
54
47
43
42
42
42
42
41
40
39
38
35
30
35
37
38
39
39
39
40
40
40
41
37
30
37
41
41
41
40
40
40
41
40
41
36
31
34
41
40
40
41
41
41
40
40
39
33
32
32
40
42
40
41
40
40
40
41
37
32
32
32
36
41
41
40
40
40
40
40
35
32
32
32
33
40
41
41
40
41
39
40
33
32
32
32
33
39
42
42
41
