85
83
82
82
82
85
88
90
94
98
102
105
89
87
86
85
86
89
91
94
98
102
106
109
96
93
92
92
92
95
96
100
104
108
112
115
104
102
100
99
100
103
104
108
112
116
120
123
113
111
109
109
109
111
113
117
121
127
127
127
123
123
123
123
123
123
127
127
127
127
127
122
112
115
120
123
127
127
127
127
121
113
104
96
81
85
91
99
111
127
110
92
80
71
67
64
51
51
50
47
57
106
50
45
44
43
43
43
42
43
42
34
74
127
51
37
40
40
40
40
42
43
42
41
115
127
78
39
43
43
43
43
44
44
40
60
127
127
111
39
43
43
44
44
44
43
37
99
127
127
127
47
40
43
45
44
43
41
49
127
127
127
127
68
37
42
43
43
43
40
84
127
127
127
127
97
39
42
42
43
43
40
121
127
127
127
127
120
42
42
42
44
97
95
95
95
95
97
99
103
107
111
115
118
102
99
99
98
99
101
103
107
111
115
119
122
109
106
105
104
105
107
110
113
117
121
126
127
116
114
113
113
113
115
118
121
125
127
127
127
127
124
122
121
122
124
127
127
127
127
127
127
127
127
127
127
127
127
127
127
127
127
127
125
112
119
126
127
127
127
127
127
127
116
104
96
81
84
90
100
116
127
115
94
79
71
66
64
50
49
47
47
48
51
47
43
43
42
41
41
40
40
38
37
34
31
35
37
37
37
38
38
39
40
40
40
35
30
37
40
40
40
40
40
40
40
40
40
33
32
37
40
40
40
41
40
40
40
41
37
32
32
33
40
40
40
40
40
40
40
40
34
32
32
33
39
40
39
40
39
40
40
37
32
32
32
32
37
41
40
40
40
40
41
36
32
32
32
31
36
42
40
40
41
127
127
127
127
127
127
127
127
127
127
127
127
127
127
127
127
127
127
127
127
127
127
127
127
127
127
127
127
127
127
127
127
127
127
127
127
127
127
127
127
127
127
127
127
127
127
127
127
127
127
127
127
127
127
127
127
127
127
127
127
127
127
127
127
127
127
127
127
127
127
127
127
113
127
127
127
127
127
127
127
127
123
105
93
78
82
89
105
127
127
126
98
79
69
65
64
50
49
47
47
49
54
47
43
42
42
42
42
40
40
39
37
34
30
35
37
38
39
39
40
40
40
40
41
36
30
38
41
41
40
41
42
41
42
41
41
34
32
37
41
41
41
42
42
42
41
42
37
32
32
34
41
40
40
42
41
41
41
40
34
32
32
33
40
41
40
40
40
40
41
38
32
32
32
32
37
41
40
40
40
41
42
36
32
32
32
31
36
42
41
40
42
