86
84
83
82
83
85
86
91
95
97
101
104
90
88
86
86
86
89
91
94
98
102
106
109
96
94
92
92
92
95
98
100
104
109
113
116
104
103
100
100
100
103
105
109
113
116
120
123
113
111
110
109
110
112
113
117
121
127
127
127
123
123
124
123
123
124
127
127
127
127
127
121
112
116
120
123
127
127
127
127
121
113
103
96
81
85
91
99
110
127
111
92
80
71
67
64
51
50
50
46
64
103
50
46
44
43
43
43
43
42
40
35
101
127
40
40
40
41
40
40
41
43
38
62
127
127
44
42
43
43
43
43
42
43
43
113
127
127
50
41
43
43
43
43
41
37
76
127
127
127
59
40
43
43
43
43
40
53
127
127
127
127
70
40
42
43
43
43
44
96
127
127
127
127
82
38
42
43
43
42
51
127
127
127
127
127
92
37
43
43
43
43
99
96
94
95
96
98
101
103
107
112
116
119
103
100
99
99
99
102
105
107
111
116
120
123
109
106
106
105
106
108
111
113
117
122
126
127
117
115
113
113
113
116
118
122
126
127
127
127
127
124
123
122
122
124
127
127
127
127
127
127
127
127
127
127
127
127
127
127
127
127
127
123
113
119
126
127
127
127
127
127
127
116
104
94
80
84
90
100
116
127
116
94
79
71
66
64
50
49
47
47
47
52
47
43
42
42
41
41
40
39
38
37
33
32
37
37
37
37
38
38
38
39
40
39
33
31
40
40
40
40
40
40
39
41
41
36
32
33
40
40
40
40
40
40
39
40
39
32
32
32
40
40
40
40
41
40
41
40
34
32
32
32
38
41
39
40
41
40
41
37
32
32
32
32
37
41
40
40
41
40
40
34
32
32
32
32
37
40
40
41
40
40
127
127
127
127
127
127
127
127
127
127
127
127
127
127
127
127
127
127
127
127
127
127
127
127
127
127
127
127
127
127
127
127
127
127
127
127
127
127
127
127
127
127
127
127
127
127
127
127
127
127
127
127
127
127
127
127
127
127
127
127
127
127
127
127
127
127
127
127
127
127
127
127
114
127
127
127
127
127
127
127
127
122
104
92
78
82
89
104
127
127
127
98
78
68
64
63
50
49
47
47
48
54
48
43
42
42
42
42
40
40
39
38
33
31
37
37
38
39
39
39
39
40
41
39
33
31
40
41
41
41
40
40
40
42
42
36
32
33
40
40
41
41
41
41
39
41
40
32
32
32
40
41
40
41
42
41
41
41
35
32
32
32
39
42
40
40
42
40
42
38
32
32
32
32
37
42
40
41
42
40
40
34
32
32
32
32
37
41
41
42
41
41
