85
82
81
81
81
83
86
89
92
97
101
104
89
86
85
85
85
87
89
92
96
101
105
108
95
92
91
91
91
93
96
99
103
107
111
114
103
101
99
99
99
101
103
106
110
115
119
122
114
110
108
107
107
110
112
116
120
124
127
127
122
123
123
122
123
123
125
127
127
127
127
124
110
113
117
121
126
127
127
127
124
116
107
99
79
82
88
95
103
122
122
99
85
75
68
64
52
50
50
48
43
100
71
44
44
44
43
43
43
41
41
34
64
127
64
37
40
40
41
40
43
41
39
47
118
127
70
40
43
43
43
43
43
41
39
85
127
127
77
39
43
43
43
43
43
37
55
127
127
127
85
40
43
43
43
43
40
43
114
127
127
127
91
37
43
43
42
43
43
83
127
127
127
127
98
37
43
43
42
43
47
127
127
127
127
127
104
37
43
43
43
43
96
94
93
93
93
96
98
102
106
110
114
116
101
99
97
97
97
99
102
106
110
114
118
121
108
106
103
103
103
106
108
112
116
120
124
127
116
113
112
111
111
113
116
120
124
127
127
127
127
124
121
120
120
123
125
127
127
127
127
127
127
127
127
127
127
127
127
127
127
127
127
127
110
116
122
127
127
127
127
127
127
121
109
98
80
82
87
95
106
126
127
103
86
74
68
64
50
49
47
47
47
50
51
43
42
42
41
41
40
39
39
38
35
31
36
36
37
38
38
38
40
39
40
39
35
30
37
40
40
40
40
40
40
40
40
37
33
32
38
40
40
40
40
40
40
40
39
34
32
32
38
41
40
40
40
40
40
40
35
32
32
32
37
40
40
40
40
40
40
37
33
32
32
32
36
40
40
40
39
40
41
35
32
32
32
32
36
41
40
40
40
40
127
127
127
127
127
127
127
127
127
127
127
127
127
127
127
127
127
127
127
127
127
127
127
127
127
127
127
127
127
127
127
127
127
127
127
127
127
127
127
127
127
127
127
127
127
127
127
127
127
127
127
127
127
127
127
127
127
127
127
127
127
127
127
127
127
127
127
127
127
127
127
127
108
120
127
127
127
127
127
127
127
127
112
97
78
80
85
96
115
127
127
110
86
71
67
64
50
49
48
47
47
51
54
44
43
41
42
42
41
40
40
39
35
30
36
37
38
39
39
39
40
40
40
41
36
30
38
41
41
41
40
40
41
40
41
39
33
32
39
41
40
40
41
40
40
41
40
34
32
32
39
42
41
40
40
41
41
40
35
32
32
32
38
41
40
40
40
41
41
38
33
32
32
32
37
41
40
40
40
41
42
35
32
32
32
32
37
42
41
40
40
41
