84
82
82
81
82
83
85
89
92
97
101
104
89
86
85
85
85
87
89
92
96
101
105
108
96
93
91
91
91
93
95
99
103
107
111
114
103
101
99
99
99
100
103
106
110
115
119
122
116
112
109
108
107
110
113
115
119
123
127
127
120
122
123
122
123
123
125
127
127
127
127
127
106
111
116
119
124
127
127
127
127
120
113
105
78
81
85
92
100
115
127
105
91
78
71
67
53
51
50
50
49
55
107
52
43
44
43
43
43
43
42
41
40
44
127
87
33
40
41
40
42
41
43
43
42
50
127
127
57
39
44
43
43
42
43
44
42
58
127
127
103
40
43
43
43
41
43
44
40
65
127
127
127
68
36
43
43
41
43
43
40
75
127
127
127
127
48
40
43
43
45
44
39
86
127
127
127
127
92
42
43
44
47
45
39
96
127
127
127
127
127
49
96
94
93
93
93
96
98
102
106
110
114
116
101
99
97
97
97
99
102
106
110
114
118
121
108
106
103
103
103
106
108
112
116
120
124
127
116
114
112
111
111
113
116
120
123
127
127
127
127
125
122
120
120
123
125
127
127
127
127
127
123
127
127
127
127
127
127
127
127
127
127
127
106
112
119
126
127
127
127
127
127
127
115
104
78
81
85
92
102
120
127
111
92
78
70
66
51
50
48
47
46
50
51
46
43
41
41
41
41
40
39
38
37
37
31
33
37
37
37
38
40
39
40
40
40
39
31
33
40
41
40
40
40
40
41
41
40
40
33
32
36
41
40
40
40
39
40
40
40
39
32
32
32
37
40
40
40
39
40
40
41
38
32
32
32
34
40
40
40
40
41
40
41
37
32
32
32
32
37
40
40
41
42
41
41
37
32
32
32
32
33
39
127
127
127
127
127
127
127
127
127
127
127
127
127
127
127
127
127
127
127
127
127
127
127
127
127
127
127
127
127
127
127
127
127
127
127
127
127
127
127
127
127
127
127
127
127
127
127
127
127
127
127
127
127
127
127
127
127
127
127
127
127
127
127
127
127
127
127
127
127
127
127
127
103
113
127
127
127
127
127
127
127
127
122
105
78
78
82
90
106
127
127
120
95
77
69
65
52
50
48
47
47
52
54
47
43
42
42
42
42
40
40
39
37
37
31
33
37
38
39
39
40
40
40
40
41
40
31
33
40
42
40
40
41
40
42
42
42
40
33
32
37
42
41
41
41
40
40
41
41
39
32
32
33
38
40
41
41
40
40
41
42
38
32
32
32
34
40
41
41
41
42
41
42
38
32
32
32
32
37
40
40
42
43
42
43
37
32
32
32
32
33
40
