85
82
82
81
82
84
85
89
93
97
101
103
89
86
85
85
85
87
89
93
97
101
105
108
95
92
91
91
91
93
96
99
103
107
111
115
103
101
99
99
99
101
103
107
111
116
120
123
115
111
109
108
108
110
113
116
120
124
127
127
120
123
123
123
123
123
126
127
127
127
127
127
108
113
117
120
126
127
127
127
125
118
110
102
79
82
87
94
104
123
122
99
87
75
69
66
53
51
50
50
47
70
101
42
43
44
43
43
43
42
41
42
38
54
127
76
33
40
41
41
43
41
42
43
42
51
127
127
60
38
43
43
43
43
43
43
43
48
127
127
115
44
41
43
42
43
42
43
44
46
127
127
127
97
37
40
43
43
43
42
43
44
127
127
127
127
79
37
43
43
43
42
43
43
127
127
127
127
127
67
42
44
43
42
45
44
127
127
127
127
127
110
96
94
92
93
94
96
99
101
105
110
113
118
101
99
97
97
98
100
103
106
110
114
118
122
109
106
104
103
104
106
109
113
116
121
125
127
116
114
112
112
112
114
116
120
124
127
127
127
127
125
122
120
120
123
125
127
127
127
127
127
124
127
127
127
127
127
127
127
127
127
127
127
107
113
121
127
127
127
127
127
127
123
112
102
78
81
85
94
107
127
125
103
87
75
69
65
51
49
47
47
47
52
49
44
42
42
41
41
41
40
38
38
37
36
30
33
37
38
38
38
40
39
39
40
40
38
31
33
39
40
40
40
40
40
40
40
41
40
33
32
35
40
40
40
40
40
39
39
40
40
33
32
32
37
40
39
40
40
40
40
40
40
34
32
32
33
38
40
40
40
40
40
40
41
34
32
32
32
34
39
39
41
40
40
42
42
34
32
32
32
32
37
127
127
127
127
127
127
127
127
127
127
127
127
127
127
127
127
127
127
127
127
127
127
127
127
127
127
127
127
127
127
127
127
127
127
127
127
127
127
127
127
127
127
127
127
127
127
127
127
127
127
127
127
127
127
127
127
127
127
127
127
127
127
127
127
127
127
127
127
127
127
127
127
106
117
127
127
127
127
127
127
127
127
116
101
78
80
84
95
115
127
127
110
88
73
67
65
51
50
48
47
47
54
50
44
43
42
42
42
41
40
39
39
37
36
30
33
38
39
39
39
40
40
40
41
41
39
32
34
40
41
40
41
41
40
40
41
42
41
33
32
35
40
41
41
40
41
40
40
42
41
34
32
32
37
40
39
40
40
40
40
40
41
34
32
32
33
39
40
40
40
40
40
41
42
34
32
32
32
35
40
40
42
41
40
43
43
34
32
32
32
32
37
