85
83
82
82
82
85
87
89
93
96
100
105
89
87
85
85
85
88
91
93
97
101
105
109
96
93
92
92
92
94
97
99
103
108
112
115
103
101
99
99
99
102
104
108
112
116
120
123
114
110
109
108
108
110
113
116
120
125
127
127
121
123
123
123
123
123
127
127
127
127
127
125
109
113
118
122
127
127
127
127
123
116
107
99
79
82
89
96
107
127
115
96
84
75
68
64
52
50
49
50
46
92
81
40
45
44
43
43
43
42
41
42
35
95
127
46
36
40
41
41
43
42
42
43
37
103
127
94
40
41
43
43
44
43
42
43
38
108
127
127
63
40
43
43
44
43
43
43
38
116
127
127
127
43
42
44
43
42
43
43
38
122
127
127
127
92
39
43
43
43
43
42
39
127
127
127
127
127
66
41
43
43
43
41
41
127
127
127
127
127
105
40
98
96
94
94
95
97
98
103
106
111
115
118
102
99
98
98
98
100
103
106
110
115
119
122
108
106
104
104
104
106
110
113
116
121
125
127
116
114
113
112
113
115
117
121
125
127
127
127
127
124
122
121
121
123
126
127
127
127
127
127
127
127
127
127
127
127
127
127
127
127
127
127
109
116
123
127
127
127
127
127
127
120
109
99
80
82
88
97
111
127
120
99
84
73
68
64
50
49
47
47
47
53
47
43
42
42
41
41
40
40
38
37
37
34
30
36
37
37
38
38
39
40
39
40
40
35
31
37
40
40
40
40
40
40
39
40
41
37
32
33
39
40
40
40
41
40
40
40
40
36
32
32
35
40
41
40
40
40
41
40
40
35
32
32
33
37
41
40
40
40
40
40
39
34
32
32
32
33
39
40
40
40
40
40
40
34
32
32
32
32
37
40
127
127
127
127
127
127
127
127
127
127
127
127
127
127
127
127
127
127
127
127
127
127
127
127
127
127
127
127
127
127
127
127
127
127
127
127
127
127
127
127
127
127
127
127
127
127
127
127
127
127
127
127
127
127
127
127
127
127
127
127
127
127
127
127
127
127
127
127
127
127
127
127
108
121
127
127
127
127
127
127
127
127
112
97
78
80
85
99
121
127
127
105
83
71
67
64
51
49
47
47
48
55
49
44
43
42
42
42
41
40
39
38
37
33
30
36
38
38
40
40
40
40
40
40
41
35
30
37
41
40
41
41
42
41
40
40
42
37
32
33
40
41
40
41
42
40
41
41
41
37
32
32
36
41
42
41
41
40
42
41
40
35
32
32
33
38
42
42
40
40
41
41
40
34
32
32
32
34
40
42
41
41
40
40
40
34
32
32
32
32
37
41
