85
83
82
82
82
85
86
90
94
98
102
105
89
87
85
85
85
88
90
94
98
102
106
109
96
93
92
92
92
94
96
100
104
108
112
115
103
102
99
99
99
102
104
108
112
116
120
123
114
111
109
108
109
111
113
116
120
125
127
127
122
123
123
123
123
123
127
127
127
127
127
123
110
115
118
122
127
127
127
127
123
115
106
98
80
83
89
96
108
127
113
96
82
73
68
64
52
50
50
49
47
101
68
41
45
43
43
43
42
42
42
40
35
118
111
37
39
40
40
40
41
43
43
42
42
127
127
68
38
43
43
43
43
43
43
41
51
127
127
120
43
42
44
42
45
46
45
40
62
127
127
127
78
36
43
43
44
44
44
38
75
127
127
127
127
48
41
43
43
43
43
37
89
127
127
127
127
92
43
43
43
44
43
37
99
127
127
127
127
127
47
43
98
95
94
94
95
97
100
102
106
111
115
118
102
99
98
98
99
101
103
106
110
115
119
122
108
106
104
104
105
107
110
113
117
121
125
127
116
114
113
112
113
115
117
121
125
127
127
127
127
125
122
121
121
123
127
127
127
127
127
127
127
127
127
127
127
127
127
127
127
127
127
127
110
116
123
127
127
127
127
127
127
119
107
98
79
82
89
98
113
127
118
97
82
72
67
64
50
49
47
47
48
52
47
43
42
42
41
41
40
39
38
37
37
32
32
37
37
37
38
38
39
39
40
40
40
32
32
39
40
40
40
40
40
40
41
40
40
33
31
35
41
40
40
40
40
41
40
40
40
33
32
32
37
40
40
40
40
40
40
40
39
33
32
32
34
40
40
40
40
40
40
40
37
33
32
32
32
37
40
40
40
40
41
40
37
32
32
32
32
34
40
40
127
127
127
127
127
127
127
127
127
127
127
127
127
127
127
127
127
127
127
127
127
127
127
127
127
127
127
127
127
127
127
127
127
127
127
127
127
127
127
127
127
127
127
127
127
127
127
127
127
127
127
127
127
127
127
127
127
127
127
127
127
127
127
127
127
127
127
127
127
127
127
127
110
123
127
127
127
127
127
127
127
127
110
96
79
81
87
101
124
127
127
103
82
70
66
64
50
49
47
47
50
54
48
43
43
42
42
42
40
40
39
37
37
32
31
37
38
38
39
39
40
40
40
40
40
32
32
39
41
40
40
40
41
41
41
41
41
33
31
35
41
41
41
40
42
43
42
42
40
33
32
32
38
40
41
41
41
41
41
41
39
33
32
32
34
40
41
41
41
40
41
41
37
33
32
32
32
37
41
41
40
41
41
41
37
32
32
32
32
35
40
41
