85
83
82
82
82
85
86
90
94
98
102
105
89
87
85
85
85
88
90
94
98
102
106
109
96
93
92
92
92
94
96
100
104
108
112
115
104
102
99
99
99
102
104
108
112
116
120
123
113
111
109
109
109
111
113
117
121
126
127
127
122
123
123
123
123
123
127
127
127
127
127
123
111
115
119
123
127
127
127
127
121
114
105
97
81
84
91
99
110
127
111
94
81
72
68
64
52
51
49
48
51
108
55
44
44
43
43
43
43
42
42
37
54
127
74
34
41
41
40
40
42
42
43
37
81
127
116
40
43
43
43
43
43
43
43
40
114
127
127
56
40
43
43
43
42
43
41
52
127
127
127
92
37
42
43
43
41
43
41
76
127
127
127
127
47
41
43
43
41
42
43
110
127
127
127
127
75
41
43
43
41
41
44
127
127
127
127
127
104
42
43
43
97
95
95
94
95
97
99
103
107
111
115
118
102
99
99
98
99
101
103
107
111
115
119
122
109
106
105
104
105
107
110
113
117
121
126
127
116
114
113
113
113
115
117
121
125
127
127
127
127
124
122
121
122
124
127
127
127
127
127
127
127
127
127
127
127
127
127
127
127
127
127
126
111
118
124
127
127
127
127
127
127
117
106
96
80
83
89
99
115
127
116
95
80
71
67
64
50
49
47
47
48
51
47
43
42
42
41
41
40
39
38
37
36
31
34
37
37
38
38
38
39
39
40
40
37
30
35
40
40
40
40
40
40
40
40
40
37
31
33
39
40
40
40
40
40
40
41
40
33
32
32
37
40
40
40
40
40
40
41
39
33
32
32
34
40
40
40
40
40
40
41
36
32
32
32
33
39
41
40
40
39
39
41
34
32
32
32
32
37
42
41
41
127
127
127
127
127
127
127
127
127
127
127
127
127
127
127
127
127
127
127
127
127
127
127
127
127
127
127
127
127
127
127
127
127
127
127
127
127
127
127
127
127
127
127
127
127
127
127
127
127
127
127
127
127
127
127
127
127
127
127
127
127
127
127
127
127
127
127
127
127
127
127
127
112
126
127
127
127
127
127
127
127
125
106
94
78
82
88
103
127
127
127
99
80
68
65
64
50
49
47
47
50
54
48
43
42
42
42
42
40
40
39
38
36
30
33
37
38
39
39
39
40
40
40
41
38
30
35
41
41
41
40
40
40
40
41
41
37
31
33
40
40
41
40
41
40
41
42
41
33
31
32
37
41
40
40
41
40
40
43
40
33
32
31
35
42
41
40
40
40
40
43
37
32
32
31
33
40
43
40
40
40
40
42
34
32
32
32
32
37
43
42
42
