85
82
81
81
81
83
86
89
92
97
101
104
89
86
85
84
85
87
89
92
96
101
105
108
95
92
91
90
91
93
95
99
103
107
111
114
103
101
99
98
99
100
103
106
110
115
119
122
115
110
108
107
107
110
112
116
120
124
127
127
121
122
123
123
123
123
125
127
127
127
127
126
109
113
117
120
126
127
127
127
125
118
109
100
79
82
87
94
103
120
123
101
87
75
69
65
53
50
50
50
45
82
90
42
45
44
43
43
43
42
42
41
35
110
120
37
39
40
40
41
41
42
43
40
50
127
127
56
40
43
43
43
42
43
43
37
80
127
127
85
38
43
44
44
43
44
42
40
117
127
127
121
40
40
44
43
44
44
40
57
127
127
127
127
57
39
43
43
45
44
40
90
127
127
127
127
89
38
42
43
46
43
41
120
127
127
127
127
119
38
42
44
97
95
93
93
93
96
98
102
106
110
114
116
101
99
97
97
97
99
102
106
110
114
118
121
107
105
103
103
103
106
108
112
116
120
124
127
116
113
112
111
111
113
116
120
123
127
127
127
127
124
121
120
120
123
126
127
127
127
127
127
126
127
127
127
127
127
127
127
127
127
127
127
108
114
121
127
127
127
127
127
127
123
111
100
79
82
86
94
106
125
127
104
88
75
68
65
50
50
47
47
47
50
50
45
43
42
41
41
40
40
39
38
37
33
32
37
37
37
38
38
38
39
40
40
40
33
32
40
40
40
40
40
40
40
40
41
39
33
32
38
40
40
41
41
40
41
40
40
36
32
32
35
40
40
40
40
40
41
41
40
33
32
32
33
40
40
40
40
41
41
43
37
32
32
32
32
38
40
40
40
42
41
43
36
31
32
32
32
37
39
40
42
127
127
127
127
127
127
127
127
127
127
127
127
127
127
127
127
127
127
127
127
127
127
127
127
127
127
127
127
127
127
127
127
127
127
127
127
127
127
127
127
127
127
127
127
127
127
127
127
127
127
127
127
127
127
127
127
127
127
127
127
127
127
127
127
127
127
127
127
127
127
127
127
106
118
127
127
127
127
127
127
127
127
115
99
78
80
84
95
113
127
127
112
89
73
67
65
51
49
48
47
47
52
52
44
43
42
42
42
41
40
40
38
37
32
31
36
37
38
39
39
39
40
40
41
40
32
32
40
41
41
41
41
40
40
41
42
39
32
32
38
41
41
42
42
41
42
41
41
36
32
32
35
40
40
41
40
41
42
42
40
33
32
32
33
40
40
40
40
42
42
43
38
32
32
32
32
38
40
40
41
43
42
43
36
31
32
32
31
36
40
40
43
