85
82
81
81
81
83
86
89
92
97
101
104
89
86
85
84
85
87
89
92
96
101
105
108
95
92
91
90
91
93
95
99
103
107
111
114
103
101
99
98
98
100
103
106
110
115
119
122
115
111
108
107
107
110
112
116
120
124
127
127
121
123
122
123
123
123
125
127
127
127
127
127
107
113
116
120
125
127
127
127
125
119
111
102
78
82
86
93
103
120
124
101
88
76
70
66
53
51
50
50
47
70
101
42
45
44
43
43
43
43
41
41
37
73
127
55
35
40
41
40
42
43
42
43
37
92
127
102
40
42
43
43
43
43
43
43
37
112
127
127
60
40
43
43
43
43
43
42
40
127
127
127
111
37
43
43
44
43
43
40
50
127
127
127
127
67
40
43
45
43
43
38
64
127
127
127
127
116
47
42
44
44
43
37
75
127
127
127
127
127
64
40
97
95
93
93
93
96
98
102
106
110
114
116
101
99
97
97
97
99
102
106
110
114
118
121
107
105
103
103
103
106
108
112
116
120
124
127
116
113
112
111
111
113
116
120
123
127
127
127
127
124
121
120
120
123
126
127
127
127
127
127
124
127
127
127
127
127
127
127
127
127
127
127
107
113
121
127
127
127
127
127
127
123
113
102
78
81
85
94
106
124
127
106
89
76
69
66
51
49
47
47
47
51
50
44
43
42
41
41
41
40
38
37
37
35
30
35
37
37
38
38
39
40
39
39
40
36
30
37
40
40
40
40
40
40
40
40
40
37
32
33
40
40
40
40
40
40
40
40
39
34
32
32
37
41
40
41
41
40
40
40
40
33
32
32
33
39
42
40
41
42
40
40
39
33
32
32
32
35
41
40
40
42
40
40
38
33
32
32
32
33
39
40
127
127
127
127
127
127
127
127
127
127
127
127
127
127
127
127
127
127
127
127
127
127
127
127
127
127
127
127
127
127
127
127
127
127
127
127
127
127
127
127
127
127
127
127
127
127
127
127
127
127
127
127
127
127
127
127
127
127
127
127
127
127
127
127
127
127
127
127
127
127
127
127
106
116
127
127
127
127
127
127
127
127
117
101
78
79
83
94
112
127
127
113
90
74
67
65
51
50
48
47
47
54
52
45
43
42
42
42
42
41
39
38
37
35
30
35
38
38
39
39
40
40
40
40
41
37
30
37
41
40
41
40
40
41
40
41
41
37
32
34
40
41
40
41
41
40
41
40
40
34
32
32
37
42
42
41
42
41
40
40
40
33
32
32
33
40
42
40
43
43
40
40
40
33
32
32
32
35
41
41
42
43
40
40
39
33
32
32
32
33
40
42
