85
82
82
81
82
84
85
89
93
97
101
103
89
86
85
85
85
87
89
93
97
101
105
108
95
92
91
91
91
93
96
99
103
107
111
115
103
101
99
99
99
101
103
107
111
116
120
123
115
110
109
108
108
110
113
116
120
125
127
127
121
122
123
123
123
123
127
127
127
127
127
126
108
113
117
120
126
127
127
127
125
117
109
100
78
82
88
94
104
124
120
98
86
75
68
65
52
50
50
50
46
83
89
40
45
44
43
43
43
41
41
42
34
92
127
44
37
41
40
40
43
41
42
43
37
113
127
85
38
43
43
43
43
43
43
43
42
127
127
127
50
40
43
43
42
43
42
41
50
127
127
127
96
37
42
41
43
43
42
38
61
127
127
127
127
57
39
42
43
43
43
37
76
127
127
127
127
103
43
42
42
44
44
37
89
127
127
127
127
127
51
40
96
94
94
93
94
96
99
101
105
110
113
118
101
99
98
97
98
100
103
106
110
114
118
122
109
106
104
103
104
106
109
113
116
121
125
127
116
114
112
112
112
114
116
120
124
127
127
127
127
125
122
120
120
123
125
127
127
127
127
127
126
127
127
127
127
127
127
127
127
127
127
127
108
115
122
127
127
127
127
127
127
122
110
99
79
82
86
95
108
127
125
102
86
75
68
65
50
50
47
47
47
51
49
43
42
42
41
41
40
40
38
38
37
34
31
36
37
38
38
38
40
39
39
40
40
34
31
37
40
40
40
40
40
40
40
40
41
35
31
33
40
40
40
40
40
40
39
40
40
33
32
32
37
41
40
39
40
40
40
40
39
33
32
32
33
40
41
40
40
40
40
40
38
33
32
32
32
37
40
40
40
42
40
40
38
33
32
32
32
33
39
40
127
127
127
127
127
127
127
127
127
127
127
127
127
127
127
127
127
127
127
127
127
127
127
127
127
127
127
127
127
127
127
127
127
127
127
127
127
127
127
127
127
127
127
127
127
127
127
127
127
127
127
127
127
127
127
127
127
127
127
127
127
127
127
127
127
127
127
127
127
127
127
127
106
119
127
127
127
127
127
127
127
127
114
99
78
80
84
96
116
127
127
109
86
72
67
65
51
50
48
47
47
54
50
44
43
42
42
42
41
40
39
39
37
34
30
36
38
39
39
39
40
40
40
41
42
35
31
38
41
41
41
41
41
40
40
41
43
36
31
33
40
40
40
41
40
41
40
40
41
33
32
32
38
42
41
40
40
40
40
40
40
33
32
32
34
41
42
40
40
40
40
40
39
33
32
32
32
37
41
41
40
42
41
41
39
32
32
32
32
33
40
40
