85
83
82
82
82
84
86
89
93
96
100
105
89
87
85
85
85
88
90
93
97
101
105
109
96
93
92
92
92
94
96
99
103
108
112
115
103
101
99
99
99
102
104
107
111
116
120
123
114
110
109
108
108
110
113
116
120
125
127
127
123
123
123
123
123
123
127
127
127
127
127
123
110
115
118
122
127
127
127
127
123
115
106
98
80
83
89
96
106
127
114
96
83
74
67
64
52
50
50
48
47
105
63
43
45
44
43
42
43
41
42
38
48
127
82
33
40
41
41
40
42
41
43
38
77
127
120
40
42
43
43
43
42
42
43
41
115
127
127
55
40
43
43
43
43
42
40
54
127
127
127
87
37
43
42
43
43
42
37
85
127
127
127
122
43
43
43
42
43
41
41
126
127
127
127
127
61
41
45
43
43
40
50
127
127
127
127
127
81
39
46
45
98
96
94
94
95
97
98
103
106
111
115
118
102
99
98
98
98
100
103
106
110
115
119
122
108
106
104
104
104
106
110
113
116
121
125
127
116
114
113
112
113
115
117
121
125
127
127
127
127
124
122
121
121
123
126
127
127
127
127
127
127
127
127
127
127
127
127
127
127
127
127
127
110
116
123
127
127
127
127
127
127
119
107
97
79
82
89
98
111
127
120
98
82
72
67
64
50
49
47
47
47
51
49
43
42
42
41
41
40
39
38
38
36
31
33
37
37
38
38
38
39
39
40
40
37
30
34
40
40
40
40
40
39
40
40
40
37
31
33
40
40
40
40
40
40
40
40
40
33
32
32
38
41
40
40
40
40
40
40
38
33
32
32
36
40
40
40
39
41
40
39
35
32
32
32
33
39
41
41
40
40
39
38
33
32
32
32
32
38
40
40
41
127
127
127
127
127
127
127
127
127
127
127
127
127
127
127
127
127
127
127
127
127
127
127
127
127
127
127
127
127
127
127
127
127
127
127
127
127
127
127
127
127
127
127
127
127
127
127
127
127
127
127
127
127
127
127
127
127
127
127
127
127
127
127
127
127
127
127
127
127
127
127
127
111
123
127
127
127
127
127
127
127
127
109
95
78
81
87
100
122
127
127
103
82
70
66
64
50
49
47
47
49
54
50
43
43
42
42
42
41
40
39
38
36
30
33
37
37
39
40
39
40
40
40
41
38
30
35
41
40
41
41
40
40
40
41
41
37
31
33
40
40
40
41
41
40
40
41
41
33
32
32
38
42
40
40
40
41
40
40
39
33
32
32
36
41
42
41
40
41
40
40
36
32
32
32
33
40
42
43
40
40
40
39
33
32
32
32
32
39
41
43
43
