85
83
82
82
82
84
86
89
93
96
100
105
89
87
85
85
85
88
90
93
97
101
105
109
96
93
92
91
92
94
96
99
103
108
112
115
103
101
99
99
99
102
104
107
111
116
120
123
114
110
109
108
108
110
113
116
120
125
127
127
123
123
123
123
123
123
127
127
127
127
127
123
110
114
118
122
127
127
127
127
123
115
106
98
80
83
89
96
106
127
115
96
83
74
68
64
52
50
49
49
47
105
62
45
45
44
43
42
43
43
41
37
50
127
78
35
40
40
41
40
42
43
43
37
84
127
113
39
43
43
43
43
43
43
43
43
125
127
127
49
41
43
43
43
45
45
40
64
127
127
127
72
38
43
43
43
44
43
38
105
127
127
127
103
39
43
43
45
43
41
51
127
127
127
127
127
48
41
43
44
43
40
71
127
127
127
127
127
61
40
43
42
96
96
94
94
94
96
99
103
106
111
115
118
101
99
98
98
98
100
103
106
110
115
119
122
109
106
104
104
104
106
109
113
116
121
125
127
116
114
113
112
113
115
117
121
125
127
127
127
127
124
122
121
121
123
126
127
127
127
127
127
127
127
127
127
127
127
127
127
127
127
127
127
110
116
123
127
127
127
127
127
127
119
107
97
79
82
89
98
111
127
120
98
82
72
67
64
50
49
47
47
47
51
49
43
42
42
41
41
40
40
38
37
36
31
34
37
37
37
38
38
39
40
40
40
37
30
35
40
40
40
40
40
40
40
40
40
35
31
34
40
40
40
40
40
41
40
41
39
33
32
33
38
40
40
40
41
40
40
41
37
32
32
32
35
40
40
40
42
40
40
40
33
32
32
32
33
40
40
40
41
40
40
39
32
32
32
32
33
40
41
40
40
127
127
127
127
127
127
127
127
127
127
127
127
127
127
127
127
127
127
127
127
127
127
127
127
127
127
127
127
127
127
127
127
127
127
127
127
127
127
127
127
127
127
127
127
127
127
127
127
127
127
127
127
127
127
127
127
127
127
127
127
127
127
127
127
127
127
127
127
127
127
127
127
111
123
127
127
127
127
127
127
127
127
110
95
78
81
87
100
121
127
127
103
82
70
66
64
50
49
47
47
48
54
50
43
43
42
42
42
40
40
39
37
36
30
34
37
37
38
39
40
40
40
40
41
37
30
36
41
40
40
40
41
41
41
41
42
35
31
34
41
41
41
40
41
42
42
42
40
33
32
33
39
41
41
40
42
41
41
42
37
32
32
32
36
40
41
41
43
41
40
40
33
32
32
32
34
40
41
41
42
40
41
39
32
32
32
32
33
40
42
40
40
