86
84
82
82
83
85
88
90
94
97
101
104
90
88
86
86
86
89
92
94
98
102
106
109
96
94
92
92
92
95
98
100
104
109
113
116
104
103
100
100
100
103
106
108
112
116
120
123
114
111
110
109
109
111
113
117
121
126
127
127
123
123
124
123
123
123
127
127
127
127
127
123
110
115
119
123
127
127
127
127
123
115
106
97
80
83
89
97
106
126
116
96
83
73
68
64
52
50
50
48
50
107
57
45
44
43
43
42
42
43
41
33
74
127
52
38
40
40
41
40
41
43
40
47
127
127
63
41
43
43
43
43
43
43
39
86
127
127
75
40
44
43
43
43
45
41
53
127
127
127
88
37
43
43
43
43
43
42
106
127
127
127
103
36
42
43
43
44
41
71
127
127
127
127
118
37
42
43
43
44
41
110
127
127
127
127
127
40
43
43
43
43
98
96
95
95
96
98
100
103
107
112
116
119
103
100
99
99
99
102
104
107
111
116
120
123
110
107
105
105
106
108
110
114
117
122
126
127
117
115
113
113
113
116
118
122
126
127
127
127
127
125
123
122
122
124
127
127
127
127
127
127
127
127
127
127
127
127
127
127
127
127
127
127
111
117
124
127
127
127
127
127
127
118
106
97
80
83
88
97
110
127
121
99
82
71
67
64
50
49
47
47
47
51
49
43
42
42
41
41
40
40
38
37
34
31
37
37
37
37
38
38
39
40
40
39
33
30
38
40
40
40
40
40
40
40
40
37
33
32
38
40
40
40
40
40
41
41
40
34
32
32
37
40
40
41
40
40
41
40
37
32
32
32
36
40
39
40
40
41
41
38
33
32
32
32
36
40
40
40
40
41
41
36
32
32
32
32
35
40
41
40
40
40
127
127
127
127
127
127
127
127
127
127
127
127
127
127
127
127
127
127
127
127
127
127
127
127
127
127
127
127
127
127
127
127
127
127
127
127
127
127
127
127
127
127
127
127
127
127
127
127
127
127
127
127
127
127
127
127
127
127
127
127
127
127
127
127
127
127
127
127
127
127
127
127
111
123
127
127
127
127
127
127
127
127
108
95
78
81
87
100
120
127
127
104
82
70
66
64
50
49
47
47
48
54
50
43
43
42
42
42
40
40
39
38
33
30
36
37
37
38
39
39
40
40
40
40
34
30
39
41
41
40
40
40
41
41
41
38
33
32
39
41
41
41
41
40
42
42
40
34
32
32
37
41
40
42
41
41
42
41
37
32
32
32
37
40
40
41
41
42
42
39
33
32
32
32
36
40
40
40
41
42
42
37
32
32
32
32
35
41
42
41
41
41
