97
93
89
84
80
78
75
75
75
76
78
82
101
97
92
87
83
81
78
78
79
81
83
87
107
103
99
93
89
86
85
85
85
88
91
95
115
110
106
101
97
94
92
92
94
96
100
103
124
120
115
110
106
104
103
102
104
108
112
117
123
127
127
126
122
117
116
120
122
123
123
120
104
111
117
122
125
127
123
121
116
113
107
100
73
76
83
92
103
122
115
95
85
76
70
65
48
48
48
48
46
82
90
40
45
44
43
43
43
41
41
40
36
80
127
54
35
41
40
41
43
42
43
43
38
88
127
106
43
41
43
43
43
43
43
43
38
93
127
127
71
40
43
43
41
44
44
43
37
101
127
127
127
48
42
43
43
44
43
43
37
109
127
127
127
103
42
43
45
44
43
43
37
116
127
127
127
127
73
43
46
43
43
43
38
120
127
127
127
127
115
43
110
105
101
96
92
88
87
86
87
88
90
94
114
110
105
100
96
92
91
90
91
93
96
99
120
116
111
106
102
99
97
96
98
100
103
107
127
124
119
114
110
106
106
105
107
109
113
116
127
127
127
123
119
116
115
114
117
121
126
127
127
127
127
127
127
127
127
127
127
127
127
124
105
113
123
127
127
127
127
127
124
116
108
100
73
76
82
92
106
126
119
99
85
75
68
65
47
47
46
45
47
52
48
43
42
42
42
42
40
39
38
37
37
35
30
36
37
37
38
38
40
39
40
40
40
37
30
37
40
40
40
40
40
40
40
40
41
37
32
33
38
40
40
40
39
41
41
40
41
37
32
32
34
40
41
40
40
41
40
40
41
36
32
32
32
37
41
41
41
40
40
40
41
36
32
32
32
33
38
41
40
40
40
40
40
35
32
32
32
32
35
40
127
127
127
127
127
127
127
127
127
127
127
127
127
127
127
127
127
127
127
127
127
127
127
127
127
127
127
127
127
127
127
127
127
127
127
127
127
127
127
127
127
127
127
127
127
127
127
127
127
127
127
127
127
127
127
127
127
127
127
127
127
127
127
127
127
127
127
127
127
127
127
127
103
117
127
127
127
127
127
127
127
127
113
99
73
75
80
93
116
127
127
105
86
72
68
65
47
47
45
45
47
54
50
44
43
43
42
42
40
40
39
38
37
35
30
36
38
39
39
39
40
40
40
40
41
37
30
37
41
41
40
40
41
41
40
40
42
37
31
33
39
41
41
41
40
42
42
41
42
37
32
32
34
40
42
41
41
42
41
40
42
37
32
32
32
37
42
42
43
42
41
40
42
35
32
32
32
33
39
42
43
41
41
41
41
35
32
32
32
32
35
41
