85
82
81
81
81
83
85
89
92
96
99
104
89
86
85
84
84
86
89
92
96
100
104
108
95
92
91
90
90
92
95
99
103
107
111
114
103
101
99
98
98
100
103
106
110
115
119
122
115
110
108
107
107
110
112
115
119
124
127
127
121
122
122
123
123
123
125
127
127
127
127
127
109
113
116
120
125
127
127
127
126
118
110
101
79
82
87
94
102
118
126
103
88
76
69
65
53
51
50
50
45
79
92
43
44
44
43
43
43
43
42
40
37
113
116
35
40
40
41
40
42
43
43
38
58
127
127
48
41
43
43
43
44
44
43
38
97
127
127
69
39
43
43
43
43
43
42
50
127
127
127
95
38
43
43
43
43
43
39
86
127
127
127
123
42
43
43
44
43
42
47
127
127
127
127
127
54
41
44
44
44
40
61
127
127
127
127
127
68
38
43
43
97
95
93
92
93
96
98
102
106
110
114
117
101
99
97
96
97
99
102
106
110
114
118
121
107
105
103
103
103
106
108
112
116
120
124
127
116
113
112
111
111
113
116
120
123
127
127
127
127
124
121
120
120
122
124
127
127
127
127
127
125
127
127
127
127
127
127
127
127
127
127
127
108
114
121
127
127
127
127
127
127
123
112
101
79
81
85
93
105
123
127
106
89
75
69
65
50
49
47
47
47
50
51
45
43
42
41
41
40
40
39
37
37
33
32
36
37
37
38
38
39
40
40
39
39
33
32
40
40
40
40
40
41
40
40
40
36
32
33
39
41
40
40
40
40
40
41
40
33
32
32
37
40
41
41
40
40
40
42
38
33
32
32
35
40
41
41
41
40
40
40
34
32
32
32
33
39
40
41
41
40
40
38
32
32
32
32
33
38
40
40
40
127
127
127
127
127
127
127
127
127
127
127
127
127
127
127
127
127
127
127
127
127
127
127
127
127
127
127
127
127
127
127
127
127
127
127
127
127
127
127
127
127
127
127
127
127
127
127
127
127
127
127
127
127
127
127
127
127
127
127
127
127
127
127
127
127
127
127
127
127
127
127
127
106
117
127
127
127
127
127
127
127
127
116
100
78
80
83
94
111
127
127
115
91
74
67
64
51
50
48
47
47
51
54
46
43
42
42
42
41
40
40
38
37
32
32
37
37
38
39
39
40
40
40
40
40
33
32
40
41
40
40
40
42
41
41
41
37
32
33
40
42
41
40
40
41
40
43
41
33
32
32
37
41
42
42
41
41
41
43
39
32
32
32
35
40
42
42
42
41
41
41
34
32
32
32
33
40
41
42
42
41
41
39
32
32
32
32
33
39
40
41
41
