85
82
81
80
81
83
85
89
92
96
100
104
89
86
84
84
84
86
89
92
96
100
104
108
95
92
90
90
90
92
95
98
102
106
110
114
103
100
99
98
98
100
103
106
110
115
119
122
116
111
108
107
107
109
111
115
119
123
127
127
120
122
122
122
123
123
123
127
127
127
127
127
107
112
116
119
124
127
127
127
127
120
112
103
78
82
85
92
101
115
127
106
90
78
71
67
53
51
50
50
48
61
106
46
44
44
43
43
43
42
42
41
37
64
127
59
35
41
40
40
41
42
43
43
37
91
127
103
39
43
43
43
42
43
43
43
39
120
127
127
54
40
43
43
42
44
45
43
50
127
127
127
93
37
44
44
42
45
45
40
68
127
127
127
127
48
40
42
42
43
43
38
93
127
127
127
127
86
39
41
42
41
42
40
113
127
127
127
127
127
40
41
96
93
92
92
93
95
97
101
105
109
113
117
100
98
96
96
96
99
101
105
109
113
117
121
107
105
103
103
103
105
107
111
115
120
124
127
116
113
111
110
111
113
116
120
123
127
127
127
127
124
121
120
120
122
124
127
127
127
127
127
123
127
127
127
127
127
127
127
127
127
127
127
106
113
119
127
127
127
127
127
127
126
114
103
78
80
85
92
103
120
127
110
91
77
70
65
51
49
48
47
46
50
51
45
43
41
41
41
40
40
39
38
37
35
30
35
37
37
38
38
38
39
40
40
40
36
30
36
40
40
40
40
39
40
40
40
40
36
32
33
40
40
40
40
39
41
41
41
40
33
32
32
37
40
41
41
39
41
41
40
39
33
32
32
33
39
40
40
39
40
41
40
37
32
32
32
32
37
39
39
40
39
40
41
36
31
32
32
32
36
39
39
127
127
127
127
127
127
127
127
127
127
127
127
127
127
127
127
127
127
127
127
127
127
127
127
127
127
127
127
127
127
127
127
127
127
127
127
127
127
127
127
127
127
127
127
127
127
127
127
127
127
127
127
127
127
127
127
127
127
127
127
127
127
127
127
127
127
127
127
127
127
127
127
104
114
127
127
127
127
127
127
127
127
120
103
78
79
83
92
107
127
127
120
93
76
68
64
52
50
49
47
47
51
53
46
43
42
42
42
42
40
40
39
37
35
30
35
37
38
39
40
40
40
40
40
40
37
30
37
42
41
40
41
40
42
41
41
41
36
31
34
41
41
41
41
40
42
43
42
41
33
32
32
37
41
42
42
40
42
43
41
40
33
32
32
34
40
40
40
40
41
41
41
37
33
32
32
32
37
40
40
40
40
40
42
36
32
32
32
32
36
40
40
