85
82
81
80
81
82
85
88
92
96
100
104
89
86
84
84
84
86
89
92
96
100
104
108
95
92
90
90
90
92
95
98
102
106
110
114
103
100
99
98
98
100
103
106
110
115
119
122
116
111
108
107
107
109
111
115
119
123
127
127
120
121
122
122
123
123
123
127
127
127
127
127
106
111
116
119
123
127
127
127
127
120
112
104
78
81
85
92
100
115
127
105
90
78
71
67
53
51
50
50
49
57
107
50
43
44
43
43
43
43
42
40
39
50
127
77
33
40
40
41
42
43
43
42
40
61
127
127
47
40
43
43
44
44
43
43
38
77
127
127
83
39
43
43
44
43
45
44
36
95
127
127
127
48
41
43
43
43
46
44
37
113
127
127
127
97
40
43
43
43
45
43
43
127
127
127
127
127
63
41
43
43
43
41
47
127
127
127
127
127
95
39
96
95
92
92
92
95
97
101
105
109
113
117
100
99
96
96
96
99
101
105
109
113
117
121
107
105
103
103
103
105
107
111
115
120
124
127
116
113
111
110
110
113
116
120
123
127
127
127
127
124
121
120
120
122
124
127
127
127
127
127
123
127
127
127
127
127
127
127
127
127
127
127
106
112
119
126
127
127
127
127
127
127
115
104
78
81
85
92
102
120
127
111
92
78
70
66
51
50
48
47
46
50
50
46
43
41
41
41
40
40
39
37
37
37
30
33
37
37
38
38
39
40
40
39
40
38
30
34
40
40
40
40
41
40
40
40
40
37
32
33
37
40
40
40
40
40
41
40
40
36
32
32
34
40
41
40
40
40
42
41
40
35
32
32
32
37
41
40
40
40
41
41
40
34
32
32
32
34
40
41
40
41
40
41
40
33
32
32
32
32
37
41
127
127
127
127
127
127
127
127
127
127
127
127
127
127
127
127
127
127
127
127
127
127
127
127
127
127
127
127
127
127
127
127
127
127
127
127
127
127
127
127
127
127
127
127
127
127
127
127
127
127
127
127
127
127
127
127
127
127
127
127
127
127
127
127
127
127
127
127
127
127
127
127
103
114
127
127
127
127
127
127
127
127
122
105
78
79
82
91
106
127
127
120
95
77
69
65
52
50
48
47
47
51
54
47
43
42
42
42
41
41
40
38
37
37
30
33
37
38
39
40
40
40
40
40
40
39
30
34
41
41
40
41
42
42
41
41
40
38
32
33
38
41
40
40
41
41
42
42
40
37
32
32
34
40
42
40
40
41
43
42
41
36
32
32
32
37
42
41
40
41
43
42
41
34
32
32
32
34
40
42
41
42
41
42
40
33
32
32
32
32
38
42
