84
83
81
81
82
83
85
89
92
97
101
103
89
87
85
85
85
87
89
92
96
101
105
108
96
93
91
91
91
93
95
99
103
107
111
115
103
101
99
99
99
101
103
106
110
115
119
122
116
112
109
107
107
110
112
116
120
124
127
127
120
122
123
122
123
123
124
127
127
127
127
127
106
111
116
119
124
127
127
127
127
120
113
105
78
81
85
92
100
116
127
104
90
78
71
68
54
52
50
50
49
54
104
59
40
44
43
43
44
43
42
41
40
37
112
113
42
36
41
40
43
42
41
43
43
37
110
127
92
43
40
43
44
43
42
43
44
38
92
127
127
71
40
43
43
43
43
42
44
40
82
127
127
127
63
35
42
43
43
41
43
42
71
127
127
127
127
60
42
43
43
41
43
41
61
127
127
127
127
116
43
42
43
41
42
39
54
127
127
127
127
127
96
94
93
93
93
96
98
102
106
110
114
116
101
99
97
97
97
99
102
106
110
114
118
121
108
106
103
103
103
106
108
112
116
120
124
127
116
114
112
111
111
113
116
120
123
127
127
127
127
125
122
120
120
123
126
127
127
127
127
127
123
127
127
127
127
127
127
127
127
127
127
127
105
111
119
126
127
127
127
127
127
127
116
105
78
80
85
92
103
121
127
110
92
78
70
66
51
50
48
47
46
50
51
45
43
41
41
41
40
40
39
38
37
37
33
32
37
38
38
38
39
39
39
40
40
40
34
33
37
40
40
40
40
40
40
40
40
41
37
32
33
37
40
40
40
40
40
40
41
41
39
32
32
33
39
40
40
41
40
39
41
41
39
33
32
32
34
40
40
40
40
39
40
40
39
33
32
32
32
36
40
40
40
39
39
40
39
33
32
32
32
33
127
127
127
127
127
127
127
127
127
127
127
127
127
127
127
127
127
127
127
127
127
127
127
127
127
127
127
127
127
127
127
127
127
127
127
127
127
127
127
127
127
127
127
127
127
127
127
127
127
127
127
127
127
127
127
127
127
127
127
127
127
127
127
127
127
127
127
127
127
127
127
127
103
113
127
127
127
127
127
127
127
127
123
106
77
78
82
91
107
127
127
119
94
77
69
65
52
50
49
48
47
53
54
46
43
42
42
42
42
40
40
39
38
37
32
30
37
39
39
39
40
40
39
40
41
40
34
32
37
41
41
40
42
40
40
41
42
42
37
31
33
39
41
41
40
41
41
40
42
43
40
32
32
33
40
41
40
42
40
40
42
43
40
33
32
32
35
40
40
41
40
40
40
42
40
33
32
32
32
36
40
40
40
40
39
40
40
33
31
32
32
33
