85
82
81
81
81
83
86
89
92
97
101
104
89
86
85
84
84
86
89
92
96
101
105
108
95
92
91
90
90
92
95
99
103
107
111
114
103
101
99
98
98
100
103
106
110
115
119
122
116
111
108
107
107
110
113
115
119
124
127
127
120
121
122
122
123
123
125
127
127
127
127
127
106
111
116
120
125
127
127
127
127
120
112
104
78
81
85
93
102
118
126
103
89
78
71
67
54
51
50
50
49
57
106
54
40
44
43
43
43
42
42
41
40
39
115
110
40
35
41
41
41
42
43
43
43
37
111
127
90
43
40
43
43
44
43
43
43
38
88
127
127
75
41
42
44
45
44
44
43
40
75
127
127
127
69
35
43
44
43
43
43
42
64
127
127
127
127
67
43
43
43
43
43
43
54
127
127
127
127
124
45
43
43
43
43
42
47
127
127
127
127
127
97
95
93
92
93
96
98
102
106
110
114
116
101
99
97
96
97
99
102
106
110
114
118
121
107
105
103
103
103
106
108
112
116
120
124
127
116
113
112
111
111
113
116
120
123
127
127
127
127
124
121
120
120
123
125
127
127
127
127
127
123
127
127
127
127
127
127
127
127
127
127
127
106
112
119
127
127
127
127
127
127
126
115
104
78
81
85
92
104
123
127
107
90
77
70
66
51
50
48
47
46
52
50
43
43
41
41
41
40
40
39
38
37
37
33
31
37
38
37
38
38
39
40
40
40
40
34
33
37
40
40
40
40
40
41
40
40
40
37
32
33
38
41
40
40
41
40
40
41
41
39
32
32
33
39
40
40
40
40
40
40
42
40
33
32
32
34
39
40
40
40
40
40
42
40
34
32
32
32
35
40
40
41
40
40
42
40
34
32
32
32
32
127
127
127
127
127
127
127
127
127
127
127
127
127
127
127
127
127
127
127
127
127
127
127
127
127
127
127
127
127
127
127
127
127
127
127
127
127
127
127
127
127
127
127
127
127
127
127
127
127
127
127
127
127
127
127
127
127
127
127
127
127
127
127
127
127
127
127
127
127
127
127
127
103
114
127
127
127
127
127
127
127
127
120
104
78
79
82
92
109
127
127
116
92
76
68
64
52
50
48
47
47
54
53
44
43
42
42
42
41
40
40
39
37
37
32
31
37
39
39
40
39
40
40
40
40
40
34
33
37
41
41
41
40
42
42
41
42
41
37
32
33
39
42
41
42
43
41
41
42
42
39
32
32
33
40
41
41
42
41
40
41
43
40
33
32
32
35
39
41
41
41
40
40
43
41
34
32
32
32
35
42
41
42
41
41
43
40
34
32
32
32
32
