85
83
81
81
82
83
85
89
92
97
101
103
89
86
85
85
85
87
89
92
96
101
105
108
95
92
91
91
91
93
96
99
103
107
111
115
103
101
99
99
99
101
103
107
111
115
119
122
116
111
108
107
107
110
112
116
120
124
127
127
120
122
122
123
123
123
125
127
127
127
127
127
107
112
116
120
125
127
127
127
126
119
111
103
78
82
86
93
103
120
124
100
88
77
70
66
53
51
50
50
49
61
106
48
42
44
43
43
43
43
41
40
40
42
125
99
37
37
41
41
43
43
42
42
43
39
127
127
82
40
41
43
43
43
43
42
43
40
103
127
127
65
40
42
44
45
43
41
42
39
87
127
127
127
61
37
44
45
43
43
43
39
71
127
127
127
126
60
43
44
43
43
44
40
59
127
127
127
127
116
43
43
41
43
44
41
52
127
127
127
127
127
96
94
93
93
94
96
98
102
106
110
114
118
101
99
97
97
97
99
102
106
110
114
118
122
108
106
103
103
103
106
108
112
116
120
124
127
116
113
112
111
112
114
116
120
124
127
127
127
127
125
121
120
120
123
125
127
127
127
127
127
123
127
127
127
127
127
127
127
127
127
127
127
106
113
120
127
127
127
127
127
127
124
113
103
78
81
85
94
106
125
127
105
89
76
70
65
51
50
48
47
47
52
50
43
43
42
41
41
40
40
39
37
37
37
31
32
37
37
38
38
39
40
39
39
40
40
33
33
37
40
40
40
40
40
40
40
40
41
37
32
33
38
40
40
40
41
40
39
39
40
38
32
32
34
40
41
41
41
40
40
40
41
38
33
32
32
35
40
41
41
40
40
41
41
38
33
32
32
32
36
40
40
39
40
42
41
38
33
32
32
32
32
127
127
127
127
127
127
127
127
127
127
127
127
127
127
127
127
127
127
127
127
127
127
127
127
127
127
127
127
127
127
127
127
127
127
127
127
127
127
127
127
127
127
127
127
127
127
127
127
127
127
127
127
127
127
127
127
127
127
127
127
127
127
127
127
127
127
127
127
127
127
127
127
103
115
127
127
127
127
127
127
127
127
119
103
78
79
83
94
113
127
127
113
90
75
68
64
52
50
48
47
47
54
51
44
43
42
42
42
42
41
39
38
37
37
31
32
37
39
39
39
40
40
40
40
41
40
33
33
37
41
41
40
41
41
41
40
40
42
37
31
33
39
41
40
42
43
41
40
40
41
39
32
32
34
40
42
42
43
41
40
41
42
38
33
32
32
36
40
42
42
40
41
43
42
38
33
32
32
33
36
41
41
39
40
43
42
39
33
32
32
32
32
