85
83
82
82
82
84
86
89
93
96
100
105
89
87
85
85
85
88
90
93
97
101
105
109
96
93
92
91
92
94
96
99
103
108
112
115
103
101
99
99
99
102
104
107
111
116
120
123
115
110
109
108
108
110
113
116
120
125
127
127
122
123
123
123
123
123
127
127
127
127
127
126
109
113
118
122
127
127
127
127
124
117
108
100
78
82
89
96
106
127
116
96
85
75
68
65
52
51
50
49
47
83
89
40
44
44
43
43
43
43
42
40
37
73
127
61
33
40
41
41
43
43
43
43
39
70
127
118
50
38
43
43
43
43
43
43
39
64
127
127
96
40
41
43
43
44
44
43
40
61
127
127
127
76
36
43
43
44
45
43
40
56
127
127
127
127
64
37
43
44
45
43
41
52
127
127
127
127
118
55
42
44
46
43
42
51
127
127
127
127
127
84
96
96
94
94
95
97
99
103
106
111
115
118
101
99
98
98
98
100
103
106
110
115
119
122
108
106
104
104
104
106
109
113
116
121
125
127
116
114
113
112
113
115
117
121
125
127
127
127
127
125
122
121
121
123
126
127
127
127
127
127
126
127
127
127
127
127
127
127
127
127
127
127
108
115
123
127
127
127
127
127
127
120
110
99
78
82
87
96
110
127
120
99
84
73
68
64
50
49
47
47
47
52
47
43
42
42
41
41
40
40
39
37
37
36
30
35
37
37
38
38
40
40
40
39
40
37
31
36
40
40
40
40
40
40
40
40
40
38
32
33
37
41
40
40
40
41
40
40
40
38
32
32
33
38
41
40
40
41
41
40
40
37
32
32
32
34
40
41
40
40
41
40
40
38
32
32
32
32
36
40
40
40
42
41
41
39
33
32
32
32
33
38
127
127
127
127
127
127
127
127
127
127
127
127
127
127
127
127
127
127
127
127
127
127
127
127
127
127
127
127
127
127
127
127
127
127
127
127
127
127
127
127
127
127
127
127
127
127
127
127
127
127
127
127
127
127
127
127
127
127
127
127
127
127
127
127
127
127
127
127
127
127
127
127
107
120
127
127
127
127
127
127
127
127
113
99
78
81
85
98
120
127
127
106
84
71
66
64
51
50
48
47
48
54
49
44
43
42
42
42
41
40
40
37
37
35
30
35
38
38
39
39
40
40
40
40
40
37
31
37
40
41
40
40
41
41
41
41
40
39
32
33
37
42
40
40
41
42
42
42
40
39
32
32
33
39
41
40
41
42
42
41
41
38
32
32
32
34
40
42
41
42
43
41
41
39
32
32
32
32
37
41
40
41
43
41
42
40
33
32
32
32
33
39
