85
83
82
82
82
85
88
90
94
98
102
105
89
87
86
85
86
89
90
94
98
102
106
109
96
93
92
92
92
95
96
100
104
108
112
115
104
102
100
99
100
103
105
108
112
116
120
123
113
111
109
109
109
111
113
117
121
126
127
127
122
123
123
123
123
123
127
127
127
127
127
123
110
115
120
123
127
127
127
127
122
114
105
97
80
84
91
98
110
127
110
93
82
73
68
64
51
51
49
49
50
106
58
43
45
43
43
43
43
43
41
38
41
127
96
34
40
40
40
40
43
42
43
39
52
127
127
56
40
43
43
43
43
43
43
38
66
127
127
100
40
43
43
43
43
44
43
38
82
127
127
127
61
40
44
43
44
44
43
40
99
127
127
127
112
40
43
43
45
44
43
42
117
127
127
127
127
69
41
43
46
43
42
45
127
127
127
127
127
107
38
43
97
95
95
95
95
97
99
103
107
110
114
117
102
99
99
98
99
101
103
107
111
115
119
122
109
107
105
104
105
107
110
113
117
122
126
127
116
115
113
113
113
115
118
121
125
127
127
127
127
125
122
121
122
124
127
127
127
127
127
127
127
127
127
127
127
127
127
127
127
127
127
127
111
118
124
127
127
127
127
127
127
118
106
97
80
83
89
99
116
127
116
95
81
71
67
64
50
49
47
47
49
51
47
43
42
42
41
41
40
40
38
37
37
31
33
37
37
37
38
38
40
40
40
39
38
31
33
40
40
40
40
40
40
40
40
40
38
33
32
37
40
40
40
40
41
40
41
41
38
33
32
33
40
41
41
40
40
41
40
41
37
32
32
32
37
40
41
40
40
41
40
41
35
32
32
32
33
38
40
40
40
40
40
40
35
32
32
32
32
35
40
40
127
127
127
127
127
127
127
127
127
127
127
127
127
127
127
127
127
127
127
127
127
127
127
127
127
127
127
127
127
127
127
127
127
127
127
127
127
127
127
127
127
127
127
127
127
127
127
127
127
127
127
127
127
127
127
127
127
127
127
127
127
127
127
127
127
127
127
127
127
127
127
127
112
125
127
127
127
127
127
127
127
125
107
95
78
81
88
103
127
127
127
99
80
69
65
64
50
49
47
46
50
54
47
43
42
42
42
42
41
40
39
37
37
31
32
37
38
39
40
39
40
40
40
40
39
31
33
40
41
40
41
40
41
41
41
40
39
33
32
37
41
41
41
41
41
42
42
42
39
32
32
33
40
42
42
41
42
42
42
42
37
32
32
32
37
41
42
40
42
42
42
42
36
32
32
32
33
38
41
40
42
41
41
42
36
31
32
32
32
35
40
41
