85
82
81
80
81
83
84
89
92
96
99
104
89
86
84
84
84
86
89
92
96
100
104
108
95
92
90
90
90
92
96
98
102
106
111
114
103
100
99
98
98
100
103
106
110
115
119
122
115
111
108
107
107
109
111
115
119
123
127
127
120
123
122
122
123
123
124
127
127
127
127
127
107
113
116
120
125
127
127
127
126
119
111
102
78
82
86
93
100
116
127
104
89
77
70
66
53
50
50
50
45
74
97
43
45
44
43
43
43
43
42
40
36
110
120
36
40
40
40
40
42
43
43
39
58
127
127
48
41
43
43
43
44
43
43
40
99
127
127
66
40
43
43
43
43
43
40
54
127
127
127
87
38
44
44
44
43
43
37
97
127
127
127
111
39
43
46
46
43
41
54
127
127
127
127
127
47
41
45
46
44
40
79
127
127
127
127
127
55
39
42
43
96
93
92
92
93
96
98
101
105
109
113
117
100
98
96
96
96
99
102
105
109
113
117
121
107
105
103
103
103
105
108
111
115
120
124
127
116
113
111
111
111
113
116
120
123
127
127
127
127
124
121
120
120
122
124
127
127
127
127
127
125
127
127
127
127
127
127
127
127
127
127
127
107
113
120
127
127
127
127
127
127
124
113
102
78
81
85
93
103
121
127
108
89
77
69
66
51
49
48
47
47
50
51
45
43
42
41
41
40
40
39
38
37
32
32
36
37
37
38
38
39
39
40
40
38
32
32
40
40
40
40
40
40
40
40
41
37
32
33
40
41
40
40
40
41
40
40
40
33
32
32
37
41
41
40
40
40
40
40
37
33
32
32
35
40
40
41
41
40
40
40
33
32
32
32
33
40
40
40
41
41
41
38
32
32
32
32
33
40
40
39
40
127
127
127
127
127
127
127
127
127
127
127
127
127
127
127
127
127
127
127
127
127
127
127
127
127
127
127
127
127
127
127
127
127
127
127
127
127
127
127
127
127
127
127
127
127
127
127
127
127
127
127
127
127
127
127
127
127
127
127
127
127
127
127
127
127
127
127
127
127
127
127
127
106
116
127
127
127
127
127
127
127
127
117
101
78
79
83
93
109
127
127
117
92
75
68
65
51
49
49
47
47
51
54
46
43
42
42
42
41
40
40
39
37
32
31
36
37
38
39
39
40
40
40
41
40
33
32
40
41
40
40
40
42
41
41
42
37
32
33
40
42
41
40
41
42
40
41
41
33
32
32
37
42
42
41
42
41
41
41
37
32
32
32
35
40
41
43
43
41
41
40
33
32
32
32
33
40
41
42
42
42
42
38
32
32
32
32
33
40
40
40
41
