83
81
81
80
80
82
85
88
92
96
100
104
88
85
84
84
84
86
89
92
96
100
104
108
95
92
90
90
90
92
94
98
102
106
110
114
103
100
99
98
98
99
102
106
110
114
118
122
116
111
108
107
106
109
111
115
119
123
127
127
120
122
122
122
122
123
123
127
127
127
127
127
107
112
116
119
123
127
127
127
127
120
112
103
78
82
85
92
100
113
127
106
90
78
71
67
53
52
50
50
47
60
106
47
44
44
43
43
43
43
41
41
35
76
127
51
37
40
41
40
43
43
42
42
40
114
127
82
38
43
43
43
43
44
43
40
52
127
127
119
42
43
43
43
43
43
43
37
81
127
127
127
57
40
43
43
43
43
42
40
117
127
127
127
90
38
43
44
43
43
39
57
127
127
127
127
127
44
43
44
43
44
37
77
127
127
127
127
127
54
41
43
96
93
92
92
92
95
97
101
105
110
113
116
100
98
96
96
96
99
101
105
109
113
117
121
107
105
103
103
103
105
107
111
115
120
124
127
116
113
111
110
110
113
115
119
123
127
127
127
127
124
121
120
120
122
125
127
127
127
127
127
123
127
127
127
127
127
127
127
127
127
127
127
106
113
119
127
127
127
127
127
127
127
115
104
78
80
85
92
102
119
127
111
92
78
70
66
51
50
48
47
47
49
51
46
43
41
41
41
40
40
39
38
38
34
31
36
37
37
38
38
39
40
39
39
40
34
30
37
40
40
40
40
40
41
40
40
40
33
31
35
40
40
40
40
40
40
41
40
37
32
32
33
40
40
41
40
40
40
40
40
35
32
32
33
37
40
40
40
40
40
40
39
33
32
32
32
35
40
40
40
41
41
40
37
33
32
32
32
33
40
40
40
127
127
127
127
127
127
127
127
127
127
127
127
127
127
127
127
127
127
127
127
127
127
127
127
127
127
127
127
127
127
127
127
127
127
127
127
127
127
127
127
127
127
127
127
127
127
127
127
127
127
127
127
127
127
127
127
127
127
127
127
127
127
127
127
127
127
127
127
127
127
127
127
104
114
127
127
127
127
127
127
127
127
120
103
78
79
82
91
106
127
127
121
94
76
68
64
52
50
49
48
47
50
54
47
43
42
42
42
42
41
40
39
38
33
30
35
37
38
39
40
40
40
39
40
41
34
30
38
42
40
41
41
41
42
40
40
40
33
31
36
42
41
40
41
41
40
42
41
38
32
32
33
40
41
41
40
40
40
41
40
35
32
32
33
38
41
41
41
41
41
40
39
33
32
32
32
35
41
41
41
42
42
40
37
33
32
32
32
33
40
41
40
