85
82
81
81
81
83
85
89
92
96
99
104
89
86
85
84
84
86
89
92
96
100
104
108
95
92
91
90
90
92
95
99
103
107
111
114
104
101
99
98
98
100
103
106
110
115
119
122
117
112
109
107
107
110
111
115
119
123
127
127
120
121
122
122
123
123
123
127
127
127
127
127
105
110
114
118
123
127
127
127
127
123
114
107
78
80
84
90
99
111
127
110
92
81
72
68
54
52
50
50
48
50
96
73
38
45
43
43
43
42
41
41
40
36
90
127
52
33
41
41
42
41
43
43
43
37
83
127
109
49
39
43
43
42
44
44
44
40
69
127
127
92
43
42
42
42
45
44
44
40
61
127
127
127
85
36
42
42
44
43
43
40
53
127
127
127
127
78
42
43
43
43
43
41
46
127
127
127
127
127
43
45
44
43
44
43
43
125
127
127
127
127
96
94
93
93
93
96
99
100
104
109
114
116
101
99
97
96
97
99
102
105
109
113
118
121
108
106
103
103
103
106
108
112
116
120
124
127
116
114
112
111
111
113
116
120
123
127
127
127
127
125
122
120
120
122
124
127
127
127
127
127
122
126
127
127
127
127
127
127
127
127
127
127
103
110
117
125
127
127
127
127
127
127
118
106
78
79
83
90
100
116
127
114
95
81
71
67
52
50
48
48
47
50
53
45
43
42
42
41
41
40
39
39
37
37
34
30
36
37
37
38
38
39
40
40
40
39
37
32
37
40
40
40
40
40
41
41
40
40
39
33
33
37
40
40
40
39
40
41
40
40
40
33
32
33
38
41
40
39
40
40
40
40
40
34
32
32
33
38
40
40
40
40
40
40
40
34
32
32
32
34
40
42
40
40
41
41
41
35
32
32
32
32
127
127
127
127
127
127
127
127
127
127
127
127
127
127
127
127
127
127
127
127
127
127
127
127
127
127
127
127
127
127
127
127
127
127
127
127
127
127
127
127
127
127
127
127
127
127
127
127
127
127
127
127
127
127
127
127
127
127
127
127
127
127
127
127
127
127
127
127
127
127
127
127
101
110
124
127
127
127
127
127
127
127
126
110
78
79
81
88
103
127
127
125
99
80
69
66
53
50
48
47
47
50
55
47
43
42
42
42
42
40
40
39
37
37
34
30
36
38
38
39
39
40
40
40
41
40
37
32
37
41
41
40
40
40
42
42
42
42
40
33
33
38
42
41
40
40
42
42
41
41
40
33
32
33
39
42
40
40
41
41
41
41
40
34
31
32
34
39
40
40
41
41
41
41
41
34
31
32
31
34
41
43
42
41
42
42
42
35
32
32
32
32
