85
82
81
81
81
83
85
89
92
96
99
104
89
86
85
84
84
86
89
92
96
100
104
108
95
92
91
90
90
92
95
99
103
107
111
114
104
101
99
98
98
100
103
106
110
115
119
122
118
112
109
107
107
110
111
115
119
123
127
127
119
121
122
122
123
123
124
127
127
127
127
127
104
110
114
118
123
127
127
127
127
123
114
107
78
80
84
90
99
113
127
108
92
81
72
68
54
52
50
50
49
50
92
78
37
44
43
43
44
43
42
41
41
37
73
127
70
33
39
42
42
43
42
42
43
40
57
127
127
67
40
40
43
43
43
43
43
43
43
125
127
127
59
39
43
43
43
43
41
43
38
95
127
127
127
63
43
43
43
43
43
43
38
68
127
127
127
127
44
43
43
42
44
42
40
49
127
127
127
127
45
43
41
43
44
42
43
42
120
127
127
127
96
94
93
92
93
96
98
102
106
110
114
116
101
99
97
96
97
99
102
106
110
114
118
121
109
106
103
103
103
106
108
112
116
120
124
127
116
113
112
111
111
113
116
120
123
127
127
127
127
125
122
120
120
122
124
127
127
127
127
127
122
126
127
127
127
127
127
127
127
127
127
127
103
110
117
125
127
127
127
127
127
127
118
107
78
79
83
90
100
118
127
113
94
80
71
67
52
50
48
47
47
50
53
44
43
42
42
41
41
40
39
38
37
37
35
30
35
37
38
38
39
40
39
39
40
40
38
33
34
38
40
40
40
40
40
40
40
41
41
35
31
34
39
40
40
40
40
40
39
40
41
37
32
32
34
38
41
40
40
40
40
40
40
39
33
32
32
34
41
41
40
40
41
40
40
41
34
32
32
32
41
41
38
40
41
40
41
43
36
32
32
32
127
127
127
127
127
127
127
127
127
127
127
127
127
127
127
127
127
127
127
127
127
127
127
127
127
127
127
127
127
127
127
127
127
127
127
127
127
127
127
127
127
127
127
127
127
127
127
127
127
127
127
127
127
127
127
127
127
127
127
127
127
127
127
127
127
127
127
127
127
127
127
127
101
110
124
127
127
127
127
127
127
127
126
110
78
79
81
88
105
127
127
123
98
79
69
66
53
50
48
47
47
51
54
45
43
42
42
42
42
41
40
39
38
37
35
30
34
38
39
39
40
40
40
40
41
41
39
33
34
39
41
40
41
41
40
40
40
42
42
36
31
34
40
40
41
40
40
41
40
41
42
38
32
32
34
39
42
41
41
40
40
40
41
40
33
32
32
34
42
42
40
40
42
40
41
42
35
32
32
32
42
42
39
41
42
40
42
44
37
32
32
32
