85
82
81
81
81
83
86
89
92
97
101
104
89
86
85
84
85
87
89
92
96
101
105
108
95
92
91
90
91
93
95
99
103
107
111
114
103
101
99
98
99
100
103
106
110
115
119
122
116
112
108
107
107
110
112
116
120
124
127
127
120
122
122
122
123
123
124
127
127
127
127
127
106
111
116
119
125
127
127
127
127
120
112
104
78
81
85
92
102
119
127
102
89
78
71
67
54
52
50
50
49
54
100
64
37
43
43
43
43
43
42
40
40
38
87
124
61
32
39
41
42
43
43
42
42
39
68
127
123
63
40
40
44
43
45
43
42
41
43
127
127
125
58
40
43
43
43
43
42
44
37
94
127
127
127
65
43
43
43
43
42
44
39
61
127
127
127
127
43
43
43
43
42
43
41
40
125
127
127
127
43
43
43
43
43
43
43
35
97
127
127
127
97
95
93
93
93
96
98
102
106
110
114
116
101
99
97
97
97
99
102
106
110
114
118
121
107
105
103
103
103
106
108
112
116
120
124
127
116
113
112
111
111
113
116
120
123
127
127
127
127
125
121
120
120
123
126
127
127
127
127
127
123
127
127
127
127
127
127
127
127
127
127
127
105
111
119
127
127
127
127
127
127
126
115
105
78
81
85
92
104
124
127
107
90
77
70
66
51
50
48
47
46
52
50
43
43
42
41
41
40
40
39
37
37
37
34
31
35
38
38
38
39
40
40
39
40
40
37
33
35
38
40
40
40
40
41
40
40
40
40
34
32
34
39
40
40
40
40
40
40
40
40
37
32
32
34
40
41
40
40
40
40
40
40
38
33
32
32
35
41
40
40
40
40
40
40
40
35
32
32
32
40
40
41
40
40
40
40
40
37
32
32
32
127
127
127
127
127
127
127
127
127
127
127
127
127
127
127
127
127
127
127
127
127
127
127
127
127
127
127
127
127
127
127
127
127
127
127
127
127
127
127
127
127
127
127
127
127
127
127
127
127
127
127
127
127
127
127
127
127
127
127
127
127
127
127
127
127
127
127
127
127
127
127
127
103
113
127
127
127
127
127
127
127
127
121
105
77
78
82
92
110
127
127
115
93
76
69
65
52
50
48
47
47
54
52
43
43
42
42
42
41
41
40
38
37
37
34
30
36
39
39
39
40
40
40
40
40
40
38
33
35
40
41
41
42
41
42
41
40
40
41
34
31
35
40
41
41
41
42
41
40
42
41
37
32
32
35
40
42
40
41
41
40
41
41
39
33
32
33
35
42
40
40
41
40
41
41
40
35
32
32
32
41
41
41
41
40
41
40
40
37
32
32
32
