85
83
82
82
82
85
87
89
93
98
102
105
89
87
85
85
85
88
91
93
97
102
106
109
96
93
92
92
92
94
97
99
103
108
112
115
103
101
99
99
99
102
104
108
112
116
120
123
115
111
109
108
109
110
113
116
120
125
127
127
121
123
123
123
123
123
127
127
127
127
127
126
108
113
117
122
127
127
127
127
124
117
109
100
78
82
88
96
106
127
116
96
84
75
68
65
52
51
50
49
48
77
96
40
43
44
43
43
43
43
42
40
38
54
127
84
34
37
41
41
42
43
43
42
42
43
127
127
75
40
40
43
44
43
44
43
43
37
113
127
127
63
40
43
44
43
43
46
44
37
87
127
127
127
62
37
43
43
43
45
43
40
67
127
127
127
127
68
43
43
43
43
43
41
51
127
127
127
127
124
43
43
43
42
43
41
43
127
127
127
127
127
98
96
94
94
95
97
99
103
106
111
115
118
102
99
98
98
98
100
103
106
110
115
119
122
108
106
104
104
104
106
110
113
116
121
125
127
116
114
113
112
113
115
117
121
125
127
127
127
127
125
122
121
121
123
126
127
127
127
127
127
126
127
127
127
127
127
127
127
127
127
127
127
108
115
123
127
127
127
127
127
127
121
110
101
78
82
87
96
111
127
120
99
85
74
68
66
50
49
47
47
47
53
47
43
42
42
41
41
40
40
39
37
37
37
30
33
37
37
38
38
39
40
40
39
40
39
33
33
38
40
40
40
41
41
40
40
40
40
35
31
33
38
40
40
40
40
40
41
41
40
37
32
32
34
40
42
41
40
40
41
40
40
38
33
32
32
35
40
41
40
40
40
40
41
39
33
32
32
32
36
41
41
40
40
41
40
38
34
32
32
32
32
127
127
127
127
127
127
127
127
127
127
127
127
127
127
127
127
127
127
127
127
127
127
127
127
127
127
127
127
127
127
127
127
127
127
127
127
127
127
127
127
127
127
127
127
127
127
127
127
127
127
127
127
127
127
127
127
127
127
127
127
127
127
127
127
127
127
127
127
127
127
127
127
106
120
127
127
127
127
127
127
127
127
113
99
78
81
85
98
120
127
127
106
85
71
67
65
51
50
48
47
48
55
48
43
43
42
42
42
41
40
40
37
37
37
30
33
38
39
39
39
40
40
40
40
40
40
33
33
39
41
41
40
42
41
42
41
41
40
35
31
33
39
41
41
42
41
40
43
42
40
37
32
32
34
40
43
42
41
40
43
41
41
39
32
32
32
35
40
42
41
40
41
41
42
40
33
32
32
32
36
42
41
40
40
41
41
39
35
32
32
32
32
