86
84
83
83
83
85
89
91
93
99
103
104
90
88
86
86
87
89
91
95
98
103
106
109
96
94
92
92
93
96
97
101
105
109
113
116
104
102
101
100
101
103
106
109
113
116
120
123
113
111
110
110
110
112
114
118
122
127
127
127
123
124
124
124
123
124
127
127
127
127
125
118
113
117
121
126
127
127
127
125
118
110
100
92
83
87
93
102
120
124
103
88
76
69
65
64
51
50
50
43
89
82
44
45
44
43
43
42
43
41
37
49
127
85
35
40
40
41
40
40
43
40
39
97
127
99
38
43
43
43
43
43
43
40
59
127
127
110
39
43
43
43
43
43
41
41
120
127
127
123
40
43
43
43
43
43
37
82
127
127
127
127
42
43
43
43
44
43
58
127
127
127
127
127
47
43
44
45
44
43
91
127
127
127
127
127
53
43
43
45
43
43
99
96
96
96
96
99
100
104
108
112
116
119
103
100
99
99
99
102
104
108
112
116
120
123
109
106
106
106
106
108
110
114
118
122
126
127
117
115
113
113
114
116
119
122
126
127
127
127
127
124
123
122
123
125
127
127
127
127
127
127
127
127
127
127
127
127
127
127
127
127
127
120
115
122
127
127
127
127
127
127
123
111
100
92
82
86
93
106
123
127
106
89
76
68
65
63
49
47
47
47
49
52
44
43
42
41
41
41
40
38
38
37
30
34
37
37
37
38
38
38
39
39
40
37
30
35
40
40
40
40
40
40
40
40
39
33
32
36
40
40
40
40
40
40
40
40
36
32
32
35
40
40
40
40
41
40
40
37
33
32
32
34
41
41
41
41
40
41
40
33
32
32
32
34
41
41
41
41
40
41
37
32
32
32
32
33
41
41
41
41
40
41
127
127
127
127
127
127
127
127
127
127
127
127
127
127
127
127
127
127
127
127
127
127
127
127
127
127
127
127
127
127
127
127
127
127
127
127
127
127
127
127
127
127
127
127
127
127
127
127
127
127
127
127
127
127
127
127
127
127
127
127
127
127
127
127
127
127
127
127
127
127
127
126
120
127
127
127
127
127
127
127
127
116
99
89
81
85
94
112
127
127
114
90
73
67
64
63
50
48
47
47
50
54
45
43
42
42
42
42
41
39
38
37
30
34
37
37
38
39
39
40
40
40
40
37
30
36
42
41
40
41
40
41
40
41
39
33
32
37
42
41
40
40
41
41
41
40
35
32
32
35
41
41
41
41
41
40
41
37
33
32
32
34
42
42
42
42
42
41
40
33
32
32
32
34
42
42
42
42
42
42
38
32
32
32
32
33
43
42
41
43
41
42
