86
84
83
82
83
85
87
91
95
97
101
104
90
88
86
86
87
89
91
95
99
102
106
109
96
94
92
92
93
96
97
101
105
109
113
116
104
103
100
100
101
103
105
109
113
116
120
123
113
111
110
109
110
112
114
118
122
127
127
127
123
124
124
124
123
124
127
127
127
127
125
118
113
117
121
126
127
127
127
125
118
110
100
92
82
87
93
101
118
126
103
89
76
69
65
63
50
50
48
43
93
79
45
45
44
43
43
42
43
43
33
66
127
69
36
40
40
40
41
40
43
39
52
124
127
67
39
43
43
43
43
43
43
43
100
127
127
62
40
43
44
44
43
43
36
84
127
127
127
60
40
42
43
43
43
44
71
127
127
127
127
57
41
42
43
43
42
44
127
127
127
127
127
56
42
43
43
43
42
43
127
127
127
127
127
54
43
44
45
43
42
42
99
96
96
95
96
98
101
103
106
112
116
119
103
100
99
99
99
102
104
107
111
116
120
123
109
106
106
105
106
108
110
114
118
122
126
127
117
115
113
113
113
116
119
122
126
127
127
127
127
124
122
122
123
125
127
127
127
127
127
127
127
127
127
127
127
127
127
127
127
127
127
120
115
122
127
127
127
127
127
127
123
111
100
92
82
86
93
105
122
127
107
89
76
68
65
63
50
48
47
47
49
52
45
43
42
41
41
41
40
39
39
36
30
36
37
37
37
38
38
38
39
40
40
34
31
37
40
40
40
40
40
40
40
40
37
32
33
38
40
40
40
40
40
40
41
38
33
32
33
39
40
40
40
40
40
40
39
34
32
32
33
40
41
40
40
40
40
41
35
32
32
32
33
40
41
40
40
40
40
40
32
32
32
32
33
40
41
40
42
40
39
40
127
127
127
127
127
127
127
127
127
127
127
127
127
127
127
127
127
127
127
127
127
127
127
127
127
127
127
127
127
127
127
127
127
127
127
127
127
127
127
127
127
127
127
127
127
127
127
127
127
127
127
127
127
127
127
127
127
127
127
127
127
127
127
127
127
127
127
127
127
127
127
125
120
127
127
127
127
127
127
127
127
116
99
89
80
84
94
111
127
127
116
90
74
67
64
63
49
48
47
47
50
54
45
43
43
42
42
42
40
40
39
35
30
36
37
37
38
39
39
39
40
41
40
35
31
38
41
41
41
41
40
40
41
42
37
32
33
39
41
40
42
41
40
41
42
39
33
32
33
40
41
40
40
41
41
42
40
34
32
31
33
40
42
41
40
40
40
42
35
32
32
31
33
41
42
41
41
40
40
41
32
32
32
31
33
41
42
41
43
40
40
40
