85
84
82
82
83
85
88
90
94
98
102
105
89
88
86
86
86
89
92
94
98
102
106
109
96
94
92
92
92
95
98
100
104
108
112
116
104
102
100
100
100
103
105
109
113
116
120
123
113
111
109
109
110
112
114
117
121
127
127
127
123
124
123
123
123
124
127
127
127
127
125
119
113
117
120
124
127
127
127
125
119
110
101
93
82
86
92
100
116
127
106
90
77
69
65
64
51
50
48
42
91
82
46
45
44
43
43
42
43
40
32
72
127
66
36
40
40
40
41
40
41
38
60
127
127
58
40
43
43
43
43
43
40
49
119
127
127
50
42
43
43
43
43
43
43
113
127
127
127
43
43
43
44
43
43
43
106
127
127
127
112
40
43
44
43
43
43
43
127
127
127
127
96
37
43
44
43
43
43
43
127
127
127
127
85
35
42
43
43
43
44
44
97
95
95
95
96
98
100
103
107
110
114
117
102
99
99
99
99
102
104
107
111
115
119
122
110
107
105
105
106
108
110
113
117
122
126
127
117
115
113
113
113
116
118
122
126
127
127
127
127
124
122
122
122
124
127
127
127
127
127
127
127
127
127
127
127
127
127
127
127
127
127
120
115
121
127
127
127
127
127
127
124
112
100
92
82
85
92
103
120
127
110
90
77
69
65
63
49
48
47
47
48
53
45
43
42
41
41
41
40
39
38
35
31
35
37
37
37
38
38
38
40
40
37
33
32
38
40
40
40
40
40
40
40
40
34
31
33
40
40
40
40
40
40
40
40
36
32
32
34
40
41
40
41
40
40
40
37
33
32
32
36
41
40
41
40
40
40
40
33
32
32
32
37
40
40
41
40
40
42
40
32
32
32
32
37
39
40
41
40
40
42
41
127
127
127
127
127
127
127
127
127
127
127
127
127
127
127
127
127
127
127
127
127
127
127
127
127
127
127
127
127
127
127
127
127
127
127
127
127
127
127
127
127
127
127
127
127
127
127
127
127
127
127
127
127
127
127
127
127
127
127
127
127
127
127
127
127
127
127
127
127
127
127
126
119
127
127
127
127
127
127
127
127
116
99
89
80
83
92
109
127
127
120
92
75
67
64
63
50
49
47
47
49
55
46
43
42
42
42
42
40
40
38
34
30
36
37
37
39
39
40
39
40
40
38
33
32
39
41
41
41
40
41
40
41
40
35
31
34
41
41
41
41
41
40
41
41
36
32
32
35
41
42
41
42
41
40
40
37
33
32
32
37
42
42
42
41
40
41
41
33
32
32
32
37
41
40
42
40
41
42
41
32
32
32
32
37
40
40
41
40
42
42
42
