85
83
82
82
82
84
86
89
93
96
100
105
89
87
85
85
85
88
90
93
97
101
105
109
96
93
92
91
92
94
96
99
103
108
112
115
103
101
99
99
99
102
104
107
111
116
120
123
113
110
109
108
108
110
113
116
120
126
127
127
123
123
123
123
123
123
127
127
127
127
127
120
112
115
119
123
126
127
127
127
121
113
103
95
81
84
91
97
108
127
114
94
81
71
67
64
51
51
50
43
70
99
50
46
44
43
43
43
43
43
33
54
126
92
37
40
40
40
41
40
42
38
53
111
127
80
38
43
43
43
43
43
41
45
103
127
127
60
40
44
44
44
43
43
39
101
127
127
127
49
40
43
43
43
43
43
99
127
127
127
121
41
40
43
42
43
44
44
127
127
127
127
101
37
42
43
42
44
45
43
127
127
127
127
85
37
43
43
42
43
44
43
96
96
94
94
94
96
99
103
106
111
115
118
101
99
98
98
98
100
103
106
110
115
119
122
109
106
104
104
104
106
109
113
116
121
125
127
116
114
113
112
112
114
117
121
125
127
127
127
127
123
122
121
121
123
126
127
127
127
127
127
127
127
127
127
127
127
127
127
127
127
127
123
113
119
125
127
127
127
127
127
127
116
104
94
80
84
90
99
112
127
119
96
80
71
66
64
50
49
47
47
47
52
49
43
42
42
41
41
40
40
39
37
31
34
37
36
37
37
38
38
40
40
39
35
32
37
40
40
40
40
40
40
40
40
37
32
33
39
41
41
40
40
40
40
40
37
33
32
34
40
39
39
40
40
40
40
37
33
32
32
36
40
40
40
40
40
41
41
33
32
32
32
37
40
40
40
40
41
41
41
32
32
32
32
38
40
40
40
40
41
41
40
127
127
127
127
127
127
127
127
127
127
127
127
127
127
127
127
127
127
127
127
127
127
127
127
127
127
127
127
127
127
127
127
127
127
127
127
127
127
127
127
127
127
127
127
127
127
127
127
127
127
127
127
127
127
127
127
127
127
127
127
127
127
127
127
127
127
127
127
127
127
127
127
114
127
127
127
127
127
127
127
127
123
103
91
78
82
88
103
123
127
127
100
80
69
64
63
50
49
47
47
47
54
50
43
42
42
42
42
41
40
40
37
30
34
37
36
37
38
40
39
40
40
40
36
32
37
41
41
41
41
41
40
42
40
37
32
33
40
42
42
42
42
41
41
41
37
33
32
34
40
40
40
40
40
41
41
37
33
32
32
36
40
40
41
40
41
42
42
33
32
32
32
37
40
40
41
40
42
43
42
32
32
32
32
39
41
40
40
40
41
42
41
