85
82
81
80
81
82
85
88
92
96
100
104
89
86
84
84
84
86
88
92
96
100
104
108
95
92
90
90
90
92
94
98
102
106
110
114
103
100
99
98
98
99
102
106
110
114
118
122
115
111
108
107
106
109
111
115
119
123
127
127
120
123
122
122
122
123
123
127
127
127
127
127
107
113
116
119
124
127
127
127
127
119
111
102
78
82
86
92
99
114
127
106
90
77
70
66
53
50
50
50
43
76
96
44
46
43
43
43
43
43
42
37
41
122
106
34
40
40
40
41
42
43
42
37
80
127
122
38
43
43
43
43
43
43
41
52
127
127
127
42
43
44
43
43
43
43
37
103
127
127
127
44
43
44
44
43
43
39
69
127
127
127
127
50
40
43
43
43
42
52
122
127
127
127
127
58
39
43
43
45
40
73
127
127
127
127
127
65
40
43
43
46
96
93
92
92
92
95
97
101
105
110
113
117
100
98
96
96
96
99
101
105
109
113
117
121
107
105
103
103
103
105
107
111
115
120
124
127
116
113
111
110
110
113
116
119
123
127
127
127
127
124
121
120
120
122
125
127
127
127
127
127
125
127
127
127
127
127
127
127
127
127
127
127
107
113
120
127
127
127
127
127
127
124
113
102
78
81
85
93
103
120
127
110
90
76
70
66
51
49
48
47
47
49
51
46
43
41
41
41
40
40
39
38
37
31
33
36
37
37
38
39
39
40
40
40
37
31
34
40
40
40
40
40
40
40
40
40
34
31
35
41
40
40
40
40
40
40
40
37
32
32
34
40
41
40
40
40
41
41
39
33
32
32
33
39
40
40
40
41
41
40
35
32
32
32
33
39
40
40
40
41
41
39
33
32
32
32
33
40
42
40
40
42
127
127
127
127
127
127
127
127
127
127
127
127
127
127
127
127
127
127
127
127
127
127
127
127
127
127
127
127
127
127
127
127
127
127
127
127
127
127
127
127
127
127
127
127
127
127
127
127
127
127
127
127
127
127
127
127
127
127
127
127
127
127
127
127
127
127
127
127
127
127
127
127
106
116
127
127
127
127
127
127
127
127
118
102
78
79
82
92
108
127
127
120
92
75
68
65
51
49
49
47
47
50
54
47
42
42
42
42
41
40
40
39
37
30
33
36
37
38
39
40
40
40
40
40
37
31
33
41
41
40
41
41
41
42
41
41
33
31
35
42
42
41
41
40
41
41
41
37
32
32
34
40
42
42
41
40
42
42
40
33
32
32
33
40
40
41
40
41
42
41
36
32
32
32
33
40
40
40
40
43
42
40
33
32
32
32
33
40
43
40
41
43
