83
82
80
80
80
82
84
88
92
96
100
103
88
85
84
83
83
85
88
92
96
100
104
107
95
92
90
89
89
92
94
98
102
106
110
114
103
100
98
97
97
99
102
106
110
114
118
121
116
111
108
106
106
109
110
114
118
123
127
127
120
121
122
122
122
123
123
127
127
127
127
127
106
111
115
119
123
127
127
127
127
120
113
104
78
81
85
91
99
111
127
110
92
79
71
67
53
51
50
49
48
57
107
50
44
44
43
43
43
43
42
41
35
80
127
49
37
40
41
41
42
42
42
40
43
127
127
71
38
43
43
43
43
43
43
38
68
127
127
97
38
43
43
43
44
43
41
39
114
127
127
123
42
43
44
43
44
43
38
62
127
127
127
127
54
41
44
42
44
43
40
105
127
127
127
127
75
40
43
42
45
42
46
127
127
127
127
127
94
39
43
43
96
93
92
92
92
95
97
99
103
110
113
117
100
98
96
96
96
98
101
104
108
113
117
121
107
105
103
102
102
104
107
111
115
120
123
127
116
113
111
110
110
113
115
119
123
127
127
127
127
124
121
120
120
121
123
127
127
127
127
127
123
127
127
127
127
127
127
127
127
127
127
127
106
112
119
125
127
127
127
127
127
127
115
104
78
81
85
91
101
116
127
114
93
79
70
66
51
50
48
47
47
48
51
47
43
42
41
41
40
40
39
38
37
33
31
35
37
37
38
38
38
40
39
39
39
33
30
38
41
40
40
40
40
40
40
40
37
33
32
37
41
40
40
40
41
40
40
40
35
32
32
35
40
40
41
40
41
41
39
39
33
32
32
33
40
41
41
40
41
41
39
37
32
32
32
32
38
41
40
40
41
41
39
33
32
32
32
32
37
40
40
40
127
127
127
127
127
127
127
127
127
127
127
127
127
127
127
127
127
127
127
127
127
127
127
127
127
127
127
127
127
127
127
127
127
127
127
127
127
127
127
127
127
127
127
127
127
127
127
127
127
127
127
127
127
127
127
127
127
127
127
127
127
127
127
127
127
127
127
127
127
127
127
127
104
114
127
127
127
127
127
127
127
127
122
105
78
79
82
89
105
127
127
125
97
78
68
65
52
50
49
47
47
50
54
48
43
42
42
42
42
41
40
39
38
34
30
35
37
38
39
39
40
40
40
40
40
34
30
39
42
40
41
40
40
41
40
41
38
33
32
38
42
41
40
41
42
41
40
40
36
32
32
35
41
42
42
40
42
41
40
40
33
32
32
33
40
42
42
40
42
41
40
37
32
32
32
32
39
42
41
40
43
42
40
33
32
32
32
32
37
42
40
40
