85
82
81
81
81
83
85
89
92
96
99
104
89
86
85
84
84
86
89
92
96
100
104
108
95
92
91
90
90
92
95
99
103
107
111
114
103
100
99
98
98
100
103
106
110
115
119
122
117
112
108
107
107
110
111
115
119
123
127
127
120
121
122
122
123
123
124
127
127
127
127
127
105
110
115
119
123
127
127
127
127
121
113
106
78
80
85
92
100
116
127
106
90
79
71
68
54
52
50
50
49
52
97
71
37
43
43
43
44
43
41
41
40
37
78
127
67
32
39
41
43
43
41
42
43
39
60
127
127
66
41
40
43
43
43
43
43
43
43
124
127
127
61
40
43
42
43
43
42
44
38
89
127
127
127
68
43
43
42
42
42
43
39
60
127
127
127
127
43
43
42
43
43
43
43
43
124
127
127
127
44
42
42
45
43
43
46
39
96
127
127
127
97
95
93
92
93
96
98
100
104
109
114
117
101
99
97
96
97
99
102
105
109
113
118
121
107
105
103
103
103
106
108
112
116
120
124
127
116
113
111
111
111
113
116
120
123
127
127
127
127
124
121
120
120
122
124
127
127
127
127
127
122
127
127
127
127
127
127
127
127
127
127
127
104
110
118
125
127
127
127
127
127
127
116
106
78
80
84
91
103
121
127
109
92
78
71
67
52
50
48
47
47
50
51
43
43
42
42
41
41
40
39
38
37
37
35
30
35
37
38
38
40
40
39
39
40
40
38
33
34
38
40
40
40
41
40
40
40
41
40
35
31
34
38
40
40
40
40
40
39
40
41
37
32
32
33
38
40
40
40
40
39
40
40
39
33
32
32
34
41
40
40
40
40
40
40
40
34
32
32
32
42
40
39
42
40
40
42
42
36
32
32
32
127
127
127
127
127
127
127
127
127
127
127
127
127
127
127
127
127
127
127
127
127
127
127
127
127
127
127
127
127
127
127
127
127
127
127
127
127
127
127
127
127
127
127
127
127
127
127
127
127
127
127
127
127
127
127
127
127
127
127
127
127
127
127
127
127
127
127
127
127
127
127
127
102
111
127
127
127
127
127
127
127
127
123
107
78
78
82
89
106
127
127
120
95
78
69
65
52
50
48
47
47
53
54
44
43
42
42
42
42
41
40
39
38
37
34
30
36
39
39
39
40
40
40
40
41
40
38
33
35
40
41
41
41
42
40
40
41
42
42
36
31
34
39
41
40
40
41
41
40
42
42
38
32
32
34
39
41
41
40
40
40
41
41
40
33
32
32
34
41
41
40
41
40
40
42
42
35
32
32
32
42
40
40
43
41
40
43
43
37
32
32
32
