85
83
81
81
82
83
85
89
92
97
101
103
89
86
85
85
85
87
89
92
96
101
105
108
95
92
91
91
91
93
96
99
103
107
111
115
103
101
99
99
99
101
103
106
110
115
119
122
116
112
108
107
107
110
112
116
120
124
127
127
120
122
122
123
123
123
125
127
127
127
127
127
106
111
116
120
125
127
127
127
127
120
112
104
78
81
85
93
103
120
126
100
89
77
71
67
54
51
50
50
49
56
103
58
38
44
43
43
43
42
42
41
40
37
97
120
54
32
40
41
41
42
43
43
43
37
78
127
114
57
38
40
42
44
44
44
43
41
50
127
127
114
51
40
41
43
43
43
43
44
40
114
127
127
123
54
43
44
44
43
43
43
38
82
127
127
127
125
44
45
44
43
43
43
39
55
127
127
127
127
43
45
44
44
43
43
41
40
127
127
127
127
96
94
93
93
93
96
98
102
106
110
114
118
101
99
97
97
97
99
102
106
110
114
118
122
108
106
103
103
103
106
108
112
116
120
124
127
116
113
112
111
111
113
116
120
124
127
127
127
127
125
122
120
120
123
125
127
127
127
127
127
123
127
127
127
127
127
127
127
127
127
127
127
106
112
120
127
127
127
127
127
127
125
115
104
78
81
85
93
105
125
127
106
89
76
70
66
51
50
48
47
47
52
49
43
43
41
41
41
40
40
39
38
37
37
33
31
36
38
38
38
39
39
40
40
40
39
37
32
35
40
40
40
40
40
41
40
40
40
39
33
31
36
40
40
39
40
40
40
40
42
41
35
32
32
36
40
40
40
40
41
41
41
41
38
33
32
33
36
41
40
40
40
41
40
40
40
33
32
32
33
40
41
40
40
40
40
40
40
34
32
32
32
127
127
127
127
127
127
127
127
127
127
127
127
127
127
127
127
127
127
127
127
127
127
127
127
127
127
127
127
127
127
127
127
127
127
127
127
127
127
127
127
127
127
127
127
127
127
127
127
127
127
127
127
127
127
127
127
127
127
127
127
127
127
127
127
127
127
127
127
127
127
127
127
103
114
127
127
127
127
127
127
127
127
120
104
78
79
83
93
111
127
127
113
92
75
68
64
52
50
49
47
47
54
51
43
43
42
42
42
41
40
40
39
37
37
33
30
37
39
39
39
39
40
40
40
40
40
37
32
36
40
41
40
40
42
42
41
41
41
40
33
31
36
40
41
40
41
41
41
41
43
42
36
32
32
36
41
41
42
42
42
42
42
42
39
33
32
33
37
42
43
42
42
42
41
41
40
33
32
32
33
41
42
41
41
41
41
40
40
34
32
32
32
