84
83
82
82
82
84
87
89
93
96
100
105
89
87
85
85
85
87
90
93
97
101
105
109
96
93
92
91
92
93
96
99
103
108
112
115
103
101
99
99
99
101
103
107
111
116
120
123
116
111
109
108
108
110
113
116
120
125
127
127
121
123
123
123
123
123
127
127
127
127
127
127
107
113
117
120
127
127
127
127
125
118
110
102
78
82
87
94
105
124
120
98
85
75
69
66
53
51
50
50
48
67
103
45
40
44
43
43
43
43
41
40
40
43
122
100
40
35
42
41
43
43
42
42
43
38
117
127
90
46
40
43
43
44
43
42
42
39
82
127
127
82
42
41
43
44
43
43
43
40
61
127
127
127
86
36
43
43
42
43
43
40
45
127
127
127
127
90
43
43
43
43
43
42
37
106
127
127
127
127
43
43
43
43
43
42
36
86
127
127
127
127
96
94
94
94
94
96
99
103
106
110
113
118
101
99
98
97
98
100
103
106
110
114
118
122
108
106
104
103
104
106
109
113
116
121
125
127
116
114
112
112
112
114
117
120
124
127
127
127
127
125
122
121
121
123
127
127
127
127
127
127
125
127
127
127
127
127
127
127
127
127
127
127
106
113
122
127
127
127
127
127
127
123
112
102
78
81
86
95
108
127
123
102
86
75
68
65
51
49
47
47
47
53
47
43
42
42
41
41
41
40
38
37
37
37
31
32
37
38
38
38
40
40
39
39
40
39
34
32
37
40
40
40
40
40
40
39
40
40
38
31
33
38
40
40
40
41
40
40
40
40
40
33
32
33
38
40
40
40
40
40
41
40
40
34
32
32
33
37
40
40
40
40
41
40
40
35
32
32
32
33
40
41
40
40
40
40
40
36
32
32
32
32
127
127
127
127
127
127
127
127
127
127
127
127
127
127
127
127
127
127
127
127
127
127
127
127
127
127
127
127
127
127
127
127
127
127
127
127
127
127
127
127
127
127
127
127
127
127
127
127
127
127
127
127
127
127
127
127
127
127
127
127
127
127
127
127
127
127
127
127
127
127
127
127
105
117
127
127
127
127
127
127
127
127
116
102
78
80
84
96
117
127
127
109
87
73
67
65
51
50
48
47
48
56
49
43
43
43
42
42
41
40
39
38
37
37
30
32
37
39
39
40
40
40
40
40
41
40
34
33
37
40
41
41
41
42
41
40
40
42
39
31
33
38
41
40
41
42
41
40
41
41
40
33
32
33
39
41
40
41
40
40
42
40
40
34
32
32
34
38
40
41
40
40
42
40
40
35
32
32
31
34
41
41
41
41
41
40
40
37
32
32
32
32
