85
83
82
82
83
85
87
90
94
98
102
105
89
87
86
85
86
89
91
94
98
102
106
109
96
93
92
92
92
95
97
100
104
108
112
115
104
102
100
99
100
103
105
108
112
116
120
123
114
111
109
109
109
111
113
117
121
127
127
127
123
123
123
123
123
123
127
127
127
127
127
123
110
115
120
123
127
127
127
127
122
114
106
98
80
84
91
98
111
127
110
93
82
73
68
64
52
51
49
49
49
103
65
40
45
43
43
42
43
43
40
40
36
110
117
42
36
41
40
40
43
43
42
42
37
116
127
88
40
40
43
43
43
43
43
42
37
110
127
127
63
38
43
43
43
45
44
43
36
109
127
127
127
47
41
44
43
45
43
43
37
109
127
127
127
105
43
42
43
44
43
43
37
108
127
127
127
127
82
45
43
43
44
42
37
107
127
127
127
127
127
51
97
95
95
95
96
98
99
103
107
110
114
117
102
99
99
99
99
101
103
107
111
115
119
122
109
107
105
105
105
107
110
113
117
122
126
127
116
115
113
113
113
116
118
122
126
127
127
127
127
125
122
122
122
124
127
127
127
127
127
127
127
127
127
127
127
127
127
127
127
127
127
127
110
118
124
127
127
127
127
127
127
118
106
97
80
83
89
100
116
127
114
95
81
71
67
64
50
49
47
46
50
52
46
43
43
42
41
41
40
40
38
37
37
33
31
37
37
37
38
38
40
40
39
40
40
34
32
37
40
40
40
40
41
40
40
40
40
36
32
33
39
40
40
40
40
41
41
40
40
36
32
32
35
40
41
41
40
42
41
41
40
37
32
32
33
37
41
40
40
41
41
40
40
37
32
32
32
33
38
40
40
40
41
39
40
37
32
32
32
32
35
40
127
127
127
127
127
127
127
127
127
127
127
127
127
127
127
127
127
127
127
127
127
127
127
127
127
127
127
127
127
127
127
127
127
127
127
127
127
127
127
127
127
127
127
127
127
127
127
127
127
127
127
127
127
127
127
127
127
127
127
127
127
127
127
127
127
127
127
127
127
127
127
127
111
125
127
127
127
127
127
127
127
126
109
96
78
81
88
104
127
127
126
99
81
70
66
64
50
49
47
47
50
54
47
43
43
42
42
42
41
40
39
37
37
33
30
37
38
39
39
40
40
40
40
40
40
34
32
38
41
40
40
41
42
41
41
40
41
37
32
33
40
40
41
40
41
42
42
40
40
36
32
32
35
41
42
41
41
43
42
41
41
37
32
32
33
37
42
42
41
42
42
40
41
37
32
32
32
33
39
42
41
40
42
40
40
37
32
32
32
32
36
43
