86
84
83
83
83
85
89
91
93
99
103
104
90
88
86
86
87
89
91
95
98
103
106
109
96
94
92
92
93
96
97
101
105
109
113
116
104
102
101
100
101
103
106
109
113
116
120
123
113
111
110
110
110
112
114
118
122
127
127
127
123
124
124
124
123
124
127
127
127
127
125
120
113
117
121
126
127
127
127
125
119
110
101
93
83
87
93
102
119
125
103
89
77
69
65
64
51
50
49
43
84
87
45
44
44
43
43
42
42
42
40
39
122
106
35
40
40
40
41
41
42
43
38
71
127
127
40
43
43
43
44
43
43
42
42
120
127
127
49
42
43
43
44
43
43
38
71
127
127
127
65
40
43
42
42
43
40
43
122
127
127
127
88
39
45
43
43
43
39
76
127
127
127
127
113
40
44
44
44
43
41
113
127
127
127
127
127
43
43
43
44
43
99
96
96
96
96
98
100
104
108
112
116
119
103
100
99
99
99
102
104
108
112
116
120
123
109
106
106
106
106
108
110
114
118
122
126
127
117
115
113
113
114
116
119
122
126
127
127
127
127
124
123
122
123
125
127
127
127
127
127
127
127
127
127
127
127
127
127
127
127
127
127
121
115
122
127
127
127
127
127
127
123
112
101
92
82
85
92
105
123
127
106
89
76
69
65
63
50
48
47
47
49
51
45
43
42
41
41
41
40
39
38
37
31
33
36
37
38
38
39
38
39
39
40
38
31
33
40
40
40
40
40
40
40
40
41
35
32
33
40
40
40
40
40
40
40
41
40
32
32
32
39
41
41
40
40
40
39
40
36
32
32
32
37
42
41
40
40
40
40
38
33
32
32
32
36
41
41
40
41
40
41
36
32
32
32
32
35
40
40
40
41
40
127
127
127
127
127
127
127
127
127
127
127
127
127
127
127
127
127
127
127
127
127
127
127
127
127
127
127
127
127
127
127
127
127
127
127
127
127
127
127
127
127
127
127
127
127
127
127
127
127
127
127
127
127
127
127
127
127
127
127
127
127
127
127
127
127
127
127
127
127
127
127
127
119
127
127
127
127
127
127
127
127
116
100
90
80
83
94
111
127
127
115
91
74
67
65
64
50
49
47
47
51
54
45
43
43
42
42
42
40
40
39
37
31
32
36
37
38
39
40
39
40
40
41
40
31
33
40
41
40
41
41
40
41
40
42
36
32
33
40
41
40
40
41
40
40
41
40
32
32
32
40
42
42
40
40
40
40
40
36
32
32
32
38
43
42
41
41
41
40
38
33
32
32
32
37
43
42
42
42
41
42
36
32
32
32
32
36
42
41
41
42
41
