85
84
82
82
83
85
86
91
95
97
101
105
89
88
86
86
86
89
91
94
98
102
106
109
96
94
92
92
92
95
98
100
104
109
113
116
104
102
100
100
100
103
105
109
113
116
120
123
113
111
110
109
110
112
114
118
122
127
127
127
123
123
124
123
123
124
127
127
127
127
125
118
113
116
121
125
127
127
127
125
119
110
100
92
83
87
93
101
117
127
105
89
77
69
65
64
51
50
48
43
92
82
46
44
44
43
43
42
43
41
33
68
127
69
36
40
41
40
40
40
41
37
55
127
127
64
40
43
43
43
43
43
40
43
107
127
127
57
40
43
43
43
43
43
35
94
127
127
127
53
40
43
43
43
43
43
82
127
127
127
127
49
42
43
43
44
43
43
127
127
127
127
127
46
43
44
44
44
44
44
127
127
127
127
127
45
42
45
44
43
45
44
97
96
95
95
96
98
101
103
106
110
114
117
102
100
99
99
99
102
104
107
111
115
119
122
110
106
105
105
106
108
110
114
118
122
126
127
117
115
113
113
113
116
118
122
126
127
127
127
127
124
122
122
123
125
127
127
127
127
127
127
127
127
127
127
127
127
127
127
127
127
127
120
115
122
127
127
127
127
127
127
123
111
100
92
82
85
92
104
121
127
108
90
76
68
65
64
50
48
47
47
48
53
45
43
42
41
41
41
40
39
39
35
30
36
36
37
37
38
38
38
39
39
39
35
31
37
40
40
40
40
40
40
40
40
36
32
33
40
40
40
40
40
40
40
40
37
32
32
33
40
40
40
40
40
40
40
37
33
32
32
34
40
41
40
41
40
40
40
33
32
32
32
34
40
41
41
41
40
42
41
32
32
32
32
35
41
41
42
41
40
42
40
127
127
127
127
127
127
127
127
127
127
127
127
127
127
127
127
127
127
127
127
127
127
127
127
127
127
127
127
127
127
127
127
127
127
127
127
127
127
127
127
127
127
127
127
127
127
127
127
127
127
127
127
127
127
127
127
127
127
127
127
127
127
127
127
127
127
127
127
127
127
127
126
120
127
127
127
127
127
127
127
127
116
99
89
81
84
93
110
127
127
117
92
74
67
64
63
50
49
47
47
50
54
46
43
42
42
42
42
40
40
40
35
30
36
36
37
39
39
39
39
40
40
40
35
31
38
41
40
41
40
40
40
40
40
36
32
33
40
42
40
40
41
41
41
40
38
32
32
33
40
41
40
41
41
40
40
37
33
32
32
34
41
42
41
42
42
40
41
33
32
32
32
36
42
42
42
42
42
42
42
32
32
32
31
36
43
42
43
42
41
43
42
