85
83
82
82
83
85
87
90
94
98
102
105
89
87
86
85
86
89
91
94
98
102
106
109
96
93
92
92
92
95
97
100
104
108
112
116
104
102
100
99
100
103
105
108
112
116
120
123
113
111
109
109
109
111
113
117
121
127
127
127
123
123
123
123
123
123
127
127
127
127
125
119
113
116
120
124
127
127
127
126
119
110
101
93
82
86
92
99
114
127
107
91
78
70
65
64
50
50
48
41
88
85
47
46
44
43
43
42
43
41
33
69
127
70
37
40
40
40
41
40
41
38
60
127
127
61
40
43
43
43
43
43
41
50
118
127
127
49
40
43
44
44
43
43
43
113
127
127
127
43
41
42
43
43
44
43
108
127
127
127
110
40
42
42
43
42
45
44
127
127
127
127
92
39
43
43
43
42
44
43
127
127
127
127
81
39
44
44
42
41
43
43
97
95
95
95
96
98
99
103
107
110
114
117
102
99
99
99
99
101
103
107
111
115
119
122
109
107
105
105
105
107
110
113
117
122
126
127
116
115
113
113
113
116
118
121
125
127
127
127
127
124
122
122
122
124
127
127
127
127
127
127
127
127
127
127
127
127
127
127
127
127
127
120
115
121
127
127
127
127
127
127
125
113
100
92
82
85
92
103
118
127
112
91
77
69
65
63
50
48
47
46
47
53
46
43
42
41
41
41
40
39
38
35
30
36
37
37
37
38
38
38
39
40
38
34
32
37
40
40
40
40
40
40
40
40
35
32
33
40
40
40
40
40
40
40
40
36
32
32
35
41
40
39
40
40
40
40
36
33
32
32
37
42
40
39
40
40
41
41
33
32
32
32
38
41
40
40
40
40
41
41
32
32
32
32
38
40
41
41
39
39
40
40
127
127
127
127
127
127
127
127
127
127
127
127
127
127
127
127
127
127
127
127
127
127
127
127
127
127
127
127
127
127
127
127
127
127
127
127
127
127
127
127
127
127
127
127
127
127
127
127
127
127
127
127
127
127
127
127
127
127
127
127
127
127
127
127
127
127
127
127
127
127
127
127
118
127
127
127
127
127
127
127
127
118
100
90
80
83
92
107
127
127
122
93
75
68
65
64
50
49
47
47
48
55
47
43
42
42
42
42
40
40
40
34
30
36
37
37
38
39
39
39
40
40
40
33
32
38
41
41
41
42
40
40
41
40
35
31
33
40
41
41
42
42
41
41
40
36
32
32
35
41
41
40
40
40
42
41
37
33
32
32
37
42
41
40
41
40
42
42
33
32
32
32
39
43
41
41
40
40
42
42
32
32
32
32
39
42
42
42
40
40
41
41
