84
83
82
82
82
84
87
89
93
97
101
103
89
87
85
85
85
87
90
93
97
101
105
108
96
93
92
91
92
93
96
99
103
107
111
115
103
101
99
99
99
101
103
107
111
116
120
123
113
110
109
108
108
110
113
116
120
126
127
127
123
123
123
123
123
123
127
127
127
127
127
122
111
115
119
123
126
127
127
127
122
113
104
96
81
84
90
96
106
127
116
96
82
72
67
63
52
50
50
43
62
104
53
45
44
43
43
42
43
42
35
47
118
105
37
40
40
40
41
40
42
37
47
99
127
96
37
43
43
43
43
43
41
41
87
127
127
75
38
42
43
43
43
44
35
82
127
127
127
61
40
43
43
43
42
44
82
127
127
127
127
50
40
43
43
43
42
42
127
127
127
127
126
43
43
45
43
43
43
41
127
127
127
127
113
40
44
45
43
44
44
43
96
94
94
93
94
96
99
103
106
110
113
118
101
99
98
97
98
100
103
106
110
114
118
122
109
106
104
103
104
106
109
113
116
121
125
127
116
114
112
112
112
114
116
120
124
127
127
127
127
123
121
121
121
123
126
127
127
127
127
127
127
127
127
127
127
127
127
127
127
127
127
124
112
118
124
127
127
127
127
127
127
117
105
95
80
83
89
98
111
127
122
98
82
71
66
64
50
49
47
47
47
51
50
43
42
42
41
41
40
39
39
37
31
33
37
37
37
37
38
38
39
39
40
36
31
36
40
40
40
40
40
40
40
40
37
33
32
39
40
40
40
40
40
40
40
38
33
32
33
40
40
40
41
40
40
40
37
33
32
32
34
40
40
40
40
40
40
40
34
32
32
32
35
40
40
41
40
40
40
40
32
32
32
32
37
41
41
40
40
41
41
40
127
127
127
127
127
127
127
127
127
127
127
127
127
127
127
127
127
127
127
127
127
127
127
127
127
127
127
127
127
127
127
127
127
127
127
127
127
127
127
127
127
127
127
127
127
127
127
127
127
127
127
127
127
127
127
127
127
127
127
127
127
127
127
127
127
127
127
127
127
127
127
127
113
125
127
127
127
127
127
127
127
125
106
93
79
82
87
101
121
127
127
103
81
69
65
64
50
48
47
47
47
54
51
43
43
42
42
42
40
40
40
37
31
33
37
37
38
39
39
39
40
40
40
37
32
36
40
41
41
40
40
41
40
40
38
33
31
40
41
40
41
41
41
42
41
38
33
32
33
40
41
40
41
41
40
41
39
33
32
32
34
40
41
41
41
41
41
40
34
32
32
32
36
42
42
42
41
41
41
40
32
32
32
32
37
42
43
42
41
42
42
41
