85
82
81
81
81
83
86
89
92
97
101
104
89
86
85
84
85
87
89
92
96
101
105
108
95
92
91
90
91
93
95
99
103
107
111
114
103
101
99
99
99
101
103
106
110
115
119
122
114
110
108
107
107
110
112
116
120
124
127
127
122
123
123
122
123
123
125
127
127
127
127
123
110
114
117
121
125
127
127
127
123
116
106
98
79
82
89
96
103
123
122
99
85
75
68
64
52
50
50
47
47
104
64
45
45
44
43
42
43
43
40
35
89
127
46
38
40
40
41
41
43
41
39
71
127
127
42
43
43
43
43
43
43
40
54
127
127
127
40
43
44
44
43
43
39
46
121
127
127
117
37
42
43
43
43
43
43
104
127
127
127
105
37
43
43
43
44
43
90
127
127
127
127
92
37
43
43
43
45
43
127
127
127
127
127
84
37
43
42
42
45
44
96
94
93
93
93
96
98
102
106
110
114
116
101
99
97
97
97
99
102
106
110
114
118
121
108
106
103
103
103
106
108
112
116
120
124
127
116
113
112
111
111
113
116
120
123
127
127
127
127
123
121
120
120
123
125
127
127
127
127
127
127
127
127
127
127
127
127
127
127
127
127
127
110
116
123
127
127
127
127
127
127
120
107
97
80
82
87
96
107
127
127
103
85
73
67
64
50
49
47
47
47
50
51
43
42
42
41
41
40
40
39
37
33
31
37
36
37
37
38
38
39
40
40
37
33
33
39
40
40
40
40
40
40
40
40
34
31
34
40
41
40
40
40
40
40
40
35
32
32
36
40
39
40
40
40
40
41
37
33
32
32
37
40
40
40
40
40
40
38
33
32
32
32
37
40
41
40
40
42
40
33
32
32
32
32
37
39
40
40
40
42
41
127
127
127
127
127
127
127
127
127
127
127
127
127
127
127
127
127
127
127
127
127
127
127
127
127
127
127
127
127
127
127
127
127
127
127
127
127
127
127
127
127
127
127
127
127
127
127
127
127
127
127
127
127
127
127
127
127
127
127
127
127
127
127
127
127
127
127
127
127
127
127
127
110
122
127
127
127
127
127
127
127
127
110
96
79
81
85
97
115
127
127
110
85
71
66
64
50
49
48
47
47
51
54
44
43
42
42
42
41
40
40
38
33
31
37
36
37
38
40
40
40
40
40
38
33
33
40
41
41
41
41
41
41
41
40
35
31
35
41
42
42
42
40
41
41
41
36
32
31
36
40
40
41
41
40
41
42
37
33
32
32
37
40
41
40
40
42
41
38
33
32
32
32
38
40
42
40
40
43
41
33
32
32
32
32
38
40
41
40
40
43
42
