83
82
80
80
80
82
84
88
92
96
100
103
88
85
84
83
83
85
88
92
96
100
104
107
95
92
90
89
89
92
94
98
102
106
110
114
103
100
98
97
97
99
102
106
110
114
118
121
116
111
108
106
106
109
110
114
118
123
127
127
120
121
122
122
122
123
123
127
127
127
127
127
106
111
115
119
123
127
127
127
127
122
113
105
78
81
85
91
99
111
127
110
92
80
71
67
54
51
50
49
48
55
107
51
44
44
43
43
43
43
42
41
35
70
127
57
36
40
40
40
41
43
43
42
39
111
127
85
38
43
43
43
43
43
43
40
54
127
127
116
41
43
44
43
43
43
43
37
89
127
127
127
52
42
44
43
44
43
42
46
127
127
127
127
76
38
43
43
44
43
40
73
127
127
127
127
112
40
41
43
45
43
40
101
127
127
127
127
127
44
41
42
96
93
92
92
92
95
97
99
103
110
113
117
100
98
96
96
96
98
101
104
108
113
117
121
107
105
103
102
102
104
107
111
115
120
123
127
116
113
111
110
110
113
115
119
123
127
127
127
127
124
121
120
120
121
123
127
127
127
127
127
123
127
127
127
127
127
127
127
127
127
127
127
106
112
118
125
127
127
127
127
127
127
116
105
78
81
84
91
101
116
127
114
94
79
70
66
51
50
48
47
47
48
51
47
43
42
41
41
40
40
39
38
37
35
30
35
37
37
37
38
38
40
40
40
40
35
30
37
41
40
40
40
40
40
40
40
40
33
31
36
41
40
40
40
40
40
40
40
37
32
32
33
39
40
40
40
41
41
41
40
35
32
32
33
37
40
40
40
42
41
41
40
33
32
32
31
36
40
40
40
43
40
41
37
32
32
32
31
35
42
39
40
127
127
127
127
127
127
127
127
127
127
127
127
127
127
127
127
127
127
127
127
127
127
127
127
127
127
127
127
127
127
127
127
127
127
127
127
127
127
127
127
127
127
127
127
127
127
127
127
127
127
127
127
127
127
127
127
127
127
127
127
127
127
127
127
127
127
127
127
127
127
127
127
103
113
127
127
127
127
127
127
127
127
123
106
78
79
82
89
105
127
127
126
98
78
69
65
52
50
48
47
47
50
54
48
43
42
42
42
40
41
40
39
37
34
30
36
37
38
39
39
39
40
40
40
40
35
30
38
42
40
40
40
40
41
41
41
40
33
31
37
42
41
41
41
41
41
41
41
38
32
32
33
40
42
42
41
42
42
42
41
35
32
32
33
37
41
41
40
42
42
42
40
33
32
32
31
36
41
40
40
43
42
42
38
32
32
32
31
35
43
40
40
