83
82
80
80
80
82
84
88
92
95
100
104
88
85
84
83
83
85
88
92
96
99
104
108
95
92
90
89
89
92
94
98
102
106
110
114
103
100
98
97
97
99
102
106
110
114
118
121
116
111
108
106
106
108
110
114
118
123
127
127
120
121
122
121
122
123
123
127
127
127
127
127
106
110
115
118
122
127
127
127
127
123
114
106
78
80
84
90
98
110
127
110
93
81
72
68
54
52
50
49
49
50
103
61
42
44
43
43
44
43
42
40
40
44
127
85
33
40
41
41
43
43
43
41
40
61
127
127
47
40
43
43
43
43
43
43
37
86
127
127
76
39
43
43
43
43
43
43
37
114
127
127
127
40
43
43
44
43
43
40
47
127
127
127
127
73
39
43
44
45
43
37
64
127
127
127
127
120
47
41
44
45
43
36
79
127
127
127
127
127
61
40
96
93
92
92
92
95
97
100
103
108
113
116
100
98
96
96
96
98
100
104
108
113
117
120
107
105
103
102
102
104
106
110
115
120
123
127
116
113
111
110
110
113
115
119
123
127
127
127
127
124
121
120
120
121
123
127
127
127
127
127
123
127
127
127
127
127
127
127
127
127
127
127
105
110
118
124
127
127
127
127
127
127
117
106
78
80
84
89
99
115
127
116
96
81
71
67
52
50
48
47
47
49
52
47
43
42
42
41
41
40
40
38
38
37
31
33
37
37
37
38
39
39
40
39
40
39
30
34
40
40
40
40
40
40
40
40
40
38
32
33
38
40
40
40
40
41
40
40
40
35
32
32
35
40
41
40
41
42
40
40
40
34
32
32
33
38
41
40
40
42
40
40
39
33
32
32
32
35
40
40
40
42
40
39
37
32
32
32
32
33
40
40
127
127
127
127
127
127
127
127
127
127
127
127
127
127
127
127
127
127
127
127
127
127
127
127
127
127
127
127
127
127
127
127
127
127
127
127
127
127
127
127
127
127
127
127
127
127
127
127
127
127
127
127
127
127
127
127
127
127
127
127
127
127
127
127
127
127
127
127
127
127
127
127
102
111
125
127
127
127
127
127
127
127
126
108
77
78
82
88
103
127
127
127
99
80
69
66
52
50
48
47
47
50
54
47
43
42
42
42
42
41
40
39
38
37
30
33
37
37
39
39
40
40
40
40
41
39
30
34
41
40
41
40
41
40
40
41
41
38
32
33
39
41
40
41
41
42
41
40
40
35
32
32
35
41
42
41
42
42
40
40
40
34
32
32
33
39
42
41
42
42
40
40
40
33
32
32
32
36
41
41
42
43
41
40
37
33
32
32
32
33
40
40
