84
82
80
80
80
82
83
88
92
95
100
104
88
85
84
83
83
85
88
91
95
99
104
107
94
92
90
89
89
92
95
97
101
106
110
113
103
100
98
97
97
99
102
106
110
114
118
121
117
112
108
106
106
108
110
114
118
123
127
127
120
121
122
121
122
123
123
127
127
127
127
127
105
110
115
118
122
127
127
127
127
122
115
107
78
80
84
90
98
110
127
112
94
82
73
68
54
52
50
50
49
49
99
68
40
45
43
43
44
43
42
42
40
37
115
113
37
39
41
41
42
42
42
43
43
39
127
127
75
38
43
43
43
43
42
44
43
43
127
127
127
47
42
43
42
43
43
44
43
46
127
127
127
96
37
43
42
43
43
44
42
50
127
127
127
127
67
38
41
43
43
44
41
57
127
127
127
127
118
50
40
41
43
43
40
63
127
127
127
127
127
70
96
93
92
92
92
95
97
100
103
108
113
116
100
98
96
96
96
98
100
104
108
113
117
120
107
105
103
102
102
104
106
110
115
120
123
127
116
113
111
110
110
112
115
119
123
127
127
127
127
124
121
120
120
121
123
127
127
127
127
127
122
126
127
127
127
127
127
127
127
127
127
127
103
110
116
124
127
127
127
127
127
127
119
108
78
80
83
89
99
114
127
116
96
82
72
68
52
50
49
47
47
49
52
47
43
42
42
41
41
40
39
39
37
37
33
31
37
37
37
38
40
39
38
40
40
40
33
32
38
40
40
40
40
40
39
40
40
40
34
32
34
40
40
40
40
40
40
41
40
40
33
32
32
37
40
41
39
40
40
41
40
40
33
32
32
33
39
41
38
40
40
41
40
40
33
32
32
32
35
40
37
40
40
40
40
39
32
32
32
32
33
38
127
127
127
127
127
127
127
127
127
127
127
127
127
127
127
127
127
127
127
127
127
127
127
127
127
127
127
127
127
127
127
127
127
127
127
127
127
127
127
127
127
127
127
127
127
127
127
127
127
127
127
127
127
127
127
127
127
127
127
127
127
127
127
127
127
127
127
127
127
127
127
127
102
110
124
127
127
127
127
127
127
127
127
110
78
79
81
88
103
126
127
127
100
80
69
66
52
50
48
47
47
50
54
47
43
43
42
42
42
40
40
39
37
37
32
31
37
38
39
39
40
40
39
40
40
40
33
33
39
41
40
40
41
40
40
41
41
41
34
32
34
41
41
41
40
40
41
42
42
41
33
32
32
37
41
42
40
41
41
42
41
40
33
32
32
34
40
42
39
41
41
42
41
40
33
32
32
32
36
41
38
40
41
41
41
40
32
32
32
32
33
39
