83
82
80
80
80
82
84
88
92
96
100
103
88
85
84
83
83
85
88
92
96
100
104
107
95
92
90
89
89
92
94
98
102
106
110
114
103
100
98
97
97
99
102
106
110
114
118
121
117
112
108
106
106
108
110
114
118
123
127
127
120
121
122
121
123
123
123
127
127
127
127
127
105
110
114
118
123
127
127
127
127
123
116
106
78
80
83
90
98
110
127
112
93
82
73
68
54
52
50
50
49
50
94
75
39
45
43
43
43
43
43
41
40
37
93
127
48
34
41
40
41
43
43
43
43
37
93
127
102
43
40
43
43
44
43
43
43
37
84
127
127
77
41
43
44
43
43
43
43
38
80
127
127
127
64
37
43
43
43
43
43
38
75
127
127
127
127
54
43
43
44
44
44
39
70
127
127
127
127
108
44
43
45
46
43
40
68
127
127
127
127
127
96
93
92
92
92
95
97
100
103
110
113
117
100
98
96
96
96
98
101
104
108
113
117
121
107
105
103
102
102
104
107
110
115
120
123
127
116
113
111
110
110
113
115
119
123
127
127
127
127
124
121
120
120
121
123
127
127
127
127
127
122
126
127
127
127
127
127
127
127
127
127
127
103
110
116
124
127
127
127
127
127
127
119
108
78
79
83
89
99
115
127
116
96
82
72
68
52
50
49
47
47
49
52
46
43
42
42
41
41
40
40
39
37
37
34
30
36
37
37
38
38
39
40
40
40
40
36
31
37
40
40
40
40
40
40
40
41
40
37
32
33
38
41
40
40
40
40
40
40
40
38
32
32
33
40
41
40
41
41
40
41
40
38
32
32
32
35
39
41
41
41
40
41
40
39
32
32
32
32
35
42
41
41
41
40
41
40
33
32
32
32
33
127
127
127
127
127
127
127
127
127
127
127
127
127
127
127
127
127
127
127
127
127
127
127
127
127
127
127
127
127
127
127
127
127
127
127
127
127
127
127
127
127
127
127
127
127
127
127
127
127
127
127
127
127
127
127
127
127
127
127
127
127
127
127
127
127
127
127
127
127
127
127
127
101
110
124
127
127
127
127
127
127
127
127
110
78
79
81
87
103
127
127
127
100
80
70
67
53
50
49
47
47
50
55
47
43
43
42
42
42
40
40
39
37
37
34
30
36
38
39
39
39
40
40
40
40
40
36
31
37
41
42
40
40
42
41
41
42
40
37
32
33
39
42
41
41
41
41
40
41
41
39
32
32
33
40
42
41
42
42
40
42
41
39
33
32
32
36
40
42
42
42
42
42
41
40
33
32
32
33
36
43
42
42
43
41
42
40
33
32
32
32
33
