85
82
81
81
81
83
86
89
92
97
101
104
89
86
85
84
85
86
89
92
96
101
105
108
95
92
91
90
91
92
95
99
103
107
111
114
103
101
99
98
98
100
103
106
110
115
119
122
116
111
108
107
107
110
112
116
120
124
127
127
120
121
122
122
123
123
125
127
127
127
127
127
106
111
116
120
125
127
127
127
127
120
112
104
78
81
85
93
102
119
127
102
89
78
71
67
54
52
50
50
49
55
104
57
39
44
43
43
43
43
42
40
40
38
105
116
47
33
41
41
42
43
43
42
42
37
94
127
102
49
39
43
44
43
44
43
42
39
68
127
127
93
43
41
43
43
43
43
42
41
53
127
127
127
95
39
43
43
43
43
43
42
43
126
127
127
127
96
43
43
43
43
43
43
38
103
127
127
127
127
43
43
45
43
43
43
37
85
127
127
127
127
97
95
93
93
93
96
98
102
106
110
114
116
101
99
97
97
97
99
102
106
110
114
118
121
107
105
103
103
103
106
108
112
116
120
124
127
116
113
112
111
111
113
116
120
123
127
127
127
127
125
121
120
120
123
125
127
127
127
127
127
123
127
127
127
127
127
127
127
127
127
127
127
106
112
119
127
127
127
127
127
127
126
115
104
78
81
85
92
104
123
127
107
90
77
70
66
51
50
48
47
46
52
50
43
43
42
41
41
40
40
39
37
37
37
33
31
36
37
37
38
39
40
40
40
40
39
36
33
37
39
40
40
40
40
41
41
40
40
39
33
33
37
40
40
40
40
40
41
40
41
40
33
32
33
37
41
40
40
40
40
40
40
40
34
32
32
33
37
40
40
41
40
40
40
40
36
32
32
32
33
41
40
43
41
40
40
40
37
32
32
32
32
127
127
127
127
127
127
127
127
127
127
127
127
127
127
127
127
127
127
127
127
127
127
127
127
127
127
127
127
127
127
127
127
127
127
127
127
127
127
127
127
127
127
127
127
127
127
127
127
127
127
127
127
127
127
127
127
127
127
127
127
127
127
127
127
127
127
127
127
127
127
127
127
103
113
127
127
127
127
127
127
127
127
120
104
78
79
82
92
110
127
127
116
93
76
68
64
52
50
48
47
47
54
52
44
43
42
42
42
41
41
40
38
37
37
33
30
37
39
39
40
40
40
40
40
40
40
36
32
37
40
41
41
42
41
42
42
40
40
40
32
32
37
41
41
41
40
41
41
40
42
40
33
32
33
38
42
41
40
41
41
40
41
41
34
32
32
33
37
41
40
42
41
40
41
41
36
32
32
32
33
42
41
43
42
40
41
41
37
32
32
32
32
