84
83
82
82
82
84
86
89
93
96
100
105
89
87
85
85
85
88
90
93
97
101
105
109
96
93
92
91
92
94
96
99
103
108
112
115
103
101
99
99
99
102
104
107
111
116
120
123
115
111
109
108
108
110
113
116
120
125
127
127
121
123
123
123
123
123
127
127
127
127
127
126
108
113
117
121
127
127
127
127
124
117
109
100
78
82
88
95
106
126
118
96
85
75
68
65
53
51
50
49
47
77
96
40
43
44
43
43
43
43
42
40
37
57
127
75
33
40
41
40
42
43
43
43
40
49
127
127
64
38
42
43
44
44
43
44
42
42
127
127
124
49
40
43
43
44
43
44
44
40
127
127
127
114
43
40
44
43
43
43
43
39
112
127
127
127
100
43
44
43
43
43
43
39
96
127
127
127
127
89
44
44
43
42
43
38
85
127
127
127
127
127
96
96
94
94
94
96
99
103
106
111
115
118
101
99
98
98
98
100
103
106
110
115
119
122
108
106
104
104
104
106
109
113
116
121
125
127
116
114
113
112
112
114
117
121
125
127
127
127
127
125
122
121
121
123
126
127
127
127
127
127
126
127
127
127
127
127
127
127
127
127
127
127
108
115
122
127
127
127
127
127
127
121
110
100
79
82
86
96
110
127
121
100
85
74
68
65
50
49
47
47
47
53
47
43
42
42
41
41
40
40
39
38
37
37
30
33
37
37
38
38
39
40
40
40
40
38
32
34
39
40
40
40
40
41
40
40
40
40
33
32
35
40
40
40
40
40
40
41
41
40
34
32
32
36
40
42
40
40
40
40
40
41
35
32
32
33
37
41
40
41
40
40
40
41
37
32
32
32
33
37
40
41
41
40
40
40
37
32
32
32
32
33
127
127
127
127
127
127
127
127
127
127
127
127
127
127
127
127
127
127
127
127
127
127
127
127
127
127
127
127
127
127
127
127
127
127
127
127
127
127
127
127
127
127
127
127
127
127
127
127
127
127
127
127
127
127
127
127
127
127
127
127
127
127
127
127
127
127
127
127
127
127
127
127
106
119
127
127
127
127
127
127
127
127
114
100
78
80
85
97
120
127
127
106
85
72
67
65
51
50
48
46
48
55
49
43
43
43
42
42
41
40
40
38
37
37
30
33
38
38
39
39
40
40
40
41
40
39
32
34
40
41
40
40
42
42
41
42
41
40
34
32
36
40
40
41
41
41
41
42
42
41
35
32
32
37
41
43
41
41
41
41
41
42
36
32
32
33
37
42
41
41
41
41
41
42
37
32
32
32
33
37
41
42
42
40
40
41
37
32
32
32
32
33
