85
82
82
82
83
85
88
90
94
98
102
105
89
87
86
85
86
89
92
94
98
102
106
109
96
94
92
92
92
95
98
100
104
108
112
115
104
102
100
100
100
103
106
108
112
116
120
123
113
111
109
109
109
111
113
117
121
127
127
127
123
123
123
123
123
123
127
127
127
127
127
122
111
116
120
123
127
127
127
127
121
113
104
96
81
85
92
99
113
127
107
92
80
71
67
64
52
50
50
48
56
107
50
44
44
43
43
42
43
41
40
37
56
127
72
33
40
40
40
41
43
42
42
37
76
127
120
43
41
43
43
43
43
43
43
37
100
127
127
68
39
43
43
43
44
43
40
40
123
127
127
116
41
43
44
43
43
43
40
52
127
127
127
127
65
40
46
44
43
43
39
71
127
127
127
127
110
45
45
44
43
42
38
89
127
127
127
127
127
54
44
43
97
95
95
95
96
98
100
103
107
110
114
117
102
99
99
99
99
102
104
107
111
115
119
122
109
107
105
105
106
108
110
113
117
122
126
127
116
115
113
113
113
116
118
122
126
127
127
127
127
124
122
122
122
124
127
127
127
127
127
127
127
127
127
127
127
127
127
127
127
127
127
125
112
119
126
127
127
127
127
127
127
116
104
96
81
85
91
101
118
127
113
93
79
71
66
64
50
48
47
47
49
51
47
43
43
42
41
41
40
39
38
38
36
31
33
37
37
37
38
38
40
39
39
40
37
30
34
40
40
40
40
40
40
40
40
40
37
32
33
39
40
40
40
40
40
40
39
40
34
32
32
36
41
40
41
40
41
41
40
39
33
32
32
33
40
40
41
40
40
40
40
39
32
32
32
32
36
40
41
40
40
40
40
38
32
32
32
32
33
40
41
40
127
127
127
127
127
127
127
127
127
127
127
127
127
127
127
127
127
127
127
127
127
127
127
127
127
127
127
127
127
127
127
127
127
127
127
127
127
127
127
127
127
127
127
127
127
127
127
127
127
127
127
127
127
127
127
127
127
127
127
127
127
127
127
127
127
127
127
127
127
127
127
127
113
127
127
127
127
127
127
127
127
123
105
93
78
82
90
105
127
127
123
96
78
69
65
64
50
49
47
46
51
54
47
43
42
42
42
42
41
40
38
37
36
30
33
37
38
39
40
40
40
40
40
41
38
30
35
40
40
40
41
41
41
41
40
41
37
32
33
39
41
41
40
41
41
41
40
40
34
32
32
36
42
41
42
41
42
42
40
40
33
32
32
33
40
42
42
42
41
41
41
40
33
32
32
32
37
42
42
41
40
40
41
39
32
32
32
32
34
42
43
40
