85
83
82
82
82
85
87
89
93
98
102
105
89
87
85
85
85
88
91
93
97
102
106
109
96
93
92
92
92
94
97
99
103
108
112
115
103
102
99
99
99
102
104
108
112
116
120
123
113
110
109
108
109
111
113
116
120
127
127
127
123
123
123
123
123
123
127
127
127
127
127
121
111
115
119
123
127
127
127
127
121
113
103
96
81
85
91
99
109
127
113
94
81
71
67
64
52
50
50
44
63
103
50
46
44
43
43
43
43
42
39
38
110
118
37
40
40
41
40
40
43
41
38
78
127
127
39
43
43
43
43
43
43
40
53
127
127
124
40
43
43
43
43
43
40
42
116
127
127
123
40
43
43
43
43
43
37
90
127
127
127
123
40
43
43
44
43
43
70
127
127
127
127
123
40
43
43
45
43
44
119
127
127
127
127
123
40
44
44
45
44
45
98
95
94
94
95
97
99
103
106
111
115
118
102
99
98
98
99
101
103
106
110
115
119
122
108
106
104
104
105
107
110
113
116
121
125
127
116
114
113
112
113
115
117
121
125
127
127
127
127
123
122
121
121
123
126
127
127
127
127
127
127
127
127
127
127
127
127
127
127
127
127
124
113
119
125
127
127
127
127
127
127
116
104
95
80
84
90
99
113
127
118
96
80
71
66
64
50
48
47
47
47
52
48
43
42
42
41
41
40
39
38
37
32
33
37
37
37
37
38
38
40
39
40
37
32
33
40
40
40
40
40
40
40
40
39
33
32
35
41
40
40
40
40
40
40
40
36
32
32
35
40
40
40
40
40
40
40
37
33
32
32
35
41
40
40
40
40
40
37
33
32
32
32
35
41
41
41
41
40
41
34
32
32
32
31
36
41
42
41
41
40
43
127
127
127
127
127
127
127
127
127
127
127
127
127
127
127
127
127
127
127
127
127
127
127
127
127
127
127
127
127
127
127
127
127
127
127
127
127
127
127
127
127
127
127
127
127
127
127
127
127
127
127
127
127
127
127
127
127
127
127
127
127
127
127
127
127
127
127
127
127
127
127
127
113
127
127
127
127
127
127
127
127
123
105
92
78
82
89
103
124
127
127
99
79
69
65
64
50
48
47
47
48
54
50
43
42
42
42
42
41
40
39
38
32
32
37
37
38
39
39
39
40
40
40
39
32
33
41
40
41
41
40
40
40
41
40
34
31
36
42
40
40
41
41
41
40
40
36
32
31
35
41
41
40
40
41
40
40
37
33
32
31
36
42
42
41
42
40
40
38
33
32
32
31
36
42
42
41
43
40
42
35
32
32
32
31
36
42
43
42
42
41
43
