84
83
82
82
82
84
87
89
93
96
100
105
89
87
85
85
85
87
90
93
97
101
105
109
96
93
92
91
92
93
96
99
103
108
112
115
103
101
99
99
99
101
103
107
111
116
120
123
113
110
109
108
108
110
113
116
120
125
127
127
122
123
123
123
123
123
127
127
127
127
127
123
110
114
118
123
126
127
127
127
122
114
105
97
80
83
89
97
106
126
116
96
82
72
68
64
52
50
50
46
54
106
56
45
45
43
43
43
42
43
40
34
92
127
43
39
40
40
40
41
41
43
37
65
127
127
44
43
43
43
43
43
43
42
46
123
127
127
45
43
44
45
43
43
43
38
98
127
127
127
45
42
43
43
43
43
37
75
127
127
127
127
46
42
42
43
43
43
59
127
127
127
127
127
47
42
42
43
43
43
94
127
127
127
127
127
47
43
43
43
42
43
96
94
94
94
94
96
99
103
106
110
113
118
101
99
98
97
98
100
103
106
110
114
118
122
109
106
104
103
104
106
109
113
116
121
125
127
116
114
112
112
112
114
116
120
124
127
127
127
127
124
121
121
121
123
127
127
127
127
127
127
127
127
127
127
127
127
127
127
127
127
127
126
111
117
123
127
127
127
127
127
127
118
106
96
80
83
89
98
110
127
122
99
82
71
67
64
50
49
47
47
47
50
50
43
42
42
41
41
40
40
38
38
33
32
37
36
37
37
38
38
39
40
40
38
33
32
40
40
40
40
40
40
40
40
40
35
32
33
40
40
41
40
40
40
40
40
37
32
32
33
40
40
40
40
40
40
41
39
33
32
32
34
41
40
39
40
40
40
40
35
32
32
32
34
41
40
40
40
40
40
38
33
32
32
32
34
40
41
40
40
40
40
127
127
127
127
127
127
127
127
127
127
127
127
127
127
127
127
127
127
127
127
127
127
127
127
127
127
127
127
127
127
127
127
127
127
127
127
127
127
127
127
127
127
127
127
127
127
127
127
127
127
127
127
127
127
127
127
127
127
127
127
127
127
127
127
127
127
127
127
127
127
127
127
111
123
127
127
127
127
127
127
127
127
107
93
78
81
87
100
120
127
127
103
82
70
66
64
50
49
47
47
48
53
51
43
43
42
42
42
40
40
39
38
33
31
37
37
37
38
39
40
40
40
40
39
33
33
40
41
41
41
41
41
40
41
41
35
32
34
41
41
42
42
42
40
42
41
37
32
32
33
41
40
40
40
40
41
42
39
33
32
32
34
42
41
40
41
40
41
41
35
32
32
32
34
42
41
40
41
40
41
39
33
32
32
32
34
42
42
41
40
40
40
