85
82
82
81
82
84
86
89
92
97
101
103
89
86
85
85
85
87
90
92
96
101
105
108
95
92
91
91
91
93
96
99
103
107
111
115
103
101
99
99
99
101
103
107
111
115
119
123
114
110
108
107
108
110
112
116
120
124
127
127
122
123
123
122
123
123
125
127
127
127
127
123
110
113
117
121
126
127
127
127
123
116
106
98
79
83
89
96
103
123
120
99
85
75
68
64
52
51
50
48
46
104
64
45
45
44
43
43
43
43
41
33
71
127
55
37
40
41
40
41
42
43
38
50
127
127
60
40
43
43
43
43
43
43
40
94
127
127
65
40
43
43
43
43
43
38
66
127
127
127
70
40
43
43
43
43
40
51
127
127
127
127
75
40
44
43
43
43
45
96
127
127
127
127
81
39
44
43
43
43
56
127
127
127
127
127
84
37
43
43
42
43
96
94
93
93
94
96
99
102
106
110
114
118
101
99
97
97
97
99
103
106
110
114
118
122
109
106
103
103
103
106
109
112
116
120
125
127
116
114
112
111
112
114
116
120
124
127
127
127
127
124
121
120
120
123
125
127
127
127
127
127
127
127
127
127
127
127
127
127
127
127
127
127
110
116
123
127
127
127
127
127
127
120
107
97
79
82
88
96
108
127
125
101
85
73
67
64
50
49
47
47
47
50
50
43
42
42
41
41
40
40
38
37
35
30
36
37
37
37
38
38
40
40
39
38
35
30
38
40
40
40
40
40
40
40
40
37
32
32
39
40
40
40
40
40
40
41
40
33
32
32
39
41
40
40
41
40
41
40
35
32
32
32
39
41
41
40
40
40
41
37
32
32
32
32
38
41
41
40
40
40
40
33
32
32
32
32
37
40
41
40
40
40
127
127
127
127
127
127
127
127
127
127
127
127
127
127
127
127
127
127
127
127
127
127
127
127
127
127
127
127
127
127
127
127
127
127
127
127
127
127
127
127
127
127
127
127
127
127
127
127
127
127
127
127
127
127
127
127
127
127
127
127
127
127
127
127
127
127
127
127
127
127
127
127
110
122
127
127
127
127
127
127
127
127
110
96
79
81
85
98
117
127
127
108
84
71
67
64
50
49
47
48
47
53
54
44
43
42
42
42
41
40
39
38
34
30
36
37
37
39
39
40
40
40
40
39
35
30
39
42
40
41
40
41
41
41
41
37
32
32
40
42
41
41
40
40
41
42
40
33
32
32
40
42
41
41
42
40
42
41
35
32
32
32
40
42
42
41
41
40
42
37
32
32
32
32
39
42
42
41
40
40
41
34
32
32
32
32
37
41
42
41
40
41
