85
82
81
80
81
83
85
89
92
96
100
104
89
86
84
84
84
86
89
92
96
100
104
108
95
92
90
90
90
92
95
98
102
106
110
114
103
100
99
98
98
100
103
106
110
115
119
122
116
111
108
107
107
109
111
115
119
123
127
127
120
122
122
122
123
123
123
127
127
127
127
127
107
112
116
119
124
127
127
127
127
120
112
103
78
82
85
92
101
115
127
106
90
78
71
67
53
51
50
50
48
60
106
47
44
44
43
43
43
43
42
41
37
61
127
62
34
40
40
41
41
43
43
43
37
85
127
107
40
42
43
43
43
44
43
44
38
111
127
127
59
41
43
43
43
43
43
41
43
127
127
127
104
40
44
43
43
43
43
40
59
127
127
127
127
57
40
43
43
43
44
39
80
127
127
127
127
99
41
42
44
43
45
39
97
127
127
127
127
127
48
40
96
93
92
92
93
96
97
101
105
109
113
117
100
98
96
96
96
99
101
105
109
113
117
121
107
105
103
103
103
105
107
111
115
120
124
127
116
113
111
110
111
113
116
120
123
127
127
127
127
124
121
120
120
122
124
127
127
127
127
127
123
127
127
127
127
127
127
127
127
127
127
127
106
113
119
127
127
127
127
127
127
126
115
104
78
80
85
92
103
120
127
110
91
77
70
66
51
49
48
47
46
50
51
45
43
41
41
41
40
40
39
38
37
36
31
35
37
37
37
38
38
39
40
40
40
37
30
36
40
40
40
40
40
40
40
40
40
35
32
33
40
40
40
40
40
40
40
40
40
33
32
32
37
41
41
40
40
41
40
41
40
33
32
32
33
39
40
40
41
41
40
42
39
33
32
32
32
36
40
40
42
41
41
41
37
32
32
32
32
34
40
40
127
127
127
127
127
127
127
127
127
127
127
127
127
127
127
127
127
127
127
127
127
127
127
127
127
127
127
127
127
127
127
127
127
127
127
127
127
127
127
127
127
127
127
127
127
127
127
127
127
127
127
127
127
127
127
127
127
127
127
127
127
127
127
127
127
127
127
127
127
127
127
127
104
114
127
127
127
127
127
127
127
127
120
103
78
79
83
92
107
127
127
120
93
76
68
64
52
50
49
47
47
51
53
46
43
42
42
42
41
41
40
39
37
35
30
35
37
38
39
39
39
40
40
41
40
37
30
37
41
40
41
40
40
41
41
42
41
36
32
33
40
41
41
41
41
41
41
40
40
33
32
32
37
43
42
41
41
42
41
42
40
33
32
32
33
40
41
40
41
42
42
43
39
32
32
32
32
37
40
40
42
41
43
42
37
32
32
32
32
34
40
40
