85
82
81
81
81
83
85
89
92
96
99
104
89
86
85
84
84
86
89
92
96
100
104
108
95
92
91
90
90
92
95
99
103
107
111
114
103
101
99
98
98
100
103
106
110
115
119
122
116
111
108
107
107
110
112
115
119
124
127
127
120
122
122
122
123
123
125
127
127
127
127
127
107
112
116
120
125
127
127
127
126
119
111
103
78
82
85
93
102
117
126
103
89
77
70
67
53
51
50
50
48
61
106
46
44
44
43
43
43
42
42
41
38
54
127
71
33
40
40
41
42
41
43
43
40
64
127
126
47
40
43
43
43
43
44
44
40
75
127
127
85
39
43
43
43
43
43
43
37
87
127
127
127
54
40
43
43
43
44
44
37
101
127
127
127
108
42
41
43
44
44
43
38
114
127
127
127
127
74
40
43
43
43
42
39
123
127
127
127
127
114
40
97
95
93
92
93
96
98
102
106
110
114
116
101
99
97
96
97
99
102
106
110
114
118
121
107
105
103
103
103
106
108
112
116
120
124
127
116
113
112
111
111
113
116
120
123
127
127
127
127
124
121
120
120
123
125
127
127
127
127
127
123
127
127
127
127
127
127
127
127
127
127
127
106
113
120
127
127
127
127
127
127
125
114
103
78
81
85
92
104
123
127
108
89
76
70
65
51
49
48
47
46
51
50
44
43
41
41
41
40
40
39
38
37
36
30
34
37
37
38
38
38
39
40
40
40
38
30
35
40
40
40
40
40
40
41
40
40
38
32
33
37
40
40
40
40
40
40
40
40
37
32
32
33
39
40
40
40
40
40
40
40
37
32
32
32
36
40
40
40
41
40
40
40
36
32
32
32
33
39
40
40
41
40
40
40
35
32
32
32
32
36
40
127
127
127
127
127
127
127
127
127
127
127
127
127
127
127
127
127
127
127
127
127
127
127
127
127
127
127
127
127
127
127
127
127
127
127
127
127
127
127
127
127
127
127
127
127
127
127
127
127
127
127
127
127
127
127
127
127
127
127
127
127
127
127
127
127
127
127
127
127
127
127
127
104
115
127
127
127
127
127
127
127
127
119
103
78
79
83
92
110
127
127
116
92
75
68
64
52
50
49
47
47
53
53
45
43
42
42
42
41
40
40
39
37
37
30
34
37
38
39
39
39
40
40
41
41
39
30
36
40
41
40
40
40
40
42
42
42
40
32
33
37
42
41
41
40
40
41
41
41
37
32
32
33
40
42
42
41
41
42
42
41
37
32
32
32
37
42
41
41
42
41
41
41
36
32
32
32
33
39
41
41
42
40
40
40
35
32
32
32
32
36
41
