85
82
81
81
81
83
86
89
92
97
101
104
89
86
85
84
85
87
89
92
96
101
105
108
95
92
91
90
91
93
95
99
103
107
111
114
103
101
99
98
98
100
103
106
110
115
119
122
116
111
108
107
107
110
112
116
120
124
127
127
121
122
122
123
123
123
125
127
127
127
127
127
107
112
116
120
125
127
127
127
126
119
111
103
78
82
86
94
103
120
125
102
88
76
70
66
53
51
50
50
48
65
104
43
44
44
43
43
43
43
42
40
38
58
127
68
33
40
40
41
42
43
43
42
39
66
127
123
47
40
43
43
44
43
45
43
38
74
127
127
86
40
43
43
43
43
43
43
37
84
127
127
127
57
40
44
43
43
43
43
37
93
127
127
127
113
44
41
43
43
43
43
37
103
127
127
127
127
79
41
43
44
44
43
37
111
127
127
127
127
123
44
97
95
93
93
93
96
98
102
106
110
114
116
101
99
97
97
97
99
102
106
110
114
118
121
107
105
103
103
103
106
108
112
116
120
124
127
116
113
112
111
111
113
116
120
123
127
127
127
127
124
121
120
120
123
126
127
127
127
127
127
124
127
127
127
127
127
127
127
127
127
127
127
107
113
120
127
127
127
127
127
127
124
113
103
78
81
85
93
106
124
127
106
89
76
69
66
51
49
47
47
47
51
50
44
43
42
41
41
40
40
39
37
37
36
30
34
37
37
38
38
39
40
40
39
40
37
30
35
40
40
40
40
40
40
41
40
40
38
32
33
37
40
40
40
40
40
40
40
40
38
32
32
33
40
41
40
40
40
40
40
40
37
32
32
32
36
40
40
40
40
40
40
40
37
32
32
32
33
37
40
41
41
41
40
41
37
32
32
32
32
35
40
127
127
127
127
127
127
127
127
127
127
127
127
127
127
127
127
127
127
127
127
127
127
127
127
127
127
127
127
127
127
127
127
127
127
127
127
127
127
127
127
127
127
127
127
127
127
127
127
127
127
127
127
127
127
127
127
127
127
127
127
127
127
127
127
127
127
127
127
127
127
127
127
105
116
127
127
127
127
127
127
127
127
118
102
78
79
83
94
111
127
127
113
90
74
68
64
52
50
48
47
47
53
52
45
43
42
42
42
41
41
40
38
37
37
30
33
37
38
39
40
40
40
40
40
40
38
30
35
40
41
41
41
42
41
42
41
40
38
32
33
37
42
41
41
41
40
41
41
41
38
31
32
34
42
43
41
41
40
41
41
41
37
32
32
32
37
41
40
41
41
41
41
41
37
32
32
32
33
37
40
42
42
42
40
42
37
32
32
32
32
35
40
