85
82
82
81
82
84
85
89
93
97
101
103
89
86
85
85
85
87
89
93
97
101
105
108
95
92
91
91
91
93
96
99
103
107
111
115
103
101
99
99
99
101
103
107
111
116
120
123
115
111
109
108
108
110
113
116
120
124
127
127
121
123
123
123
123
123
126
127
127
127
127
127
108
113
117
120
126
127
127
127
125
118
110
101
78
82
88
94
104
123
120
99
86
75
69
65
53
51
50
49
47
77
95
40
45
44
43
43
43
43
42
40
36
76
127
54
35
40
40
40
42
43
43
43
37
87
127
106
42
41
43
43
44
44
43
44
38
96
127
127
69
39
43
43
43
44
43
43
40
108
127
127
127
44
41
44
44
44
43
43
39
119
127
127
127
93
39
43
44
44
43
42
40
127
127
127
127
127
64
40
44
44
43
41
42
127
127
127
127
127
101
38
96
96
92
93
94
96
99
101
105
110
113
118
101
99
97
97
98
100
103
106
110
114
118
122
109
106
104
103
104
106
109
113
116
121
125
127
116
114
112
112
112
114
116
120
124
127
127
127
127
125
122
120
120
123
125
127
127
127
127
127
125
127
127
127
127
127
127
127
127
127
127
127
108
114
122
127
127
127
127
127
127
122
111
100
79
82
86
95
108
127
125
103
86
75
68
65
51
50
47
47
47
52
49
43
42
42
41
41
40
40
39
38
37
35
30
35
37
37
38
38
39
39
40
40
40
36
30
37
40
40
40
40
41
41
40
40
40
37
32
33
39
40
40
40
40
40
40
40
42
37
32
32
35
40
41
41
40
41
41
40
41
36
32
32
33
37
40
40
40
41
41
40
40
35
32
32
32
33
38
39
40
40
41
40
40
34
32
32
32
32
36
39
127
127
127
127
127
127
127
127
127
127
127
127
127
127
127
127
127
127
127
127
127
127
127
127
127
127
127
127
127
127
127
127
127
127
127
127
127
127
127
127
127
127
127
127
127
127
127
127
127
127
127
127
127
127
127
127
127
127
127
127
127
127
127
127
127
127
127
127
127
127
127
127
106
119
127
127
127
127
127
127
127
127
115
100
78
80
84
96
116
127
127
110
87
73
67
65
51
50
48
47
48
54
50
44
43
43
42
42
41
40
40
38
37
34
30
35
38
38
39
39
40
40
40
40
40
36
30
37
41
40
40
40
42
42
41
41
41
37
32
33
39
41
40
40
41
42
41
41
43
37
32
32
35
41
43
42
41
42
41
40
42
36
32
32
33
37
42
41
41
42
41
40
40
35
32
32
32
33
39
40
41
42
41
40
40
34
32
32
32
32
37
40
