85
83
82
82
82
84
86
89
93
96
100
105
89
87
85
85
85
88
90
93
97
101
105
109
96
93
92
92
92
94
96
99
103
108
112
115
103
101
99
99
99
102
104
107
111
116
120
123
114
110
109
108
108
110
113
116
120
125
127
127
122
123
123
123
123
123
127
127
127
127
127
124
110
114
118
122
127
127
127
127
123
115
106
99
80
83
89
96
107
127
115
96
83
74
67
64
52
50
50
49
46
101
68
43
45
44
43
43
43
42
42
40
39
127
100
33
40
41
41
40
41
41
43
39
55
127
127
52
40
43
43
43
42
42
43
38
78
127
127
87
38
43
43
43
43
42
43
40
105
127
127
127
46
40
42
43
44
42
42
47
127
127
127
127
78
39
43
42
43
42
40
62
127
127
127
127
124
46
43
43
42
41
38
75
127
127
127
127
127
57
43
44
98
96
94
94
95
97
99
103
106
111
115
118
102
99
98
98
98
100
103
106
110
115
119
122
108
106
104
104
104
106
109
113
116
121
125
127
116
114
113
112
113
115
117
121
125
127
127
127
127
124
122
121
121
123
126
127
127
127
127
127
127
127
127
127
127
127
127
127
127
127
127
127
110
116
123
127
127
127
127
127
127
119
107
98
79
82
89
98
111
127
120
98
83
72
67
64
50
49
47
47
47
52
48
43
42
42
41
41
40
39
39
37
37
32
33
37
37
38
38
38
38
39
40
40
39
31
33
40
40
40
40
40
39
40
40
40
38
33
32
37
40
40
40
40
40
40
41
41
37
32
32
35
40
40
40
40
40
39
40
41
35
32
32
33
38
42
40
39
40
39
39
40
33
32
32
32
35
41
40
40
40
38
39
39
33
32
32
32
33
40
41
41
127
127
127
127
127
127
127
127
127
127
127
127
127
127
127
127
127
127
127
127
127
127
127
127
127
127
127
127
127
127
127
127
127
127
127
127
127
127
127
127
127
127
127
127
127
127
127
127
127
127
127
127
127
127
127
127
127
127
127
127
127
127
127
127
127
127
127
127
127
127
127
127
110
123
127
127
127
127
127
127
127
127
110
96
79
81
86
100
122
127
127
103
82
70
66
64
51
49
47
47
48
54
49
43
43
42
42
42
42
40
39
38
37
31
32
37
37
39
40
39
40
40
40
41
40
31
33
40
41
41
41
40
40
40
41
41
39
33
32
37
41
41
40
41
40
40
42
42
37
32
32
35
40
41
40
40
41
40
41
42
35
31
32
33
39
43
41
40
41
40
40
41
33
31
32
32
35
42
42
40
40
39
40
40
33
32
32
32
33
40
43
42
