84
83
82
82
82
84
87
89
93
96
100
105
89
87
85
85
85
88
89
93
97
101
105
109
96
93
92
91
92
94
96
99
103
108
112
115
103
101
99
99
99
102
104
107
111
116
120
123
114
110
109
108
108
110
113
116
120
125
127
127
122
123
123
123
123
123
127
127
127
127
127
123
110
114
118
122
127
127
127
127
123
115
106
98
80
83
89
96
106
127
116
96
83
74
67
64
52
50
50
49
47
103
65
43
45
44
43
42
42
42
42
38
46
127
85
33
40
41
41
40
41
43
43
37
74
127
123
41
43
43
43
43
43
43
43
40
111
127
127
57
40
43
43
43
44
44
40
53
127
127
127
88
37
43
44
43
44
45
40
84
127
127
127
123
42
40
43
43
45
45
45
124
127
127
127
127
61
39
43
42
47
44
54
127
127
127
127
127
82
38
43
40
96
94
94
94
94
96
99
103
106
111
115
118
101
99
98
98
98
100
103
106
110
115
119
122
109
106
104
104
104
106
109
113
116
121
125
127
116
114
113
112
112
114
117
120
124
127
127
127
127
124
122
121
121
123
126
127
127
127
127
127
127
127
127
127
127
127
127
127
127
127
127
127
110
116
123
127
127
127
127
127
127
119
107
97
79
82
89
97
110
127
121
99
83
72
67
64
50
49
47
47
47
51
49
43
42
42
41
41
40
40
38
37
36
31
33
37
37
38
38
38
38
40
40
40
37
30
33
40
40
40
40
40
40
40
40
40
37
32
33
39
40
40
40
40
41
41
41
40
33
32
32
37
40
40
41
40
40
41
41
38
33
32
32
35
40
40
40
40
40
41
41
35
32
32
32
33
38
40
40
39
41
41
40
33
32
32
32
32
37
40
40
37
127
127
127
127
127
127
127
127
127
127
127
127
127
127
127
127
127
127
127
127
127
127
127
127
127
127
127
127
127
127
127
127
127
127
127
127
127
127
127
127
127
127
127
127
127
127
127
127
127
127
127
127
127
127
127
127
127
127
127
127
127
127
127
127
127
127
127
127
127
127
127
127
110
123
127
127
127
127
127
127
127
127
110
96
79
81
86
99
120
127
127
104
82
70
66
64
51
49
47
47
48
54
50
43
43
42
42
42
40
40
39
38
36
30
33
37
37
39
39
39
39
40
40
41
38
30
34
41
40
41
40
40
40
41
41
41
37
31
33
40
41
41
41
41
42
42
42
40
33
32
32
37
41
41
42
41
41
42
43
39
33
32
32
35
40
40
41
41
42
42
43
36
32
32
32
33
39
40
41
40
43
43
42
33
32
32
32
32
38
40
40
38
