85
82
82
82
82
85
86
90
94
98
102
105
89
87
86
85
86
88
90
94
98
102
106
109
96
94
92
92
92
94
96
100
104
108
112
115
104
102
100
99
99
102
104
108
112
116
120
123
114
111
109
109
109
111
113
116
120
125
127
127
122
123
123
123
123
123
127
127
127
127
127
123
110
115
118
122
127
127
127
127
123
115
106
98
80
83
89
96
106
126
116
96
83
74
67
64
52
51
50
49
47
104
64
45
45
44
43
42
43
41
42
37
52
127
75
35
40
40
40
40
42
41
43
38
89
127
106
37
43
43
43
43
43
43
41
47
127
127
127
43
42
43
44
44
43
43
39
76
127
127
127
60
38
43
42
43
42
43
43
123
127
127
127
85
38
43
42
42
42
40
70
127
127
127
127
115
43
44
43
43
43
37
102
127
127
127
127
127
49
43
44
43
97
95
95
95
95
97
99
103
107
111
115
117
102
99
99
98
99
101
103
107
111
115
119
122
110
107
105
104
105
107
110
113
117
121
126
127
117
115
113
113
113
115
117
121
125
127
127
127
127
125
122
121
122
124
126
127
127
127
127
127
127
127
127
127
127
127
127
127
127
127
127
127
110
116
123
127
127
127
127
127
127
119
107
97
79
82
89
97
110
127
122
99
83
72
67
64
50
49
47
47
47
51
50
43
42
42
41
41
40
39
39
37
36
30
34
37
37
37
38
38
39
39
40
40
36
30
35
40
40
40
40
40
40
40
40
40
34
31
34
40
40
40
40
40
40
40
41
38
32
32
33
39
40
40
40
40
39
41
41
36
32
32
32
38
41
41
40
40
39
40
40
33
32
32
32
37
42
41
40
40
40
40
37
31
32
32
32
35
41
40
41
40
127
127
127
127
127
127
127
127
127
127
127
127
127
127
127
127
127
127
127
127
127
127
127
127
127
127
127
127
127
127
127
127
127
127
127
127
127
127
127
127
127
127
127
127
127
127
127
127
127
127
127
127
127
127
127
127
127
127
127
127
127
127
127
127
127
127
127
127
127
127
127
127
110
123
127
127
127
127
127
127
127
127
110
96
79
81
86
99
120
127
127
105
82
70
66
64
51
49
48
47
48
54
50
43
43
42
42
42
41
40
40
38
36
30
34
37
38
38
39
39
40
40
40
41
37
30
36
41
41
40
42
41
41
40
41
41
34
31
34
40
41
41
42
42
40
41
42
39
32
32
33
40
41
40
40
40
40
42
42
36
32
32
32
38
42
41
40
40
40
41
40
33
32
32
32
37
43
42
41
40
40
40
38
31
32
32
31
35
42
42
42
41
