85
83
81
81
82
83
85
89
92
97
101
103
89
86
85
85
85
87
89
92
96
101
105
108
95
92
91
91
91
93
96
99
103
107
111
115
103
101
99
99
99
101
103
106
110
115
119
123
114
110
108
107
107
110
112
116
120
124
127
127
121
123
123
122
123
123
125
127
127
127
127
125
110
113
117
121
126
127
127
127
124
117
109
99
80
83
88
95
103
122
122
99
85
75
68
64
52
51
50
50
43
96
76
43
45
44
43
43
43
43
41
37
47
127
86
34
40
40
41
40
43
43
42
37
86
127
111
38
43
43
43
43
43
43
41
47
127
127
127
42
43
43
43
43
43
45
37
87
127
127
127
52
40
43
43
44
44
43
50
127
127
127
127
69
40
44
44
43
43
43
91
127
127
127
127
89
39
44
45
43
41
45
127
127
127
127
127
103
39
43
45
43
96
94
93
93
93
96
98
102
106
110
114
116
101
99
97
97
97
99
102
106
110
114
118
121
108
106
103
103
103
106
108
112
116
120
124
127
116
113
112
111
111
113
116
120
124
127
127
127
127
124
121
120
120
123
125
127
127
127
127
127
126
127
127
127
127
127
127
127
127
127
127
127
110
115
122
127
127
127
127
127
127
121
109
99
80
82
87
95
108
127
127
103
86
74
68
64
50
50
47
47
47
50
50
43
42
42
41
41
40
40
38
37
37
31
34
37
37
37
38
38
40
40
39
39
37
30
35
40
40
40
40
40
40
40
40
40
34
31
35
40
40
40
40
40
40
41
41
37
32
32
33
40
41
41
40
40
41
42
40
34
32
32
33
40
42
41
41
40
41
41
38
32
32
32
32
37
42
41
42
40
40
40
35
32
32
32
32
35
41
40
41
40
127
127
127
127
127
127
127
127
127
127
127
127
127
127
127
127
127
127
127
127
127
127
127
127
127
127
127
127
127
127
127
127
127
127
127
127
127
127
127
127
127
127
127
127
127
127
127
127
127
127
127
127
127
127
127
127
127
127
127
127
127
127
127
127
127
127
127
127
127
127
127
127
108
120
127
127
127
127
127
127
127
127
113
97
78
81
85
96
115
127
127
110
87
72
66
64
51
50
48
47
48
52
53
44
43
43
42
42
41
40
39
37
37
31
33
37
37
38
40
39
40
40
40
40
37
31
35
41
40
40
41
40
41
41
41
40
33
31
35
41
41
40
40
41
40
42
42
37
32
32
33
40
42
42
41
42
41
43
41
34
32
32
33
40
43
42
42
41
42
42
38
32
32
32
33
38
43
42
43
41
41
41
35
32
32
32
32
36
42
41
42
40
