85
82
81
81
81
83
86
89
92
97
101
104
89
86
85
84
85
87
89
92
96
101
105
108
95
92
91
90
91
93
95
99
103
107
111
114
103
101
99
98
98
100
103
106
110
115
119
122
114
110
108
107
107
110
112
116
120
124
127
127
122
122
123
123
123
123
125
127
127
127
127
126
109
113
117
120
126
127
127
127
125
118
109
100
78
82
87
94
103
120
123
101
87
75
68
65
53
50
50
50
44
86
85
43
44
44
43
43
43
42
41
40
40
123
106
34
40
40
40
40
42
41
42
39
67
127
127
43
43
43
43
43
43
42
43
41
110
127
127
57
40
43
44
43
42
43
39
60
127
127
127
81
38
43
42
43
43
43
37
103
127
127
127
106
40
43
43
43
43
40
54
127
127
127
127
127
47
43
44
43
43
37
78
127
127
127
127
127
54
40
44
45
97
95
93
93
93
96
98
102
106
110
114
116
101
99
97
97
97
99
102
106
110
114
118
121
107
105
103
103
103
106
108
112
116
120
124
127
116
113
112
111
111
113
116
120
123
127
127
127
127
124
121
120
120
123
125
127
127
127
127
127
126
127
127
127
127
127
127
127
127
127
127
127
108
115
121
127
127
127
127
127
127
123
110
100
79
82
86
94
106
125
127
105
88
75
68
65
50
50
47
47
47
50
50
45
43
42
41
41
40
40
38
38
37
32
33
37
37
37
38
38
39
38
39
40
39
32
33
40
40
40
40
40
40
39
40
40
36
32
33
39
40
40
40
40
40
40
40
40
33
32
33
38
41
40
40
40
40
40
40
37
32
32
32
36
40
40
40
40
41
40
38
33
32
32
32
34
40
40
41
40
40
39
37
32
32
32
32
33
40
40
41
41
127
127
127
127
127
127
127
127
127
127
127
127
127
127
127
127
127
127
127
127
127
127
127
127
127
127
127
127
127
127
127
127
127
127
127
127
127
127
127
127
127
127
127
127
127
127
127
127
127
127
127
127
127
127
127
127
127
127
127
127
127
127
127
127
127
127
127
127
127
127
127
127
106
119
127
127
127
127
127
127
127
127
115
99
78
80
84
95
113
127
127
113
89
73
67
65
51
50
48
47
47
51
53
45
43
42
42
42
41
40
39
39
37
30
33
37
38
38
39
39
40
39
40
41
39
31
33
41
41
40
41
40
40
40
41
42
37
32
33
40
41
40
41
41
40
40
41
40
33
32
32
39
43
40
40
41
41
40
40
37
32
32
31
37
43
41
41
40
42
40
39
34
32
32
31
35
41
41
42
41
41
40
37
32
32
32
32
33
40
41
42
43
