85
82
81
81
81
83
85
89
92
96
99
104
89
86
85
84
84
86
89
92
96
100
104
108
95
92
91
90
90
92
95
99
103
107
111
114
103
101
99
98
98
100
103
106
110
115
119
122
115
111
108
107
107
110
112
115
119
124
127
127
120
123
122
123
123
123
125
127
127
127
127
127
107
113
116
120
125
127
127
127
126
119
111
102
78
82
86
93
102
117
126
103
89
77
70
66
53
51
50
50
47
68
102
43
46
44
43
43
43
42
42
42
35
79
127
50
37
40
40
40
42
41
43
43
37
110
127
88
38
43
43
43
42
43
43
43
45
127
127
127
47
40
44
43
42
43
44
39
62
127
127
127
76
37
43
43
43
42
44
39
86
127
127
127
124
41
42
43
43
42
43
43
114
127
127
127
127
69
41
43
42
42
43
49
127
127
127
127
127
105
40
43
97
95
93
92
93
96
98
102
106
110
114
116
101
99
97
96
97
99
102
106
110
114
118
121
107
105
103
103
103
106
108
112
116
120
124
127
116
113
112
111
111
113
116
120
123
127
127
127
127
124
121
120
120
122
125
127
127
127
127
127
124
127
127
127
127
127
127
127
127
127
127
127
107
113
120
127
127
127
127
127
127
124
113
102
78
81
85
93
104
123
127
107
89
76
69
66
51
49
47
47
46
50
50
45
43
42
41
41
41
40
39
38
37
34
30
35
37
37
38
38
39
39
40
40
40
35
30
37
40
40
40
40
40
40
40
40
40
34
31
34
40
40
40
40
39
40
41
41
40
33
32
32
38
40
40
40
40
40
41
42
38
32
32
32
36
40
40
40
40
40
41
41
36
32
32
32
33
39
41
40
40
39
41
40
34
32
32
32
32
37
41
41
127
127
127
127
127
127
127
127
127
127
127
127
127
127
127
127
127
127
127
127
127
127
127
127
127
127
127
127
127
127
127
127
127
127
127
127
127
127
127
127
127
127
127
127
127
127
127
127
127
127
127
127
127
127
127
127
127
127
127
127
127
127
127
127
127
127
127
127
127
127
127
127
105
116
127
127
127
127
127
127
127
127
118
102
78
79
83
93
110
127
127
116
92
75
68
65
52
50
48
47
47
52
53
46
43
42
42
42
42
40
40
39
37
34
30
35
37
38
39
39
40
40
40
40
41
35
30
37
41
41
42
40
40
40
41
41
41
34
31
34
41
41
42
41
40
40
42
42
40
33
32
32
40
40
40
41
40
40
42
43
39
32
32
32
36
40
40
41
40
40
42
43
37
32
32
32
33
40
41
41
40
40
42
43
35
32
32
32
31
37
42
41
