85
82
81
81
81
83
86
89
92
97
101
104
89
86
85
84
84
86
89
92
96
101
105
108
95
92
91
90
90
92
95
99
103
107
111
114
103
101
99
98
98
100
103
106
110
115
119
122
115
111
108
107
107
110
113
115
119
124
127
127
120
123
122
123
123
123
125
127
127
127
127
127
107
113
116
120
125
127
127
127
126
119
111
102
78
82
86
94
103
118
125
102
89
76
70
66
53
50
50
50
47
68
102
42
45
44
43
43
43
43
42
41
35
75
127
53
36
40
41
40
42
43
43
43
36
99
127
96
40
42
43
43
43
43
43
43
39
123
127
127
54
40
43
43
44
43
44
42
49
127
127
127
96
37
44
43
46
44
44
40
64
127
127
127
127
53
41
43
45
43
43
39
85
127
127
127
127
95
42
43
43
43
43
40
103
127
127
127
127
127
46
42
97
95
93
92
93
96
98
102
106
110
114
116
101
99
97
96
97
99
102
106
110
114
118
121
107
105
103
103
103
106
108
112
116
120
124
127
116
113
112
111
111
113
116
120
123
127
127
127
127
124
121
120
120
123
125
127
127
127
127
127
124
127
127
127
127
127
127
127
127
127
127
127
107
114
120
127
127
127
127
127
127
124
113
102
78
81
85
93
105
124
127
106
89
76
69
66
51
49
48
47
47
51
50
45
43
42
41
41
40
40
39
38
37
35
30
35
37
37
38
38
39
40
40
40
40
36
30
37
40
40
40
40
40
40
40
40
40
35
31
34
40
40
40
40
41
41
41
41
40
33
32
32
37
41
41
40
40
40
40
40
39
33
32
32
33
40
40
40
40
40
40
41
37
33
32
32
32
37
40
40
40
40
40
42
37
32
32
32
32
34
40
40
127
127
127
127
127
127
127
127
127
127
127
127
127
127
127
127
127
127
127
127
127
127
127
127
127
127
127
127
127
127
127
127
127
127
127
127
127
127
127
127
127
127
127
127
127
127
127
127
127
127
127
127
127
127
127
127
127
127
127
127
127
127
127
127
127
127
127
127
127
127
127
127
105
116
127
127
127
127
127
127
127
127
118
102
78
79
83
94
111
127
127
114
91
75
68
65
52
50
49
47
47
53
52
46
43
42
42
42
41
41
40
39
37
35
30
36
37
38
39
39
40
40
40
40
40
37
30
37
42
40
41
40
41
41
41
41
41
36
31
33
41
41
41
41
42
42
42
42
41
33
32
32
38
42
42
41
42
41
41
42
40
33
32
32
33
41
41
40
41
41
41
42
38
33
32
32
32
37
41
40
40
41
41
43
38
32
32
32
32
34
41
41
