85
82
81
81
82
83
85
89
92
97
101
103
89
86
85
85
85
87
89
92
96
101
105
108
95
92
91
91
91
93
96
99
103
107
111
115
103
101
99
99
99
101
103
106
110
115
119
122
115
111
108
107
107
110
112
116
120
124
127
127
121
123
123
123
122
123
125
127
127
127
127
127
109
113
117
120
125
127
127
127
125
118
110
102
79
82
87
94
103
121
123
100
87
75
69
66
53
50
50
50
47
74
98
41
45
44
43
43
43
42
42
41
36
78
127
52
35
40
40
40
42
42
43
43
37
98
127
98
39
43
43
43
43
43
43
43
38
116
127
127
57
41
44
43
43
44
43
42
42
127
127
127
107
37
43
43
44
44
44
41
53
127
127
127
127
64
39
43
44
44
45
40
67
127
127
127
127
114
46
40
43
45
45
38
78
127
127
127
127
127
60
38
96
94
93
93
93
96
98
102
106
110
114
116
101
99
97
97
97
99
102
106
110
114
118
121
108
106
103
103
103
106
108
112
116
120
124
127
116
113
112
111
111
113
116
120
124
127
127
127
127
124
121
120
120
123
125
127
127
127
127
127
125
127
127
127
127
127
127
127
127
127
127
127
108
114
121
127
127
127
127
127
127
123
112
101
79
82
85
94
106
125
127
104
88
75
69
65
51
50
47
47
47
51
50
44
43
42
41
41
40
40
39
38
37
34
30
35
37
37
38
38
38
39
40
40
40
35
30
37
40
40
40
40
40
40
40
40
40
36
32
34
39
41
40
40
40
40
40
41
40
34
32
32
36
40
40
40
41
41
41
41
40
33
32
32
33
38
41
40
41
41
42
41
39
33
32
32
32
36
40
40
40
41
41
40
38
33
32
32
32
33
38
39
127
127
127
127
127
127
127
127
127
127
127
127
127
127
127
127
127
127
127
127
127
127
127
127
127
127
127
127
127
127
127
127
127
127
127
127
127
127
127
127
127
127
127
127
127
127
127
127
127
127
127
127
127
127
127
127
127
127
127
127
127
127
127
127
127
127
127
127
127
127
127
127
106
117
127
127
127
127
127
127
127
127
116
100
78
80
84
96
113
127
127
112
89
73
67
64
51
50
48
47
47
54
51
45
43
42
42
42
41
40
40
39
37
35
30
35
38
38
39
40
39
40
40
40
40
36
30
37
41
41
42
41
40
40
41
41
41
36
31
33
40
42
42
41
41
42
41
41
41
34
32
32
37
40
40
40
42
42
42
42
40
33
32
32
33
39
41
40
43
42
43
42
40
33
32
32
32
36
40
40
42
43
43
42
39
33
32
32
32
33
39
40
