85
82
82
81
82
84
85
89
93
97
101
103
89
86
85
85
85
87
89
93
97
101
105
108
95
92
91
91
91
93
96
99
103
107
111
115
103
101
99
99
99
101
103
107
111
116
120
123
115
110
109
108
108
110
113
116
120
124
127
127
121
122
123
123
123
123
126
127
127
127
127
126
108
113
117
120
126
127
127
127
124
117
109
100
78
82
88
94
104
124
120
99
85
75
68
65
53
50
50
50
46
83
89
40
44
44
43
43
43
41
41
41
34
92
127
44
37
41
40
40
42
41
42
43
37
113
127
85
38
43
43
43
43
42
43
43
42
127
127
127
49
41
43
43
43
43
44
42
51
127
127
127
91
37
43
42
42
43
43
40
64
127
127
127
127
54
39
43
40
43
43
38
80
127
127
127
127
99
42
43
40
43
43
39
95
127
127
127
127
127
50
42
96
96
92
93
94
96
99
101
105
110
113
118
101
99
97
97
98
100
103
106
110
114
118
122
109
106
104
103
104
106
109
113
116
121
125
127
116
114
112
112
112
114
116
120
124
127
127
127
127
125
121
120
120
123
125
127
127
127
127
127
126
127
127
127
127
127
127
127
127
127
127
127
108
115
122
127
127
127
127
127
127
122
110
99
78
82
87
95
108
127
125
102
86
75
68
65
50
50
47
47
47
51
49
43
42
42
41
41
40
40
39
38
37
34
31
36
37
37
38
38
39
39
40
40
40
34
31
37
40
40
40
40
40
40
40
40
40
35
31
33
40
40
40
40
40
40
41
41
40
33
32
32
37
41
40
40
39
40
40
40
39
33
32
32
33
40
40
40
38
40
40
40
38
33
32
32
32
37
40
40
37
40
40
41
38
32
32
32
32
34
40
41
127
127
127
127
127
127
127
127
127
127
127
127
127
127
127
127
127
127
127
127
127
127
127
127
127
127
127
127
127
127
127
127
127
127
127
127
127
127
127
127
127
127
127
127
127
127
127
127
127
127
127
127
127
127
127
127
127
127
127
127
127
127
127
127
127
127
127
127
127
127
127
127
106
120
127
127
127
127
127
127
127
127
114
99
78
81
85
96
116
127
127
109
86
72
67
65
51
50
48
47
47
54
50
44
43
43
42
42
41
40
40
38
37
33
30
36
38
38
39
39
40
40
40
40
40
34
31
38
41
40
40
40
40
40
40
41
41
35
31
33
40
41
41
41
40
40
41
42
40
33
32
32
37
42
40
40
40
41
41
41
40
33
32
32
33
40
41
40
39
41
41
41
38
33
32
32
32
37
41
41
38
41
41
42
38
32
32
32
32
34
41
42
