85
83
82
82
82
85
86
90
94
98
102
105
89
87
85
85
85
88
90
94
98
102
106
109
96
93
92
92
92
94
96
100
104
108
112
115
104
102
100
99
99
102
104
108
112
116
120
123
114
111
109
109
109
111
113
116
120
125
127
127
122
123
123
123
123
123
127
127
127
127
127
124
110
114
118
122
127
127
127
127
123
116
107
99
80
83
89
96
106
126
117
97
84
75
68
64
52
50
49
50
45
101
68
44
45
44
43
43
43
43
41
38
47
127
86
34
40
40
40
41
43
43
41
37
77
127
122
40
42
43
43
43
44
44
41
40
116
127
127
53
40
43
43
43
45
44
39
58
127
127
127
80
38
44
44
43
43
43
37
97
127
127
127
112
42
45
44
43
43
40
48
127
127
127
127
127
54
42
44
43
43
39
65
127
127
127
127
127
65
39
43
42
97
95
95
94
95
97
100
102
106
111
115
117
102
99
99
98
99
101
103
106
110
115
119
122
109
106
105
104
105
107
110
113
117
121
125
127
116
114
113
113
113
115
117
121
125
127
127
127
127
125
122
121
122
123
126
127
127
127
127
127
127
127
127
127
127
127
127
127
127
127
127
127
110
116
123
127
127
127
127
127
127
120
108
98
79
82
88
96
110
127
123
99
84
72
68
65
50
50
47
47
47
51
50
43
42
42
41
41
40
40
38
37
36
32
34
37
37
37
38
39
39
40
39
39
37
31
34
40
40
40
40
40
40
40
40
40
36
31
33
40
40
40
40
40
41
41
40
38
33
32
33
38
41
40
41
40
40
40
40
37
32
32
32
37
41
41
40
40
40
40
39
34
32
32
32
34
40
40
40
40
40
40
38
32
32
32
32
33
40
40
40
40
127
127
127
127
127
127
127
127
127
127
127
127
127
127
127
127
127
127
127
127
127
127
127
127
127
127
127
127
127
127
127
127
127
127
127
127
127
127
127
127
127
127
127
127
127
127
127
127
127
127
127
127
127
127
127
127
127
127
127
127
127
127
127
127
127
127
127
127
127
127
127
127
110
122
127
127
127
127
127
127
127
127
110
96
79
81
86
99
120
127
127
106
83
71
67
64
50
49
47
47
47
54
50
44
43
42
42
42
41
40
39
38
37
30
33
37
37
39
39
40
40
40
40
40
39
30
34
41
40
41
40
41
42
42
40
40
36
31
33
40
41
41
40
40
42
42
40
39
33
32
32
39
43
41
42
41
41
41
40
37
32
32
31
37
43
43
41
41
41
40
40
34
32
32
31
35
42
42
41
40
40
41
39
32
32
32
32
33
40
40
41
40
