85
83
82
82
82
85
87
89
93
98
102
105
89
87
85
85
85
88
91
93
97
102
106
109
96
93
92
92
92
94
97
99
103
108
112
115
104
102
99
99
99
102
104
107
111
116
120
123
114
111
109
108
108
110
113
116
120
125
127
127
122
123
123
123
123
123
127
127
127
127
127
123
110
114
118
122
127
127
127
127
123
116
106
98
80
84
89
96
105
125
119
98
84
74
68
64
52
51
50
49
45
103
66
44
45
44
43
43
43
43
42
35
55
127
71
36
40
40
41
41
42
43
43
38
99
127
95
37
43
43
43
43
44
43
41
56
127
127
118
39
44
44
43
43
43
43
37
102
127
127
127
45
43
44
43
43
43
40
58
127
127
127
127
57
40
43
43
43
43
44
104
127
127
127
127
76
37
42
43
44
43
53
127
127
127
127
127
93
39
42
43
47
98
96
94
94
95
97
98
103
106
111
115
118
102
99
98
98
98
100
103
106
110
115
119
122
108
106
104
104
104
106
110
113
116
121
125
127
116
114
113
112
113
115
117
121
125
127
127
127
127
125
122
121
121
123
126
127
127
127
127
127
127
127
127
127
127
127
127
127
127
127
127
127
110
116
123
127
127
127
127
127
127
120
107
98
79
82
88
96
109
127
123
100
84
73
67
64
50
50
47
47
47
51
50
43
42
42
41
41
40
40
39
37
36
30
34
37
37
38
38
38
39
40
40
40
36
30
36
41
40
40
40
40
40
40
41
40
33
32
36
41
40
40
40
40
40
40
40
37
32
32
33
40
40
40
40
40
41
40
40
33
32
32
33
39
40
40
40
40
41
41
37
32
32
32
33
38
40
40
40
41
41
40
34
32
32
32
32
39
42
40
40
42
127
127
127
127
127
127
127
127
127
127
127
127
127
127
127
127
127
127
127
127
127
127
127
127
127
127
127
127
127
127
127
127
127
127
127
127
127
127
127
127
127
127
127
127
127
127
127
127
127
127
127
127
127
127
127
127
127
127
127
127
127
127
127
127
127
127
127
127
127
127
127
127
110
122
127
127
127
127
127
127
127
127
110
96
79
81
85
99
118
127
127
106
84
71
66
64
50
50
48
47
48
54
51
44
43
42
42
42
40
40
40
38
36
30
35
37
37
39
39
40
40
40
40
40
37
30
37
42
40
41
40
41
42
41
42
40
33
31
36
42
41
41
41
40
41
40
41
37
32
32
33
40
42
41
40
41
41
41
40
33
32
32
33
40
41
40
41
41
42
42
37
32
32
32
33
39
41
40
41
42
43
41
34
32
32
32
32
39
43
40
41
43
