85
83
81
81
82
84
86
89
92
97
101
103
89
86
85
85
85
87
89
92
96
101
105
108
95
92
91
91
91
93
96
99
103
107
111
115
103
101
99
99
99
101
103
106
110
115
119
123
114
110
108
107
107
110
112
116
120
124
127
127
121
123
123
122
123
123
125
127
127
127
127
125
110
113
117
121
126
127
127
127
124
117
109
99
80
82
88
95
103
122
121
99
85
75
68
64
53
50
50
50
44
94
78
43
44
44
43
43
43
42
42
38
43
127
96
33
40
40
40
40
41
43
43
37
75
127
125
40
43
43
43
43
42
44
43
43
120
127
127
50
41
43
43
43
43
43
39
66
127
127
127
71
38
43
43
45
44
43
40
113
127
127
127
96
38
43
43
43
44
41
62
127
127
127
127
123
43
42
42
42
43
38
92
127
127
127
127
127
50
40
43
42
96
94
93
93
94
96
98
102
106
110
114
118
101
99
97
97
97
99
102
106
110
114
118
122
108
106
103
103
103
106
108
112
116
120
124
127
116
113
112
111
112
114
116
120
124
127
127
127
127
124
121
120
120
123
125
127
127
127
127
127
126
127
127
127
127
127
127
127
127
127
127
127
110
115
122
127
127
127
127
127
127
121
109
99
80
82
87
95
108
127
127
103
86
74
68
64
50
50
47
47
47
51
50
43
42
42
41
41
40
40
39
38
36
32
33
37
37
37
38
38
38
39
40
40
37
31
34
40
40
40
40
40
39
41
40
40
36
31
33
40
40
40
40
40
40
40
41
39
33
32
33
38
40
40
40
41
40
40
41
36
32
32
32
37
41
40
40
40
40
40
39
33
32
32
32
35
40
40
39
40
40
40
37
32
32
32
32
34
40
40
40
40
127
127
127
127
127
127
127
127
127
127
127
127
127
127
127
127
127
127
127
127
127
127
127
127
127
127
127
127
127
127
127
127
127
127
127
127
127
127
127
127
127
127
127
127
127
127
127
127
127
127
127
127
127
127
127
127
127
127
127
127
127
127
127
127
127
127
127
127
127
127
127
127
108
120
127
127
127
127
127
127
127
127
113
98
78
80
85
96
115
127
127
110
87
72
66
64
51
49
48
47
48
53
52
44
43
42
42
42
41
40
40
38
37
31
33
37
37
39
39
39
39
40
40
41
38
31
34
41
40
41
40
40
40
42
41
42
35
31
33
40
41
41
41
41
40
41
41
40
33
32
33
38
41
41
41
42
42
42
41
36
32
32
32
37
42
41
40
41
42
41
40
33
32
32
32
35
41
41
40
40
40
40
37
32
32
32
32
34
40
41
40
40
