85
82
81
81
81
83
86
89
92
97
101
104
89
86
85
84
85
86
89
92
96
101
105
108
95
92
91
90
91
92
95
99
103
107
111
114
103
101
99
98
98
100
103
106
110
115
119
122
115
110
108
107
107
110
112
116
120
124
127
127
121
122
123
123
123
123
125
127
127
127
127
127
109
113
117
120
126
127
127
127
125
118
110
101
79
82
87
94
103
120
124
102
88
75
69
65
53
51
50
50
45
79
92
43
44
44
43
43
43
42
41
41
35
106
123
37
39
41
40
40
43
41
42
41
49
127
127
58
40
43
43
43
43
43
43
39
75
127
127
89
37
43
43
43
43
43
40
40
112
127
127
127
44
41
41
42
43
43
40
52
127
127
127
127
64
40
42
43
43
43
39
82
127
127
127
127
97
39
43
43
44
43
39
112
127
127
127
127
127
40
43
43
97
95
93
93
93
96
98
102
106
110
114
116
101
99
97
97
97
99
102
106
110
114
118
121
107
105
103
103
103
106
108
112
116
120
124
127
116
113
112
111
111
113
116
120
123
127
127
127
127
124
121
120
120
123
125
127
127
127
127
127
125
127
127
127
127
127
127
127
127
127
127
127
108
114
121
127
127
127
127
127
127
123
111
100
79
82
86
95
106
124
127
105
89
75
68
65
51
50
47
47
47
50
50
45
43
42
41
41
41
40
38
38
37
33
32
37
37
38
38
38
40
39
39
40
40
33
32
39
40
40
40
40
40
40
40
41
39
33
32
37
40
40
40
40
40
40
39
40
36
32
32
35
40
40
39
40
40
40
40
39
33
32
32
33
40
40
40
40
40
40
40
37
32
32
32
32
37
40
40
41
41
40
40
37
32
32
32
32
34
40
40
40
127
127
127
127
127
127
127
127
127
127
127
127
127
127
127
127
127
127
127
127
127
127
127
127
127
127
127
127
127
127
127
127
127
127
127
127
127
127
127
127
127
127
127
127
127
127
127
127
127
127
127
127
127
127
127
127
127
127
127
127
127
127
127
127
127
127
127
127
127
127
127
127
106
117
127
127
127
127
127
127
127
127
116
99
78
80
84
95
113
127
127
113
89
73
67
64
51
50
48
47
47
52
52
45
43
42
42
42
41
40
40
39
37
32
31
37
38
39
39
39
40
40
40
40
40
33
32
40
41
41
41
40
41
40
40
42
40
33
32
38
40
40
41
41
40
41
40
42
37
31
32
35
42
41
40
40
40
41
40
40
33
32
32
33
41
41
40
41
41
41
40
38
32
32
32
32
38
41
41
42
42
40
41
37
32
32
32
32
35
40
41
41
