85
82
81
81
81
83
86
89
92
97
101
104
89
86
85
84
85
86
89
92
96
101
105
108
95
92
91
90
91
92
95
99
103
107
111
114
103
101
99
98
98
100
103
106
110
115
119
122
115
111
108
107
107
110
112
116
120
124
127
127
121
123
122
123
123
123
125
127
127
127
127
127
109
113
116
120
125
127
127
127
125
118
110
102
79
82
87
94
102
119
124
101
88
76
69
66
53
50
50
50
46
75
97
42
44
44
43
43
43
42
42
41
33
94
127
42
37
40
40
40
42
43
43
42
40
127
127
71
39
43
43
43
43
44
43
41
57
127
127
112
41
43
43
43
43
43
43
38
85
127
127
127
56
40
44
44
44
44
43
40
116
127
127
127
92
37
43
44
44
43
41
53
127
127
127
127
127
47
41
43
43
43
40
67
127
127
127
127
127
63
40
42
97
95
93
93
93
96
98
102
106
110
114
116
101
99
97
96
97
99
102
106
110
114
118
121
107
105
103
103
103
106
108
112
116
120
124
127
116
113
112
111
111
113
116
120
123
127
127
127
127
124
121
120
120
123
125
127
127
127
127
127
125
127
127
127
127
127
127
127
127
127
127
127
108
113
121
127
127
127
127
127
127
123
112
101
79
82
85
93
106
124
127
106
89
75
69
65
51
50
48
47
47
50
50
45
43
42
41
41
40
40
39
38
37
34
31
36
37
37
38
38
39
39
40
40
40
34
31
38
40
40
40
40
40
41
40
40
40
33
31
37
40
40
40
40
40
40
40
41
38
32
32
33
40
40
41
41
40
40
40
40
36
32
32
33
38
40
40
40
40
40
40
39
33
32
32
32
35
40
40
40
41
40
41
39
33
32
32
32
33
39
40
40
127
127
127
127
127
127
127
127
127
127
127
127
127
127
127
127
127
127
127
127
127
127
127
127
127
127
127
127
127
127
127
127
127
127
127
127
127
127
127
127
127
127
127
127
127
127
127
127
127
127
127
127
127
127
127
127
127
127
127
127
127
127
127
127
127
127
127
127
127
127
127
127
106
117
127
127
127
127
127
127
127
127
116
100
78
80
84
95
112
127
127
113
90
74
67
64
51
50
49
47
47
53
53
46
43
42
42
42
41
40
40
39
37
33
31
36
37
38
39
39
40
40
40
40
40
34
31
39
41
40
40
40
41
42
41
41
40
33
31
36
41
41
40
41
41
41
41
42
39
32
32
33
40
42
42
43
42
42
41
41
36
32
32
33
38
41
40
42
42
41
41
40
33
32
32
32
35
40
40
40
41
40
41
40
33
32
32
32
33
40
40
40
