85
82
81
81
82
83
85
89
92
97
101
104
89
86
85
85
85
87
89
92
96
101
105
108
95
92
91
91
91
93
96
99
103
107
111
114
103
101
99
99
99
101
103
106
110
115
119
122
115
110
108
107
107
110
112
116
120
124
127
127
121
122
123
123
122
123
125
127
127
127
127
127
109
113
117
120
125
127
127
127
125
118
110
101
79
82
87
94
103
121
123
100
87
75
69
65
53
51
50
50
47
75
96
41
45
44
43
43
43
43
42
40
35
85
127
47
37
40
40
40
42
43
43
42
37
109
127
88
38
43
43
43
44
43
44
43
40
127
127
127
49
40
43
43
43
43
45
41
51
127
127
127
89
37
43
44
43
43
44
39
68
127
127
127
127
50
42
45
43
43
43
38
90
127
127
127
127
89
42
46
43
43
42
39
106
127
127
127
127
127
44
47
96
94
93
93
93
96
98
102
106
110
114
116
101
99
97
97
97
99
102
106
110
114
118
121
108
106
103
103
103
106
108
112
116
120
124
127
116
113
112
111
111
113
116
120
124
127
127
127
127
124
121
120
120
123
125
127
127
127
127
127
125
127
127
127
127
127
127
127
127
127
127
127
108
114
121
127
127
127
127
127
127
123
111
101
79
82
86
94
106
125
127
104
88
75
68
65
51
49
47
47
47
51
50
44
43
42
41
41
40
40
39
37
37
34
31
36
37
37
38
38
39
40
40
39
40
34
31
37
40
40
40
40
41
40
40
40
40
34
31
33
40
40
40
40
40
40
40
41
40
33
32
32
38
41
41
40
40
40
40
41
39
33
32
32
34
40
41
40
41
40
40
41
37
33
32
32
32
37
40
41
40
40
40
41
37
32
32
32
32
33
40
42
127
127
127
127
127
127
127
127
127
127
127
127
127
127
127
127
127
127
127
127
127
127
127
127
127
127
127
127
127
127
127
127
127
127
127
127
127
127
127
127
127
127
127
127
127
127
127
127
127
127
127
127
127
127
127
127
127
127
127
127
127
127
127
127
127
127
127
127
127
127
127
127
106
117
127
127
127
127
127
127
127
127
116
100
78
80
84
96
113
127
127
112
89
73
67
64
51
50
48
47
47
54
51
45
43
42
42
42
41
40
40
38
37
34
30
35
38
38
39
39
40
40
40
40
40
35
31
38
41
40
40
40
42
42
41
41
40
34
31
34
41
41
40
41
41
40
42
42
40
33
32
32
39
42
42
42
41
41
42
42
40
33
32
32
34
41
42
42
41
41
40
42
38
32
32
32
32
37
42
43
41
40
40
42
37
32
32
32
32
34
41
44
