84
82
82
82
82
84
85
89
93
97
101
103
89
86
85
85
85
87
89
93
97
101
105
108
96
93
91
91
91
93
96
99
103
107
111
115
103
101
99
99
99
101
103
107
111
116
120
123
114
110
108
108
108
110
113
116
120
125
127
127
121
123
123
123
123
123
127
127
127
127
127
126
110
113
117
121
127
127
127
127
124
117
108
100
80
83
88
95
105
124
120
99
85
75
68
65
52
51
50
50
47
85
86
41
45
44
43
43
43
43
41
40
35
101
127
41
37
40
40
41
43
43
42
42
39
126
127
76
37
43
43
43
43
43
43
40
47
127
127
124
43
40
43
43
45
44
43
37
61
127
127
127
75
37
44
43
46
43
43
37
82
127
127
127
127
45
43
43
45
43
43
39
104
127
127
127
127
78
42
45
43
43
42
41
120
127
127
127
127
118
42
46
96
94
94
93
94
96
99
101
105
110
113
118
101
99
98
97
98
100
103
106
110
114
118
122
109
106
104
103
104
106
109
113
116
121
125
127
116
114
112
112
112
114
116
120
124
127
127
127
127
124
121
120
121
123
125
127
127
127
127
127
126
127
127
127
127
127
127
127
127
127
127
127
108
116
122
127
127
127
127
127
127
121
110
99
79
82
87
96
108
127
125
102
85
74
68
64
50
49
47
47
47
52
49
43
42
42
41
41
40
40
38
37
37
33
31
36
37
37
38
38
39
40
39
39
40
33
31
38
40
40
40
40
40
40
40
40
40
33
31
35
40
40
40
40
41
41
40
39
38
33
32
32
39
41
41
40
41
41
40
40
37
32
32
32
35
41
41
41
41
41
40
40
37
32
32
32
33
39
41
41
41
40
40
40
35
32
32
32
32
36
40
40
127
127
127
127
127
127
127
127
127
127
127
127
127
127
127
127
127
127
127
127
127
127
127
127
127
127
127
127
127
127
127
127
127
127
127
127
127
127
127
127
127
127
127
127
127
127
127
127
127
127
127
127
127
127
127
127
127
127
127
127
127
127
127
127
127
127
127
127
127
127
127
127
107
120
127
127
127
127
127
127
127
127
113
99
78
81
85
96
116
127
127
109
86
72
66
64
51
50
48
47
48
54
50
44
43
43
42
42
41
40
39
37
37
33
30
36
37
38
40
39
40
40
40
40
41
33
31
39
41
40
41
40
41
41
40
40
40
34
32
35
41
40
40
41
42
42
40
40
39
33
32
32
40
42
42
41
43
42
41
40
38
32
32
32
35
43
42
42
43
41
41
41
37
32
32
32
33
40
42
42
42
40
41
41
36
31
32
32
32
37
42
43
