84
83
82
82
82
84
87
89
93
96
100
103
89
87
85
85
85
87
90
93
97
101
105
108
96
93
92
91
92
93
96
99
103
108
112
115
103
101
99
99
99
101
103
107
111
116
120
123
114
110
109
108
108
110
113
116
120
125
127
127
121
123
123
123
123
123
127
127
127
127
127
125
109
113
117
122
127
127
127
127
123
116
107
99
79
83
89
96
106
125
118
98
85
75
68
64
52
51
50
49
46
92
79
42
45
44
43
43
43
43
42
40
35
115
115
37
39
40
40
40
43
43
43
40
45
127
127
63
39
43
43
43
43
43
43
39
61
127
127
105
40
43
43
43
44
44
44
38
85
127
127
127
57
40
43
43
43
43
43
40
110
127
127
127
99
38
44
44
43
43
43
49
127
127
127
127
127
54
43
44
43
43
43
58
127
127
127
127
127
78
40
45
96
94
94
93
94
96
99
103
106
110
113
118
101
99
98
97
98
100
103
106
110
114
118
122
109
106
104
103
104
106
109
113
116
121
125
127
116
114
112
112
112
114
116
120
124
127
127
127
127
124
122
121
121
123
126
127
127
127
127
127
126
127
127
127
127
127
127
127
127
127
127
127
110
116
123
127
127
127
127
127
127
120
109
99
80
82
87
96
110
127
123
100
85
73
68
64
50
50
47
47
47
52
49
43
42
42
41
41
40
40
39
37
37
33
32
37
37
37
38
38
40
40
40
39
40
33
32
39
40
40
40
40
40
40
40
40
39
33
32
36
40
40
40
40
40
41
40
41
37
32
32
33
40
40
40
40
40
40
41
40
36
32
32
33
37
40
40
41
40
40
41
40
34
32
32
32
33
40
40
42
40
40
42
40
33
32
32
32
32
38
41
41
127
127
127
127
127
127
127
127
127
127
127
127
127
127
127
127
127
127
127
127
127
127
127
127
127
127
127
127
127
127
127
127
127
127
127
127
127
127
127
127
127
127
127
127
127
127
127
127
127
127
127
127
127
127
127
127
127
127
127
127
127
127
127
127
127
127
127
127
127
127
127
127
109
120
127
127
127
127
127
127
127
127
113
97
79
81
85
98
119
127
127
106
85
71
67
64
51
50
48
47
48
54
50
44
43
42
42
42
41
40
40
37
37
32
31
37
37
38
40
40
40
40
40
40
40
33
32
40
41
40
41
41
41
41
41
41
40
33
32
37
41
41
40
41
42
42
42
42
38
32
32
33
40
41
40
41
41
41
43
42
37
31
32
32
37
41
41
42
41
41
43
42
35
31
32
32
34
40
42
42
41
40
43
41
33
32
32
32
32
39
42
42
