84
83
82
82
82
84
87
89
93
96
100
105
89
87
85
85
85
87
90
93
97
101
105
109
96
93
92
91
92
93
96
99
103
108
112
115
103
101
99
99
99
101
103
107
111
116
120
123
114
110
109
108
108
110
113
116
120
125
127
127
122
123
123
123
123
123
127
127
127
127
127
125
110
113
117
122
127
127
127
127
123
116
107
99
79
82
89
96
106
126
117
97
84
75
68
64
52
50
50
50
45
96
75
42
45
44
43
43
43
41
41
40
37
120
110
35
40
40
41
40
42
41
42
41
50
127
127
56
40
43
43
43
43
43
43
40
72
127
127
93
37
43
43
44
42
41
42
38
99
127
127
127
48
40
43
42
42
41
40
43
127
127
127
127
83
38
44
43
43
43
40
57
127
127
127
127
127
47
43
45
43
44
40
70
127
127
127
127
127
60
42
45
96
94
94
93
94
96
99
103
106
110
113
118
101
99
98
97
98
100
103
106
110
114
118
122
109
106
104
103
104
106
109
113
116
121
125
127
116
114
112
112
112
114
117
120
124
127
127
127
127
124
122
121
121
123
127
127
127
127
127
127
126
127
127
127
127
127
127
127
127
127
127
127
110
116
123
127
127
127
127
127
127
120
109
99
80
82
87
96
110
127
123
100
84
73
68
65
50
50
47
47
47
52
49
43
42
42
41
41
40
40
38
37
37
33
33
37
37
37
38
39
40
39
39
40
40
32
33
39
40
40
40
40
40
40
40
41
39
33
32
37
40
40
40
40
40
39
40
41
37
32
32
33
40
40
40
40
40
40
40
41
35
32
32
32
38
41
41
40
40
40
40
39
33
32
32
32
35
40
42
41
40
40
41
37
32
32
32
32
33
40
41
41
127
127
127
127
127
127
127
127
127
127
127
127
127
127
127
127
127
127
127
127
127
127
127
127
127
127
127
127
127
127
127
127
127
127
127
127
127
127
127
127
127
127
127
127
127
127
127
127
127
127
127
127
127
127
127
127
127
127
127
127
127
127
127
127
127
127
127
127
127
127
127
127
109
121
127
127
127
127
127
127
127
127
112
97
79
81
85
98
119
127
127
106
84
71
67
64
51
49
48
47
48
54
50
44
43
42
42
42
41
40
39
38
37
31
32
37
38
38
39
40
40
40
40
41
40
32
33
40
41
40
40
42
41
40
40
42
40
33
32
37
40
41
41
42
40
40
40
42
37
32
32
34
41
41
40
40
40
40
40
42
35
32
32
33
39
42
42
41
40
41
41
40
33
32
32
32
35
41
43
42
41
42
42
38
32
32
32
32
33
40
42
42
