84
82
82
82
82
84
85
89
93
97
101
103
89
86
85
85
85
87
89
93
97
101
105
108
96
93
92
91
91
93
96
99
103
107
111
115
103
101
99
99
99
101
103
107
111
116
120
123
114
110
109
108
108
110
113
116
120
125
127
127
122
123
123
123
123
123
127
127
127
127
127
124
110
113
117
122
127
127
127
127
123
116
107
99
79
83
89
96
106
125
117
98
84
74
68
64
52
51
50
49
45
98
72
43
45
44
43
43
43
43
42
39
40
127
99
33
40
40
41
40
43
42
43
38
62
127
127
47
41
43
43
43
43
43
43
38
95
127
127
71
39
43
43
43
43
43
41
44
127
127
127
106
38
43
43
44
44
44
40
65
127
127
127
127
52
42
44
44
44
45
41
99
127
127
127
127
82
40
45
44
44
44
43
127
127
127
127
127
110
39
44
43
96
94
94
93
94
96
99
103
106
110
113
118
101
99
98
97
98
100
103
106
110
114
118
122
109
106
104
103
104
106
109
113
116
121
125
127
116
114
112
112
112
114
116
120
124
127
127
127
127
124
122
121
121
123
126
127
127
127
127
127
127
127
127
127
127
127
127
127
127
127
127
127
110
116
123
127
127
127
127
127
127
120
109
99
79
82
88
96
110
127
123
100
84
73
68
65
50
50
47
47
47
51
49
43
42
42
41
41
40
40
39
37
37
32
33
36
37
37
38
38
39
40
40
39
38
31
33
40
41
40
40
40
40
40
40
40
37
32
33
39
41
40
40
40
40
40
40
40
34
32
32
36
40
40
40
41
41
41
41
39
33
32
32
33
40
41
40
40
41
41
41
37
32
32
32
32
39
41
40
40
41
41
40
34
32
32
32
32
37
40
41
40
127
127
127
127
127
127
127
127
127
127
127
127
127
127
127
127
127
127
127
127
127
127
127
127
127
127
127
127
127
127
127
127
127
127
127
127
127
127
127
127
127
127
127
127
127
127
127
127
127
127
127
127
127
127
127
127
127
127
127
127
127
127
127
127
127
127
127
127
127
127
127
127
110
121
127
127
127
127
127
127
127
127
112
97
79
81
85
98
119
127
127
106
84
71
67
64
50
50
48
47
48
54
51
44
43
42
42
42
41
40
40
37
37
31
33
37
38
38
39
39
40
40
40
40
39
31
33
40
42
40
41
40
41
41
41
40
37
32
33
40
42
41
41
40
41
41
41
40
34
32
32
37
41
41
41
42
42
42
42
40
33
32
32
33
41
42
42
42
42
42
43
38
32
32
32
32
40
42
43
42
42
42
42
35
32
32
32
32
37
41
42
41
