85
83
82
82
82
85
86
90
94
98
102
105
89
87
85
85
85
88
90
94
98
102
106
109
96
93
92
92
92
94
96
100
104
108
112
115
104
102
100
99
99
102
104
108
112
116
120
123
114
111
109
109
109
111
113
116
120
125
127
127
122
123
123
123
123
123
127
127
127
127
127
124
110
113
118
122
127
127
127
127
123
116
107
99
79
83
89
96
105
124
118
98
84
74
68
64
52
51
50
49
45
99
71
43
45
44
43
43
43
43
42
38
43
127
92
33
40
40
40
40
42
43
43
38
70
127
127
43
42
43
43
43
43
44
43
40
110
127
127
59
40
44
44
43
44
43
40
52
127
127
127
88
37
44
45
43
43
43
39
85
127
127
127
122
41
41
43
43
43
43
45
127
127
127
127
127
57
39
43
43
44
42
55
127
127
127
127
127
76
38
45
44
97
95
95
94
95
97
100
102
106
111
115
117
102
99
99
98
99
101
103
106
110
115
119
122
109
106
105
104
105
107
110
113
117
121
125
127
116
114
113
113
113
115
117
121
125
127
127
127
127
125
122
121
121
123
126
127
127
127
127
127
127
127
127
127
127
127
127
127
127
127
127
127
110
116
123
127
127
127
127
127
127
120
109
98
79
82
88
96
110
127
123
100
84
73
68
65
50
50
47
47
47
51
50
43
42
42
41
41
40
40
39
37
36
32
33
37
37
37
38
38
39
40
40
40
37
31
34
40
40
40
40
40
40
40
40
41
37
31
33
40
41
41
40
40
40
40
40
40
33
32
32
37
40
40
40
40
40
40
41
38
33
32
32
35
39
40
40
40
40
41
40
35
32
32
32
33
38
40
40
40
41
42
40
33
32
32
32
33
37
40
42
41
127
127
127
127
127
127
127
127
127
127
127
127
127
127
127
127
127
127
127
127
127
127
127
127
127
127
127
127
127
127
127
127
127
127
127
127
127
127
127
127
127
127
127
127
127
127
127
127
127
127
127
127
127
127
127
127
127
127
127
127
127
127
127
127
127
127
127
127
127
127
127
127
109
121
127
127
127
127
127
127
127
127
111
97
79
81
85
98
118
127
127
106
84
71
67
64
51
50
48
47
47
54
51
44
43
42
42
42
41
40
40
38
36
31
33
37
37
38
39
40
40
40
40
41
38
31
34
41
41
41
40
41
41
41
41
42
37
31
33
40
41
42
41
41
41
41
41
40
34
32
32
37
40
41
42
41
41
41
42
38
32
32
32
35
40
40
40
41
41
42
41
35
32
32
32
33
39
40
40
41
42
43
40
33
32
32
32
33
38
40
43
41
