85
82
82
81
82
84
85
89
93
97
101
103
89
86
85
85
85
87
89
93
97
101
105
108
95
92
91
91
91
93
96
99
103
107
111
115
103
101
99
99
99
101
103
107
111
115
119
123
114
110
108
108
108
110
112
116
120
124
127
127
121
123
123
123
123
123
126
127
127
127
127
125
109
113
117
121
127
127
127
127
123
116
107
99
79
83
89
96
104
123
120
99
85
75
68
64
52
51
50
49
43
96
75
43
44
44
43
43
43
43
42
37
44
127
90
34
40
40
40
41
43
42
42
37
78
127
121
40
43
43
43
43
43
43
42
42
123
127
127
50
42
43
43
43
43
44
40
68
127
127
127
70
39
44
43
43
44
43
40
114
127
127
127
95
38
44
43
43
44
41
63
127
127
127
127
121
41
43
43
43
43
38
93
127
127
127
127
127
46
41
43
44
96
94
92
93
94
96
99
102
106
110
113
118
101
99
97
97
98
100
103
106
110
114
118
122
109
106
104
103
104
106
109
112
116
121
125
127
116
114
112
111
112
114
116
120
124
127
127
127
127
124
121
120
120
123
125
127
127
127
127
127
126
127
127
127
127
127
127
127
127
127
127
127
110
116
122
127
127
127
127
127
127
121
109
99
80
82
87
96
108
127
125
102
85
74
68
64
50
50
47
47
47
51
50
43
42
42
41
41
40
40
39
37
36
32
34
37
37
37
38
38
40
40
40
39
37
31
35
40
40
40
40
40
40
40
40
40
36
32
34
40
40
40
40
40
41
41
41
39
33
32
33
39
41
41
40
40
40
40
41
36
32
32
32
37
41
41
40
40
40
40
40
33
32
32
32
34
39
41
40
40
40
41
38
32
32
32
32
33
37
40
40
41
127
127
127
127
127
127
127
127
127
127
127
127
127
127
127
127
127
127
127
127
127
127
127
127
127
127
127
127
127
127
127
127
127
127
127
127
127
127
127
127
127
127
127
127
127
127
127
127
127
127
127
127
127
127
127
127
127
127
127
127
127
127
127
127
127
127
127
127
127
127
127
127
109
120
127
127
127
127
127
127
127
127
113
97
79
81
85
97
116
127
127
109
85
71
67
64
51
50
48
47
48
53
52
44
43
42
42
42
41
40
40
37
37
31
33
37
38
38
39
40
40
40
40
40
38
31
35
41
41
40
40
41
41
41
41
40
35
32
34
40
41
41
41
40
41
42
42
40
33
32
32
40
42
42
41
40
42
42
42
37
32
32
32
37
42
42
40
41
42
42
41
33
32
32
32
35
40
42
40
41
41
42
39
32
32
32
32
33
38
41
41
42
