85
83
81
81
82
83
85
89
92
97
101
103
89
86
85
85
85
87
89
92
96
101
105
108
95
92
91
91
91
93
96
99
103
107
111
115
103
101
99
99
99
101
103
106
110
115
119
123
114
110
108
107
107
110
112
116
120
124
127
127
121
123
123
122
123
123
125
127
127
127
127
125
110
113
117
120
126
127
127
127
124
117
108
100
80
82
88
94
103
123
121
99
86
75
68
65
53
50
50
50
44
91
80
43
45
44
43
43
43
42
41
40
40
126
102
33
41
41
40
40
43
42
42
38
67
127
127
43
42
43
43
43
43
43
42
39
107
127
127
61
38
43
43
43
43
42
39
54
127
127
127
87
37
43
43
43
43
41
36
89
127
127
127
117
41
43
43
43
43
41
46
127
127
127
127
127
54
43
43
44
43
40
63
127
127
127
127
127
68
41
43
45
96
94
93
93
94
96
98
102
106
110
114
118
101
99
97
97
97
99
102
106
110
114
118
122
108
106
103
103
103
106
108
112
116
120
124
127
116
113
112
111
112
114
116
120
124
127
127
127
127
124
121
120
120
123
125
127
127
127
127
127
126
127
127
127
127
127
127
127
127
127
127
127
110
115
122
127
127
127
127
127
127
122
110
99
80
82
87
95
108
127
127
103
86
74
68
64
50
50
47
47
47
51
50
43
42
42
41
41
40
40
38
38
37
32
33
36
37
37
38
38
40
39
39
40
39
31
33
40
40
40
40
40
40
40
40
40
37
32
33
40
40
40
40
40
40
39
40
40
33
32
32
37
40
40
41
40
40
39
39
37
32
32
32
35
40
41
40
40
40
40
39
34
32
32
32
33
40
41
40
41
40
40
40
33
32
32
32
33
40
41
41
43
127
127
127
127
127
127
127
127
127
127
127
127
127
127
127
127
127
127
127
127
127
127
127
127
127
127
127
127
127
127
127
127
127
127
127
127
127
127
127
127
127
127
127
127
127
127
127
127
127
127
127
127
127
127
127
127
127
127
127
127
127
127
127
127
127
127
127
127
127
127
127
127
107
120
127
127
127
127
127
127
127
127
113
98
78
81
85
96
115
127
127
110
87
72
66
64
51
50
48
47
48
53
52
44
43
42
42
42
41
40
39
38
37
31
33
36
38
39
39
39
40
40
40
40
40
31
33
40
41
41
40
40
41
40
40
41
37
32
33
40
40
40
41
41
41
40
41
40
33
32
32
38
41
40
41
40
40
40
40
37
32
32
32
37
41
42
41
40
40
40
40
34
32
32
32
34
41
43
41
42
40
41
40
33
32
32
32
33
41
42
41
43
