85
82
81
81
81
83
86
89
92
97
101
104
89
86
85
85
85
87
89
92
96
101
105
108
95
92
91
91
91
93
96
99
103
107
111
114
103
101
99
99
99
101
103
106
110
115
119
122
115
110
108
107
107
110
112
116
120
124
127
127
122
122
123
122
123
123
125
127
127
127
127
126
109
113
117
120
126
127
127
127
125
117
109
100
79
83
88
94
103
121
123
100
87
75
68
65
53
50
50
50
44
85
86
42
45
44
43
43
43
42
42
40
36
116
114
35
40
40
40
41
41
43
43
39
55
127
127
50
40
43
43
43
43
44
43
37
87
127
127
76
38
45
44
43
43
44
42
43
127
127
127
110
39
42
43
43
45
44
40
65
127
127
127
127
50
41
42
43
44
44
41
103
127
127
127
127
76
40
42
43
43
45
43
127
127
127
127
127
103
38
41
42
96
94
93
93
93
96
98
102
106
110
114
116
101
99
97
97
97
99
102
106
110
114
118
121
108
106
103
103
103
106
108
112
116
120
124
127
116
113
112
111
111
113
116
120
124
127
127
127
127
124
121
120
120
123
125
127
127
127
127
127
126
127
127
127
127
127
127
127
127
127
127
127
108
115
121
127
127
127
127
127
127
122
110
100
79
82
86
94
107
126
127
104
87
75
68
65
51
50
47
47
47
50
50
44
42
42
41
41
40
40
39
38
37
32
33
37
37
37
38
38
38
39
40
40
39
32
33
40
40
40
40
40
40
40
40
40
38
32
33
38
40
40
40
40
40
41
40
40
35
32
32
35
40
40
40
40
41
41
41
39
33
32
32
33
39
40
40
40
40
41
41
37
32
32
32
32
37
41
40
40
40
42
40
34
32
32
32
32
37
40
39
40
127
127
127
127
127
127
127
127
127
127
127
127
127
127
127
127
127
127
127
127
127
127
127
127
127
127
127
127
127
127
127
127
127
127
127
127
127
127
127
127
127
127
127
127
127
127
127
127
127
127
127
127
127
127
127
127
127
127
127
127
127
127
127
127
127
127
127
127
127
127
127
127
106
119
127
127
127
127
127
127
127
127
114
99
78
80
84
95
114
127
127
111
89
73
67
65
51
50
48
47
48
52
52
44
43
42
42
42
41
40
40
39
37
31
31
37
37
38
39
40
39
40
40
40
39
32
32
40
41
41
42
41
40
41
41
41
38
32
33
38
41
42
42
40
41
42
41
41
35
32
32
36
40
40
40
41
43
42
42
40
33
32
32
33
40
41
40
40
42
42
43
37
32
32
32
32
38
42
40
40
40
43
42
34
32
32
32
32
37
41
40
40
