85
83
82
82
82
84
85
89
93
97
101
105
89
87
85
85
85
87
89
93
97
101
105
109
96
93
92
91
92
93
96
99
103
107
111
115
103
102
99
99
99
101
103
107
111
116
120
123
115
111
109
108
108
110
113
116
120
124
127
127
121
123
123
123
123
123
126
127
127
127
127
127
109
113
116
120
126
127
127
127
125
118
110
102
79
82
87
94
103
120
124
100
88
75
69
66
53
50
50
50
47
75
96
41
45
44
43
43
43
43
42
41
34
93
127
43
37
40
40
41
41
43
43
42
39
125
127
75
38
43
43
43
43
44
43
40
52
127
127
118
43
43
44
43
43
43
43
37
75
127
127
127
61
40
43
43
44
43
43
40
103
127
127
127
105
38
43
45
44
43
43
48
127
127
127
127
127
54
40
46
44
43
41
57
127
127
127
127
127
78
38
45
98
96
94
94
94
96
99
103
106
110
113
118
102
99
98
97
98
100
103
106
110
114
118
122
108
106
104
103
104
106
109
113
116
121
125
127
116
114
113
112
112
114
116
120
124
127
127
127
127
125
122
121
121
123
125
127
127
127
127
127
125
127
127
127
127
127
127
127
127
127
127
127
108
115
121
127
127
127
127
127
127
123
112
101
79
82
85
94
106
124
127
105
89
75
69
65
51
49
47
47
47
50
50
45
43
42
41
41
40
40
39
38
37
33
31
36
37
37
38
38
39
40
40
40
40
33
31
38
40
40
40
40
40
40
40
40
40
33
31
35
41
40
40
40
40
40
40
41
38
33
32
33
39
40
40
40
41
41
41
41
37
32
32
32
37
40
40
41
41
41
41
41
35
31
32
32
33
40
40
42
41
40
41
40
33
32
32
32
32
37
40
42
127
127
127
127
127
127
127
127
127
127
127
127
127
127
127
127
127
127
127
127
127
127
127
127
127
127
127
127
127
127
127
127
127
127
127
127
127
127
127
127
127
127
127
127
127
127
127
127
127
127
127
127
127
127
127
127
127
127
127
127
127
127
127
127
127
127
127
127
127
127
127
127
106
117
127
127
127
127
127
127
127
127
116
100
78
80
84
95
113
127
127
113
89
73
67
64
51
50
48
47
47
53
52
45
43
42
42
42
41
40
40
39
37
33
31
36
37
38
39
40
40
40
40
40
40
34
31
39
41
41
41
41
41
41
41
41
40
33
31
36
43
42
42
40
41
41
41
42
39
32
32
33
40
41
40
41
42
42
42
42
37
31
32
31
37
41
40
42
42
42
42
42
35
31
32
31
33
40
40
43
42
41
42
41
33
31
32
32
32
38
41
43
