85
83
81
81
82
83
85
89
92
97
101
103
89
86
85
85
85
87
89
92
96
101
105
108
95
92
91
91
91
93
96
99
103
107
111
115
103
101
99
99
99
101
103
106
110
115
119
122
115
111
108
107
107
110
112
116
120
124
127
127
121
123
123
123
122
123
125
127
127
127
127
127
109
113
117
120
125
127
127
127
125
118
110
101
79
82
87
94
103
122
123
99
87
75
69
65
53
51
50
50
47
75
97
40
45
44
43
43
43
43
42
40
35
78
127
51
35
41
40
40
42
43
43
42
36
96
127
98
39
43
43
43
43
43
43
43
37
113
127
127
58
40
43
43
45
44
44
43
42
127
127
127
113
37
42
43
44
43
44
43
50
127
127
127
127
69
39
44
43
43
44
41
61
127
127
127
127
120
49
43
43
43
44
41
71
127
127
127
127
127
67
41
96
94
93
93
94
96
98
102
106
110
114
118
101
99
97
97
97
99
102
106
110
114
118
122
108
106
103
103
103
106
108
112
116
120
124
127
116
113
112
111
112
114
116
120
124
127
127
127
127
124
121
120
120
123
125
127
127
127
127
127
125
127
127
127
127
127
127
127
127
127
127
127
108
114
121
127
127
127
127
127
127
123
111
101
79
82
86
94
106
126
126
104
88
75
68
65
51
49
47
47
47
51
50
44
43
42
41
41
40
40
39
37
37
35
30
35
37
37
38
38
39
40
40
39
40
36
30
37
40
40
40
40
40
40
40
40
40
36
32
33
40
40
40
40
41
40
41
40
40
34
32
32
37
40
40
40
40
40
40
41
40
33
32
32
33
38
41
41
40
40
40
42
40
33
32
32
32
35
40
42
40
40
40
43
40
33
32
32
32
33
40
41
127
127
127
127
127
127
127
127
127
127
127
127
127
127
127
127
127
127
127
127
127
127
127
127
127
127
127
127
127
127
127
127
127
127
127
127
127
127
127
127
127
127
127
127
127
127
127
127
127
127
127
127
127
127
127
127
127
127
127
127
127
127
127
127
127
127
127
127
127
127
127
127
106
117
127
127
127
127
127
127
127
127
116
100
78
80
84
95
114
127
127
111
89
73
67
64
51
50
48
47
48
54
50
44
43
42
42
42
41
40
40
39
37
34
30
35
38
38
39
39
40
40
40
40
40
36
30
37
41
40
41
40
41
41
41
41
41
36
32
33
41
41
40
40
42
42
42
42
41
34
32
32
37
41
40
41
41
41
42
43
40
33
32
32
33
39
42
42
40
40
42
43
40
33
32
32
32
35
41
43
41
40
41
44
40
33
32
32
32
33
40
43
