84
83
82
82
82
84
87
89
93
96
100
105
89
87
85
85
85
88
89
93
97
101
105
109
96
93
92
91
92
94
96
99
103
108
112
115
103
101
99
99
99
101
104
107
111
116
120
123
114
110
109
108
108
110
113
116
120
125
127
127
122
123
123
123
123
123
127
127
127
127
127
125
110
113
117
122
127
127
127
127
123
116
107
99
79
83
89
96
106
126
116
97
84
75
68
64
52
51
50
49
46
96
74
43
45
44
43
43
43
43
42
40
37
120
109
35
40
40
40
41
43
42
43
40
48
127
127
57
40
43
43
43
43
43
43
38
68
127
127
97
39
43
43
43
43
43
43
37
93
127
127
127
52
40
43
44
44
44
43
42
120
127
127
127
90
38
44
43
44
45
42
54
127
127
127
127
127
50
43
43
43
44
41
64
127
127
127
127
127
68
40
43
96
94
94
94
94
96
99
103
106
110
113
118
101
99
98
98
98
100
103
106
110
114
118
122
109
106
104
104
104
106
109
113
116
121
125
127
116
114
112
112
112
114
117
120
124
127
127
127
127
125
122
121
121
123
126
127
127
127
127
127
127
127
127
127
127
127
127
127
127
127
127
127
110
116
123
127
127
127
127
127
127
120
109
99
79
82
88
96
110
127
121
99
84
72
68
65
50
50
47
47
47
52
48
43
42
42
41
41
40
40
39
37
37
33
32
37
37
37
38
38
39
40
40
39
40
32
33
39
40
40
40
40
40
40
40
40
39
33
32
37
40
40
40
40
40
40
40
40
37
32
32
33
40
40
40
42
41
41
41
41
36
32
32
32
38
40
41
41
41
41
41
40
34
32
32
32
34
40
41
40
40
41
40
39
33
32
32
32
32
39
41
40
127
127
127
127
127
127
127
127
127
127
127
127
127
127
127
127
127
127
127
127
127
127
127
127
127
127
127
127
127
127
127
127
127
127
127
127
127
127
127
127
127
127
127
127
127
127
127
127
127
127
127
127
127
127
127
127
127
127
127
127
127
127
127
127
127
127
127
127
127
127
127
127
110
122
127
127
127
127
127
127
127
127
111
97
79
81
86
99
120
127
127
106
83
71
67
64
50
50
48
47
48
54
50
44
43
41
42
42
41
40
40
37
37
31
32
37
38
38
39
39
40
40
40
40
40
32
33
40
41
40
41
40
41
41
41
41
40
33
32
37
41
41
41
41
41
41
41
42
37
32
32
34
40
41
41
43
42
42
42
42
36
32
32
32
38
41
42
42
42
42
43
41
34
32
32
32
34
40
42
40
41
42
42
40
33
32
32
32
32
40
42
40
