86
84
82
82
83
85
87
90
94
97
101
104
90
88
86
86
86
89
91
94
98
102
106
109
96
94
92
92
92
95
97
100
104
109
113
116
104
103
100
100
100
103
105
108
112
116
120
123
115
111
110
109
109
111
114
116
120
126
127
127
122
123
123
123
123
123
127
127
127
127
127
124
110
115
118
122
127
127
127
127
123
116
106
98
80
83
89
96
106
126
116
97
84
74
68
64
52
51
50
49
47
104
64
44
44
44
43
42
43
41
42
37
54
127
72
36
40
41
40
40
42
41
43
39
96
127
99
37
43
43
43
43
43
42
41
54
127
127
123
39
43
43
43
43
43
42
38
94
127
127
127
49
40
43
43
43
43
40
52
127
127
127
127
66
38
43
43
43
43
41
92
127
127
127
127
88
37
43
43
43
42
44
127
127
127
127
127
105
39
43
43
42
99
96
95
95
96
98
99
103
107
110
114
119
103
100
99
99
99
101
103
107
111
115
119
123
109
107
105
105
105
107
110
113
117
122
126
127
117
115
113
113
113
116
118
121
125
127
127
127
127
125
123
122
122
124
127
127
127
127
127
127
127
127
127
127
127
127
127
127
127
127
127
127
110
116
123
127
127
127
127
127
127
119
107
97
80
83
88
96
110
127
122
100
84
72
67
64
50
49
47
47
47
51
50
43
42
42
41
41
40
39
39
37
36
30
35
37
37
37
38
38
39
39
40
40
36
30
36
40
40
40
40
40
40
40
40
40
34
31
35
40
40
40
40
40
40
40
41
37
32
32
33
40
40
40
41
40
40
40
40
34
32
32
33
39
40
40
40
40
40
41
38
32
32
32
33
37
40
40
40
40
40
40
35
32
32
32
32
36
40
41
41
40
127
127
127
127
127
127
127
127
127
127
127
127
127
127
127
127
127
127
127
127
127
127
127
127
127
127
127
127
127
127
127
127
127
127
127
127
127
127
127
127
127
127
127
127
127
127
127
127
127
127
127
127
127
127
127
127
127
127
127
127
127
127
127
127
127
127
127
127
127
127
127
127
110
123
127
127
127
127
127
127
127
127
110
96
79
81
86
99
120
127
127
106
83
71
66
64
51
49
48
47
48
54
50
44
43
42
42
42
41
40
40
38
36
30
34
37
38
39
39
39
40
40
40
41
37
30
36
41
41
41
40
40
41
40
42
41
34
31
35
40
40
41
41
41
40
40
42
37
32
32
33
40
41
40
42
41
41
41
41
34
32
32
33
39
41
40
41
40
41
42
38
32
32
32
33
37
41
40
41
40
41
41
35
32
32
32
32
36
41
42
41
40
