85
82
81
81
81
83
86
89
92
97
101
104
89
86
85
84
85
87
89
92
96
101
105
108
95
92
91
90
91
93
95
99
103
107
111
114
103
101
99
98
99
100
103
106
110
115
119
122
115
110
108
107
107
110
112
116
120
124
127
127
122
122
123
123
123
123
126
127
127
127
127
126
110
113
117
120
126
127
127
127
125
118
109
100
80
83
88
94
103
122
121
101
87
75
68
65
53
51
50
50
44
85
85
42
45
44
43
43
43
42
41
40
37
118
112
34
40
41
41
40
43
42
42
39
59
127
127
48
41
43
43
43
43
43
43
38
96
127
127
71
38
43
43
43
43
43
40
46
127
127
127
101
38
42
43
43
43
42
38
76
127
127
127
127
45
41
43
43
42
40
42
120
127
127
127
127
63
40
43
43
41
40
50
127
127
127
127
127
82
40
43
43
97
95
93
93
93
96
98
102
106
110
114
116
101
99
97
97
97
99
102
106
110
114
118
121
107
105
103
103
103
106
108
112
116
120
124
127
116
113
112
111
111
113
116
120
123
127
127
127
127
124
121
120
120
123
125
127
127
127
127
127
126
127
127
127
127
127
127
127
127
127
127
127
108
115
121
127
127
127
127
127
127
122
110
100
79
82
86
94
106
127
126
104
88
75
68
65
50
50
47
47
47
50
49
44
43
42
41
41
40
40
38
38
37
32
32
36
37
37
38
38
40
39
39
40
39
32
33
40
40
40
40
40
40
40
40
40
37
32
33
39
40
40
40
40
40
40
40
39
33
32
32
37
41
40
40
40
40
39
41
37
32
32
32
34
40
40
40
40
40
39
40
35
32
32
32
33
39
41
40
40
39
38
39
33
32
32
32
32
38
42
40
40
127
127
127
127
127
127
127
127
127
127
127
127
127
127
127
127
127
127
127
127
127
127
127
127
127
127
127
127
127
127
127
127
127
127
127
127
127
127
127
127
127
127
127
127
127
127
127
127
127
127
127
127
127
127
127
127
127
127
127
127
127
127
127
127
127
127
127
127
127
127
127
127
106
119
127
127
127
127
127
127
127
127
115
99
78
81
85
95
114
127
127
111
89
73
67
65
51
50
48
47
48
53
51
44
43
42
42
42
41
40
39
39
37
32
32
36
38
39
39
39
40
40
40
40
40
32
33
40
41
41
41
40
41
41
40
41
37
32
33
40
41
40
41
41
41
40
41
40
35
32
32
37
42
40
40
41
40
40
42
38
33
32
32
35
41
41
41
40
40
40
41
36
32
32
32
33
40
42
41
40
40
39
40
33
32
32
32
32
39
43
41
41
