85
82
81
81
81
83
86
89
92
97
101
104
89
86
85
84
85
86
89
92
96
101
105
108
95
92
91
90
91
92
95
99
103
107
111
114
103
101
99
98
98
100
103
106
110
115
119
122
115
110
108
107
107
110
112
116
120
124
127
127
121
122
123
123
123
123
126
127
127
127
127
127
108
113
117
120
125
127
127
127
125
118
110
101
78
82
87
94
102
121
122
101
88
75
69
65
53
50
50
50
45
79
92
42
45
44
43
43
43
42
42
41
34
105
124
38
39
40
40
40
41
42
43
40
47
127
127
61
40
43
43
43
42
43
44
39
73
127
127
92
38
43
43
43
43
44
43
40
108
127
127
127
43
40
44
45
43
43
40
51
127
127
127
127
64
38
43
43
43
43
40
78
127
127
127
127
100
40
42
42
44
43
40
106
127
127
127
127
127
43
42
42
97
95
93
93
93
96
98
102
106
110
114
116
101
99
97
96
97
99
102
106
110
114
118
121
107
105
103
103
103
106
108
112
116
120
124
127
116
113
112
111
111
113
116
120
123
127
127
127
127
124
121
120
120
123
125
127
127
127
127
127
125
127
127
127
127
127
127
127
127
127
127
127
108
114
121
127
127
127
127
127
127
123
111
100
79
82
86
94
106
127
126
105
89
75
68
65
51
50
47
47
47
51
49
44
43
42
41
41
40
40
39
38
37
33
32
36
37
37
38
38
38
39
40
40
40
33
32
39
40
40
40
40
39
40
40
41
39
33
32
37
41
41
40
40
40
41
40
40
36
32
32
35
40
40
40
40
41
40
40
40
34
32
32
33
39
40
40
40
41
40
41
38
33
32
32
32
37
40
39
39
40
41
42
37
32
32
32
32
35
42
40
40
127
127
127
127
127
127
127
127
127
127
127
127
127
127
127
127
127
127
127
127
127
127
127
127
127
127
127
127
127
127
127
127
127
127
127
127
127
127
127
127
127
127
127
127
127
127
127
127
127
127
127
127
127
127
127
127
127
127
127
127
127
127
127
127
127
127
127
127
127
127
127
127
106
117
127
127
127
127
127
127
127
127
116
99
78
80
84
95
113
127
127
112
89
73
67
64
52
50
48
47
47
54
50
44
43
42
42
42
41
40
40
39
37
33
31
36
38
38
39
39
39
40
40
41
40
33
32
40
41
41
41
40
40
41
41
42
40
33
32
38
41
41
42
41
41
42
41
41
37
32
32
36
40
40
41
42
42
41
41
40
34
32
32
33
40
40
40
41
42
41
42
39
33
32
32
32
37
41
40
40
41
42
43
37
32
32
32
32
35
42
40
40
