85
83
82
82
82
84
85
89
93
97
101
105
89
87
85
85
85
87
89
93
97
101
105
109
96
93
92
91
91
93
96
99
103
107
111
115
103
101
99
99
99
101
103
107
111
116
120
123
116
111
109
108
108
110
112
116
120
124
127
127
121
123
123
123
123
123
126
127
127
127
127
127
108
113
116
120
124
127
127
127
126
119
111
102
79
82
86
93
103
120
122
101
89
76
70
66
53
50
50
50
47
71
99
43
46
44
43
43
43
42
42
41
35
79
127
50
37
40
40
40
42
43
43
43
37
104
127
91
38
43
43
43
43
44
43
44
42
127
127
127
50
40
43
43
44
44
43
40
53
127
127
127
89
37
46
45
43
43
43
37
71
127
127
127
127
47
42
45
43
43
43
37
95
127
127
127
127
85
40
43
43
44
43
40
113
127
127
127
127
127
41
40
98
96
94
93
94
96
99
103
106
110
113
118
102
99
98
97
98
100
103
106
110
114
118
122
108
106
104
103
104
106
109
113
116
121
125
127
116
114
113
112
112
114
116
120
124
127
127
127
127
125
122
121
121
123
125
127
127
127
127
127
124
127
127
127
127
127
127
127
127
127
127
127
107
113
121
127
127
127
127
127
127
123
113
102
79
81
85
94
105
126
124
106
89
76
69
66
51
49
48
47
47
52
48
44
43
42
41
41
40
40
39
38
37
35
30
35
37
37
38
38
38
39
40
40
40
35
30
37
40
40
40
40
40
40
40
40
40
35
31
34
40
40
40
40
40
40
40
40
40
33
32
32
37
40
41
41
40
40
40
40
39
33
32
32
34
39
40
41
40
40
40
40
37
33
32
32
32
37
40
40
40
41
41
40
37
32
32
32
32
35
40
39
127
127
127
127
127
127
127
127
127
127
127
127
127
127
127
127
127
127
127
127
127
127
127
127
127
127
127
127
127
127
127
127
127
127
127
127
127
127
127
127
127
127
127
127
127
127
127
127
127
127
127
127
127
127
127
127
127
127
127
127
127
127
127
127
127
127
127
127
127
127
127
127
106
116
127
127
127
127
127
127
127
127
117
101
78
80
83
94
112
127
127
113
91
74
67
65
52
50
49
47
47
54
50
45
43
42
42
42
41
40
40
39
37
34
30
35
38
38
39
39
40
40
40
41
40
35
31
38
41
40
40
40
41
42
41
42
41
35
31
34
41
41
41
41
42
41
41
41
40
33
32
32
38
42
43
42
41
40
41
41
39
33
32
32
34
40
42
42
41
41
41
41
37
33
32
32
32
37
40
41
41
42
42
41
37
32
32
32
32
35
40
40
