85
83
82
82
82
84
85
89
93
97
101
103
89
87
85
85
85
87
89
93
97
101
105
108
96
93
92
91
91
93
96
99
103
107
111
115
103
101
99
99
99
101
103
107
111
115
119
123
116
111
109
108
108
110
112
116
120
124
127
127
121
123
123
123
123
123
126
127
127
127
127
127
108
113
116
120
126
127
127
127
125
119
111
102
79
82
86
93
103
121
120
100
88
76
70
66
53
51
50
50
47
70
99
42
45
44
43
43
43
42
42
42
37
71
127
56
35
41
40
41
42
41
43
43
37
89
127
103
40
43
43
43
43
42
43
44
37
109
127
127
61
40
43
43
43
43
43
43
41
127
127
127
114
38
43
43
42
43
43
41
48
127
127
127
127
70
38
43
40
41
43
40
61
127
127
127
127
120
47
42
40
41
43
39
71
127
127
127
127
127
65
40
96
94
94
93
94
96
99
101
105
110
113
118
101
99
98
97
98
100
103
106
110
114
118
122
108
106
104
103
104
106
109
113
116
121
125
127
116
114
112
112
112
114
116
120
124
127
127
127
127
125
122
121
120
123
125
127
127
127
127
127
124
127
127
127
127
127
127
127
127
127
127
127
107
113
121
127
127
127
127
127
127
123
113
102
79
81
85
93
106
127
123
105
89
76
69
66
51
49
47
47
47
52
47
44
43
42
41
41
41
40
39
38
37
35
30
34
37
37
38
38
39
39
40
40
40
36
31
36
40
40
40
40
40
40
40
40
40
37
32
33
39
40
40
40
40
40
40
41
40
34
32
32
36
40
41
40
39
40
40
41
40
33
32
32
33
39
41
40
37
40
40
41
40
33
32
32
32
35
40
40
37
39
40
40
39
33
32
32
32
33
39
41
127
127
127
127
127
127
127
127
127
127
127
127
127
127
127
127
127
127
127
127
127
127
127
127
127
127
127
127
127
127
127
127
127
127
127
127
127
127
127
127
127
127
127
127
127
127
127
127
127
127
127
127
127
127
127
127
127
127
127
127
127
127
127
127
127
127
127
127
127
127
127
127
105
116
127
127
127
127
127
127
127
127
117
102
78
80
83
94
112
127
127
113
91
74
67
65
52
50
48
47
47
55
49
45
43
42
42
42
42
40
40
39
37
35
30
35
37
39
39
39
40
40
40
41
40
36
31
37
41
41
40
40
40
40
40
41
41
37
32
33
39
41
41
41
40
40
41
42
41
34
32
32
36
40
42
40
40
41
41
42
40
33
32
32
33
39
42
41
38
40
41
42
40
33
32
32
32
35
40
41
38
40
41
42
40
32
32
32
32
33
40
42
