84
83
82
82
82
84
87
89
93
96
100
105
89
87
85
85
85
87
90
93
97
101
105
109
96
93
92
91
92
93
96
99
103
108
112
115
103
101
99
99
99
101
103
107
111
116
120
123
114
110
109
108
108
110
113
116
120
125
127
127
121
123
123
123
123
123
127
127
127
127
127
125
109
113
117
122
127
127
127
127
123
116
107
99
79
82
89
96
108
125
113
98
85
75
68
64
53
50
50
50
47
91
78
41
45
44
43
43
43
42
42
41
34
107
121
40
39
41
40
40
42
41
43
43
40
127
127
71
38
43
43
43
43
42
43
42
51
127
127
120
43
42
43
43
43
42
43
39
65
127
127
127
72
37
43
43
43
42
43
38
84
127
127
127
125
43
41
43
43
42
43
40
104
127
127
127
127
78
40
42
43
42
43
43
120
127
127
127
127
118
40
41
96
94
94
94
94
96
99
103
106
110
113
118
101
99
98
97
98
100
103
106
110
114
118
122
109
106
104
103
104
106
109
113
116
121
125
127
116
114
112
112
112
114
117
120
124
127
127
127
127
124
122
121
121
123
127
127
127
127
127
127
126
127
127
127
127
127
127
127
127
127
127
127
110
116
123
127
127
127
127
127
127
120
109
99
80
82
88
96
112
127
116
101
85
73
68
64
50
50
47
46
48
52
46
44
42
42
41
41
40
40
39
37
37
33
31
37
37
37
38
38
38
39
40
40
40
33
32
38
40
40
40
40
40
40
41
41
40
33
32
34
40
40
40
40
40
39
39
41
39
33
32
32
38
40
40
40
41
40
40
41
38
32
32
32
35
40
40
40
41
40
41
41
37
32
32
32
33
39
40
40
40
40
42
42
35
32
32
32
32
36
40
40
127
127
127
127
127
127
127
127
127
127
127
127
127
127
127
127
127
127
127
127
127
127
127
127
127
127
127
127
127
127
127
127
127
127
127
127
127
127
127
127
127
127
127
127
127
127
127
127
127
127
127
127
127
127
127
127
127
127
127
127
127
127
127
127
127
127
127
127
127
127
127
127
108
121
127
127
127
127
127
127
127
127
113
97
79
81
85
97
123
127
127
106
85
71
67
64
51
49
48
46
49
54
47
44
43
41
42
42
41
40
40
38
37
33
30
37
38
39
39
39
40
40
40
41
40
33
32
39
41
41
40
40
40
40
42
42
41
33
31
35
40
41
41
40
41
40
40
42
40
33
32
32
39
40
41
41
41
40
40
42
38
32
32
32
35
41
41
40
41
40
42
42
37
32
32
32
33
39
41
40
41
40
43
43
36
31
32
32
32
36
40
40
