84
83
82
82
82
84
86
89
93
96
100
105
89
87
85
85
85
88
89
93
97
101
105
109
96
93
92
91
92
94
96
99
103
108
112
115
103
101
99
99
99
102
104
107
111
116
120
123
114
110
109
108
108
110
113
116
120
125
127
127
122
123
123
123
123
123
127
127
127
127
127
124
110
114
118
122
127
127
127
127
123
116
106
99
80
83
89
96
110
125
110
97
84
75
68
64
52
50
50
49
47
98
68
43
45
44
43
43
43
42
41
40
38
126
103
34
40
41
41
40
43
41
42
40
53
127
127
54
40
43
43
43
44
42
42
38
76
127
127
89
39
43
43
43
43
43
43
37
103
127
127
127
47
42
43
42
42
43
42
43
127
127
127
127
78
38
45
44
43
43
40
59
127
127
127
127
123
44
43
45
43
42
38
75
127
127
127
127
127
56
40
44
96
96
94
94
94
96
99
103
106
111
115
118
101
99
98
98
98
100
103
106
110
115
119
122
109
106
104
104
104
106
109
113
116
121
125
127
116
114
113
112
112
114
117
120
124
127
127
127
127
125
122
121
121
123
126
127
127
127
127
127
127
127
127
127
127
127
127
127
127
127
127
127
110
116
123
127
127
127
127
127
127
119
108
98
79
82
89
96
114
127
116
99
83
72
68
65
50
49
47
47
50
51
45
44
42
42
41
41
40
39
38
37
37
32
31
37
37
38
38
38
40
39
39
40
39
32
33
40
40
40
40
40
40
40
40
41
39
33
32
38
40
40
40
40
40
40
40
40
37
32
32
35
40
41
40
40
40
40
40
39
34
32
32
33
38
41
40
40
40
40
40
38
33
32
32
32
35
40
40
41
41
39
40
37
32
32
32
32
33
40
40
41
127
127
127
127
127
127
127
127
127
127
127
127
127
127
127
127
127
127
127
127
127
127
127
127
127
127
127
127
127
127
127
127
127
127
127
127
127
127
127
127
127
127
127
127
127
127
127
127
127
127
127
127
127
127
127
127
127
127
127
127
127
127
127
127
127
127
127
127
127
127
127
127
110
122
127
127
127
127
127
127
127
127
110
96
79
81
86
99
126
127
127
105
83
71
67
64
51
49
47
47
51
54
46
44
43
42
42
42
41
40
39
37
37
32
31
37
37
39
40
39
40
40
40
41
40
32
33
40
40
41
41
40
42
40
40
42
40
33
32
37
41
40
40
41
40
42
41
40
37
32
32
35
41
42
41
40
40
42
40
40
34
32
32
33
38
42
42
41
40
40
40
39
33
32
32
32
35
41
41
42
41
40
40
38
32
32
32
32
33
40
40
42
