84
83
82
82
82
84
86
89
93
96
100
105
89
87
85
85
85
88
90
93
97
101
105
109
96
93
92
91
92
94
96
99
103
108
112
115
103
101
99
99
99
102
104
107
111
116
120
123
114
110
109
108
108
110
113
116
120
125
127
127
122
123
123
123
123
123
127
127
127
127
127
123
110
114
118
122
127
127
127
127
123
115
106
98
80
83
89
96
110
125
110
97
83
74
67
64
52
50
49
49
48
102
63
44
45
44
43
42
43
43
41
38
45
127
88
33
40
41
40
41
43
43
42
37
70
127
127
43
41
43
43
43
44
44
42
37
104
127
127
63
39
43
43
43
45
44
40
47
127
127
127
98
39
43
43
44
44
44
38
71
127
127
127
127
50
43
45
44
43
43
39
108
127
127
127
127
75
43
45
43
43
41
42
127
127
127
127
127
101
40
43
42
96
96
94
94
94
96
99
103
106
111
115
118
101
99
98
98
98
100
103
106
110
115
119
122
109
106
104
104
104
106
109
113
116
121
125
127
116
114
113
112
112
114
117
121
125
127
127
127
127
125
122
121
121
123
126
127
127
127
127
127
127
127
127
127
127
127
127
127
127
127
127
127
110
116
123
127
127
127
127
127
127
119
107
97
81
83
88
96
115
127
114
99
82
72
67
64
50
49
47
47
50
50
45
43
42
42
41
41
40
40
38
37
37
31
33
36
37
37
38
39
40
40
39
39
37
31
34
40
40
40
40
40
40
40
40
40
37
32
33
40
40
40
40
40
41
41
40
39
33
32
32
37
41
40
41
40
40
41
40
38
33
32
32
35
41
41
40
40
40
40
40
36
32
32
32
33
39
41
40
40
40
39
39
34
32
32
32
32
37
41
40
40
127
127
127
127
127
127
127
127
127
127
127
127
127
127
127
127
127
127
127
127
127
127
127
127
127
127
127
127
127
127
127
127
127
127
127
127
127
127
127
127
127
127
127
127
127
127
127
127
127
127
127
127
127
127
127
127
127
127
127
127
127
127
127
127
127
127
127
127
127
127
127
127
110
123
127
127
127
127
127
127
127
127
110
96
79
81
87
99
127
127
127
105
82
70
66
64
50
49
47
47
51
53
46
43
43
42
42
42
41
40
39
38
37
31
33
37
37
39
39
40
40
40
40
40
39
31
35
41
40
41
40
41
42
41
40
40
37
32
33
40
40
41
40
41
42
42
41
40
33
32
32
37
42
41
42
41
41
41
41
39
32
32
31
35
42
42
43
41
41
41
40
37
32
32
31
33
40
43
42
41
40
40
40
34
32
32
32
32
39
42
40
40
