97
92
89
84
80
77
75
75
75
76
78
82
101
96
92
87
83
81
78
78
79
81
83
87
107
103
98
93
89
87
85
84
85
88
91
95
114
110
106
101
97
94
92
92
94
96
100
103
124
120
115
110
106
103
103
102
104
108
112
117
124
127
127
126
122
116
116
120
122
123
123
120
106
112
117
122
125
127
123
121
116
112
106
100
74
77
84
92
103
122
114
95
85
75
69
65
48
48
48
48
46
85
86
40
45
44
43
43
42
42
40
40
34
89
127
48
36
40
40
41
43
42
42
43
37
101
127
96
40
42
43
43
43
42
43
44
38
110
127
127
62
40
43
43
43
43
45
44
40
120
127
127
122
40
42
45
43
43
44
43
42
127
127
127
127
85
38
43
43
43
43
42
46
127
127
127
127
127
59
40
42
43
44
42
48
127
127
127
127
127
91
37
109
106
101
96
92
88
87
86
87
88
90
94
113
110
105
100
96
92
91
90
91
93
96
99
120
116
111
106
102
99
97
96
98
101
104
107
127
123
119
114
110
106
106
105
107
110
113
116
127
127
127
123
119
116
115
114
117
121
126
127
127
127
127
127
127
127
127
127
127
127
127
124
106
113
123
127
127
127
127
127
124
116
108
100
73
76
82
92
106
126
118
98
85
75
68
65
47
47
45
45
47
51
48
43
43
42
42
42
40
40
38
37
37
34
30
36
37
37
38
38
40
40
40
40
40
36
30
37
40
40
40
40
40
40
40
40
40
37
32
33
40
40
40
40
40
41
41
41
41
35
32
32
36
40
41
40
40
41
40
41
41
34
32
32
33
37
40
40
40
41
40
41
41
34
32
32
32
34
38
40
40
40
41
41
40
33
32
32
32
32
37
39
127
127
127
127
127
127
127
127
127
127
127
127
127
127
127
127
127
127
127
127
127
127
127
127
127
127
127
127
127
127
127
127
127
127
127
127
127
127
127
127
127
127
127
127
127
127
127
127
127
127
127
127
127
127
127
127
127
127
127
127
127
127
127
127
127
127
127
127
127
127
127
127
104
119
127
127
127
127
127
127
127
127
112
99
73
75
81
94
116
127
127
104
85
72
68
65
47
47
45
45
47
54
50
44
43
43
42
42
40
40
39
37
37
34
30
36
38
38
39
39
40
40
40
41
41
36
31
37
41
40
41
40
41
40
41
42
41
37
32
33
40
41
41
41
40
42
42
42
42
36
32
32
36
41
42
42
41
42
41
42
42
35
32
32
33
38
41
42
41
41
41
42
42
34
32
32
32
34
39
40
40
40
42
42
41
34
32
32
32
32
37
40
