84
83
82
82
82
84
87
89
93
96
100
105
89
87
85
85
85
88
89
93
97
101
105
109
96
93
92
91
92
94
96
99
103
108
112
115
103
101
99
99
99
101
104
107
111
116
120
123
114
110
109
108
108
110
113
116
120
125
127
127
122
123
123
123
123
123
127
127
127
127
127
123
110
114
118
122
127
127
127
127
123
115
106
98
80
83
89
96
110
124
110
97
83
74
67
64
52
51
50
49
48
102
63
44
45
44
43
43
43
41
42
38
46
127
85
34
41
41
40
40
41
41
43
37
74
127
124
40
43
43
43
43
42
43
43
40
112
127
127
56
39
43
43
43
43
43
42
54
127
127
127
89
37
42
43
43
42
43
40
85
127
127
127
123
44
41
43
41
41
41
44
126
127
127
127
127
64
40
43
42
41
40
51
127
127
127
127
127
83
41
44
43
96
94
94
94
94
96
99
103
106
111
115
118
101
99
98
98
98
100
103
106
110
115
119
122
109
106
104
104
104
106
109
113
116
121
125
127
116
114
113
112
112
114
117
120
124
127
127
127
127
124
122
121
121
123
126
127
127
127
127
127
127
127
127
127
127
127
127
127
127
127
127
127
110
116
123
127
127
127
127
127
127
119
107
97
80
83
88
96
115
127
114
99
83
72
67
64
50
49
47
47
50
50
45
43
42
42
41
41
40
39
39
37
37
31
33
37
37
38
38
38
38
39
40
40
37
31
34
40
40
40
40
40
39
40
40
40
37
31
33
39
40
40
40
40
40
40
41
40
33
32
32
37
40
39
40
40
39
39
42
38
33
32
32
36
40
40
40
38
39
39
41
35
32
32
32
33
40
41
40
39
39
39
39
33
32
32
32
32
39
43
41
41
127
127
127
127
127
127
127
127
127
127
127
127
127
127
127
127
127
127
127
127
127
127
127
127
127
127
127
127
127
127
127
127
127
127
127
127
127
127
127
127
127
127
127
127
127
127
127
127
127
127
127
127
127
127
127
127
127
127
127
127
127
127
127
127
127
127
127
127
127
127
127
127
110
123
127
127
127
127
127
127
127
127
110
96
79
81
86
99
127
127
127
106
82
70
66
64
51
49
48
47
51
52
46
44
43
42
42
42
41
40
40
38
37
30
33
37
38
39
39
39
39
40
40
41
38
31
35
41
41
41
40
40
40
41
41
41
37
31
33
40
41
41
41
41
40
40
42
41
33
31
32
38
41
40
41
40
40
40
43
39
33
32
31
36
42
40
41
39
40
40
42
36
32
32
31
33
41
42
41
40
40
40
40
33
32
32
32
32
40
43
42
42
