85
83
82
82
82
84
86
89
93
96
100
105
89
87
85
85
85
88
90
93
97
101
105
109
96
93
92
92
92
94
96
99
103
108
112
115
104
102
99
99
99
102
104
107
111
116
120
123
114
111
109
108
108
110
113
116
120
125
127
127
123
123
123
123
123
123
127
127
127
127
127
123
110
114
118
122
127
127
127
127
123
115
106
98
80
83
89
96
110
120
110
98
84
74
67
64
52
50
50
48
50
102
57
45
45
44
43
42
43
43
41
34
72
127
54
37
40
41
41
40
43
43
38
49
126
127
63
40
43
43
43
43
44
43
39
89
127
127
71
40
43
43
43
43
43
37
58
127
127
127
78
38
43
45
43
42
41
44
116
127
127
127
89
38
43
44
43
43
42
82
127
127
127
127
99
39
43
44
43
43
45
127
127
127
127
127
106
40
44
44
43
43
98
96
94
94
95
97
99
103
106
111
115
118
102
99
98
98
98
100
103
106
110
115
119
122
108
106
104
104
104
106
109
113
116
121
125
127
116
114
113
112
113
115
117
121
125
127
127
127
127
125
122
121
121
123
126
127
127
127
127
127
127
127
127
127
127
127
127
127
127
127
127
127
110
116
123
127
127
127
127
127
127
119
107
97
81
83
88
96
116
124
113
100
84
72
67
64
50
49
47
46
50
47
45
43
42
42
41
41
40
39
38
37
35
30
34
36
37
37
38
38
40
39
39
39
34
31
38
40
40
40
40
40
41
40
40
37
33
32
39
41
40
40
40
40
40
40
40
33
32
32
38
40
40
40
41
39
41
40
35
32
32
32
37
41
40
41
40
40
40
37
32
32
32
32
37
41
40
41
40
40
40
34
32
32
32
32
37
42
41
40
40
40
127
127
127
127
127
127
127
127
127
127
127
127
127
127
127
127
127
127
127
127
127
127
127
127
127
127
127
127
127
127
127
127
127
127
127
127
127
127
127
127
127
127
127
127
127
127
127
127
127
127
127
127
127
127
127
127
127
127
127
127
127
127
127
127
127
127
127
127
127
127
127
127
110
123
127
127
127
127
127
127
127
127
110
95
79
81
86
98
127
127
124
106
84
70
66
64
50
49
47
47
52
49
45
44
43
41
42
42
41
40
39
38
35
30
34
36
37
39
40
39
40
40
40
40
34
31
40
41
40
41
41
40
42
40
41
37
33
32
40
42
41
41
40
40
41
41
40
33
32
32
38
41
41
42
42
40
42
40
35
32
32
32
37
42
41
42
41
40
41
37
32
32
32
32
37
42
41
42
40
40
40
34
32
32
32
32
37
43
42
42
41
41
