85
82
82
81
82
84
86
89
92
97
101
103
89
86
85
85
85
87
90
92
96
101
105
108
95
92
91
91
91
93
96
99
103
107
111
115
103
101
99
99
99
101
103
107
111
115
119
123
114
110
108
107
107
110
112
116
120
124
127
127
122
123
123
122
122
123
127
127
127
127
127
124
110
114
117
121
127
127
127
127
123
116
107
99
80
83
89
95
110
120
110
99
85
75
68
64
53
50
50
48
47
99
64
45
44
44
43
43
43
42
43
35
61
127
66
37
40
41
40
40
41
43
42
43
110
127
80
38
43
43
43
43
42
44
40
73
127
127
92
37
43
43
43
43
42
41
44
127
127
127
106
37
43
43
43
43
43
40
93
127
127
127
120
38
42
43
43
43
42
64
127
127
127
127
127
42
41
43
43
43
40
97
127
127
127
127
127
45
42
43
43
43
96
94
93
93
94
96
99
102
106
110
114
118
101
99
97
97
97
99
103
106
110
114
118
122
109
106
103
103
103
106
109
112
116
120
125
127
116
113
112
111
112
114
116
120
124
127
127
127
127
124
121
120
120
123
125
127
127
127
127
127
127
127
127
127
127
127
127
127
127
127
127
127
110
116
123
127
127
127
127
127
127
120
109
98
79
82
88
95
115
123
113
102
85
73
68
65
50
49
47
46
50
47
45
44
42
42
41
41
40
39
39
37
36
30
34
37
37
37
38
38
38
39
40
40
35
31
37
40
40
40
40
40
39
40
41
39
33
32
37
40
40
40
40
40
40
40
40
34
32
32
37
40
40
40
41
41
40
41
37
32
32
32
36
40
40
41
40
40
41
40
34
32
32
32
34
40
40
41
40
40
41
37
32
32
32
32
33
40
41
40
40
40
127
127
127
127
127
127
127
127
127
127
127
127
127
127
127
127
127
127
127
127
127
127
127
127
127
127
127
127
127
127
127
127
127
127
127
127
127
127
127
127
127
127
127
127
127
127
127
127
127
127
127
127
127
127
127
127
127
127
127
127
127
127
127
127
127
127
127
127
127
127
127
127
109
121
127
127
127
127
127
127
127
127
111
96
79
81
85
96
127
127
125
109
85
71
67
64
51
49
48
47
52
49
46
44
43
41
42
42
41
40
40
38
36
30
34
37
37
39
39
39
39
40
40
40
36
31
38
41
40
41
40
40
40
41
42
39
33
32
37
40
41
41
41
40
40
41
40
35
32
32
37
41
41
41
41
41
41
42
37
33
32
32
36
40
40
41
41
40
42
40
34
32
32
32
34
40
41
41
41
40
42
38
32
32
32
32
33
40
42
41
40
41
