85
82
81
80
81
82
85
88
92
96
100
104
89
86
84
84
84
86
89
92
96
100
104
108
95
92
90
90
90
92
95
98
102
106
110
114
103
100
99
98
98
100
103
106
110
115
119
122
116
111
108
107
106
109
111
115
119
123
127
127
120
122
122
122
121
122
126
127
127
127
127
127
107
112
116
119
125
127
127
127
127
120
112
104
78
82
85
92
106
117
113
102
91
78
71
67
54
52
50
50
50
57
99
48
44
44
43
43
44
43
42
41
39
53
127
72
34
40
41
40
43
42
42
43
40
68
127
122
44
41
43
43
43
43
42
44
39
89
127
127
73
38
43
44
42
43
42
43
40
111
127
127
127
41
40
43
43
43
42
40
43
127
127
127
127
82
38
43
43
43
43
39
51
127
127
127
127
127
54
41
42
44
43
38
61
127
127
127
127
127
76
38
96
93
92
92
92
95
97
101
105
109
113
117
100
98
96
96
96
99
101
105
109
113
117
121
107
105
103
103
103
105
107
111
115
120
124
127
116
113
111
110
110
113
116
120
123
127
127
127
127
124
121
120
120
122
124
127
127
127
127
127
123
127
127
127
127
127
127
127
127
127
127
127
106
112
119
126
127
127
127
127
127
127
115
104
78
81
85
91
109
123
114
106
92
78
70
66
51
50
48
47
49
50
43
44
43
41
41
41
41
40
39
38
37
36
30
34
37
37
38
38
40
39
39
40
40
37
32
35
40
40
40
40
40
40
40
40
41
37
32
33
37
40
40
40
40
40
40
40
41
36
32
32
35
40
40
40
40
40
39
39
40
34
32
32
33
38
41
40
40
40
40
40
39
33
32
32
32
34
40
40
40
41
40
40
39
33
32
32
32
32
39
40
127
127
127
127
127
127
127
127
127
127
127
127
127
127
127
127
127
127
127
127
127
127
127
127
127
127
127
127
127
127
127
127
127
127
127
127
127
127
127
127
127
127
127
127
127
127
127
127
127
127
127
127
127
127
127
127
127
127
127
127
127
127
127
127
127
127
127
127
127
127
127
127
104
114
127
127
127
127
127
127
127
127
121
104
78
79
83
90
116
127
127
113
95
77
69
65
52
50
49
47
50
52
43
45
43
42
42
42
42
40
40
39
38
36
29
34
37
38
39
39
40
40
40
40
40
38
31
36
41
41
41
41
41
40
40
41
42
38
31
33
38
41
40
42
40
41
40
40
43
36
32
32
35
41
40
41
40
40
40
40
40
34
32
32
32
39
42
41
40
41
40
40
40
33
32
32
31
35
42
41
40
42
41
41
40
33
32
32
32
33
40
41
