85
82
81
81
81
83
86
89
92
97
101
104
89
86
85
84
85
87
89
92
96
101
105
108
95
92
91
90
91
93
95
99
103
107
111
114
103
101
99
98
99
100
103
106
110
115
119
122
116
111
108
107
107
110
112
116
120
124
127
127
120
122
122
123
122
123
127
127
127
127
127
127
107
112
116
120
127
127
127
127
126
119
111
103
78
82
86
93
111
116
110
98
88
77
70
66
53
51
50
50
51
59
98
46
42
44
43
43
43
43
42
41
39
45
127
89
33
39
41
41
42
43
43
43
41
43
127
127
68
38
42
43
44
43
44
43
43
41
127
127
127
50
40
43
44
44
43
45
43
40
127
127
127
110
40
40
43
43
42
46
44
40
126
127
127
127
90
38
43
43
42
45
43
40
120
127
127
127
127
75
43
44
43
43
43
39
115
127
127
127
127
125
97
95
93
93
93
96
98
102
106
110
114
116
101
99
97
97
97
99
102
106
110
114
118
121
107
105
103
103
103
106
108
112
116
120
124
127
116
113
112
111
111
113
116
120
123
127
127
127
127
124
121
120
120
123
126
127
127
127
127
127
123
127
127
127
127
127
127
127
127
127
127
127
106
113
120
127
127
127
127
127
127
125
113
103
78
81
85
93
115
120
111
102
89
76
70
65
51
50
48
47
50
48
43
44
43
41
41
41
40
40
39
38
37
37
30
33
37
37
38
38
39
39
40
40
39
40
33
33
38
40
40
40
41
41
40
40
40
40
34
32
34
40
40
40
41
40
40
41
41
40
34
32
32
36
40
40
41
40
40
42
41
40
35
32
32
33
37
40
41
40
40
41
41
41
35
32
32
32
34
39
40
41
40
40
40
41
35
32
32
32
32
36
127
127
127
127
127
127
127
127
127
127
127
127
127
127
127
127
127
127
127
127
127
127
127
127
127
127
127
127
127
127
127
127
127
127
127
127
127
127
127
127
127
127
127
127
127
127
127
127
127
127
127
127
127
127
127
127
127
127
127
127
127
127
127
127
127
127
127
127
127
127
127
127
105
115
127
127
127
127
127
127
127
127
119
103
78
79
82
94
127
127
123
109
90
75
68
64
52
50
49
47
51
50
43
43
43
42
42
42
41
41
40
39
37
37
29
33
37
38
39
40
40
40
40
40
40
40
33
33
39
41
40
41
42
41
42
41
41
40
34
32
35
40
41
40
42
41
41
42
42
40
34
32
32
37
41
41
41
40
40
43
43
41
35
32
32
33
38
42
41
41
40
42
42
42
35
32
32
32
34
39
41
42
41
40
41
42
35
31
32
32
32
36
