85
83
82
82
82
85
88
90
94
98
102
105
89
87
86
85
86
89
90
94
98
102
106
109
96
93
92
92
92
95
96
100
104
108
112
115
104
102
100
99
100
103
105
108
112
116
120
123
113
111
109
109
109
111
113
117
121
127
127
127
123
123
123
122
123
126
127
127
127
127
127
122
112
115
120
127
127
126
127
127
121
113
104
96
82
84
90
110
113
110
99
90
80
71
67
64
51
50
48
49
56
98
48
45
44
43
43
43
43
42
42
35
66
127
59
37
40
40
40
40
42
42
43
38
101
127
94
38
43
43
43
43
43
42
42
48
127
127
127
43
42
43
43
44
43
43
40
71
127
127
127
65
38
43
43
43
43
43
39
110
127
127
127
100
39
42
43
42
41
42
53
127
127
127
127
127
50
42
44
43
41
40
72
127
127
127
127
127
62
41
45
45
97
95
95
95
95
97
99
103
107
110
114
117
102
99
99
98
99
101
103
107
111
115
119
122
109
107
105
104
105
107
110
113
117
122
126
127
116
115
113
113
113
115
118
121
125
127
127
127
127
124
122
121
122
124
127
127
127
127
127
127
127
127
127
127
127
127
127
127
127
127
127
125
111
119
126
127
127
127
127
127
127
116
104
96
80
83
89
114
118
112
103
91
79
71
66
64
50
48
46
49
47
43
44
43
43
42
41
41
40
39
38
37
35
30
35
37
37
37
38
38
39
39
40
40
36
31
37
40
40
40
40
40
40
40
40
40
34
31
35
40
40
40
40
40
40
40
41
38
32
32
33
38
40
40
40
40
40
40
41
36
32
32
32
37
40
40
40
40
39
40
40
33
32
32
32
35
40
41
42
40
39
41
39
32
32
32
32
33
39
43
42
41
127
127
127
127
127
127
127
127
127
127
127
127
127
127
127
127
127
127
127
127
127
127
127
127
127
127
127
127
127
127
127
127
127
127
127
127
127
127
127
127
127
127
127
127
127
127
127
127
127
127
127
127
127
127
127
127
127
127
127
127
127
127
127
127
127
127
127
127
127
127
127
127
114
127
127
127
127
127
127
127
127
123
105
93
79
81
90
126
127
123
110
93
78
69
65
64
50
47
47
50
49
43
44
43
42
42
42
42
40
40
39
37
34
29
35
37
38
39
39
39
40
39
41
41
37
31
37
41
41
40
42
41
40
40
42
41
35
31
35
40
41
41
42
42
41
41
42
40
33
32
33
39
41
41
40
40
40
41
41
37
32
32
32
37
41
41
41
40
40
41
40
33
32
32
32
35
40
42
43
41
40
42
40
32
32
32
32
33
40
43
43
42
