85
83
82
82
82
85
88
90
94
98
102
105
89
87
86
85
86
89
90
94
98
102
106
109
96
93
92
92
92
95
96
100
104
108
112
115
104
102
100
99
100
103
105
108
112
116
120
123
113
111
109
109
109
111
113
117
121
127
127
127
123
124
123
122
123
126
127
127
127
127
127
121
112
115
120
127
127
126
127
125
120
113
103
96
80
83
90
111
113
110
99
90
79
71
67
64
51
49
48
48
61
96
46
46
44
43
43
43
43
42
40
33
83
127
44
39
40
40
41
40
43
43
41
43
127
127
64
40
43
43
43
43
43
43
40
71
127
127
91
39
44
43
43
43
43
43
40
123
127
127
120
38
43
44
43
43
44
40
68
127
127
127
127
49
41
45
43
44
43
46
113
127
127
127
127
69
39
45
43
45
41
55
127
127
127
127
127
86
37
44
43
44
97
95
95
95
95
97
99
103
107
110
114
117
102
99
99
98
99
101
103
107
111
115
119
122
109
107
105
104
105
107
110
113
117
122
126
127
116
115
113
113
113
115
118
121
125
127
127
127
127
124
122
121
122
124
127
127
127
127
127
127
127
127
127
127
127
127
127
127
127
127
127
124
112
119
127
127
127
127
127
127
126
115
104
95
79
83
91
116
118
112
102
90
78
70
66
64
49
47
46
49
47
43
43
43
42
41
41
41
40
39
37
37
33
30
36
37
38
37
38
38
40
40
40
39
33
32
39
40
40
40
40
40
40
40
41
38
33
32
37
41
40
40
40
40
40
40
41
35
32
32
34
40
40
40
40
40
41
41
39
33
32
32
33
39
40
41
40
41
41
41
36
32
32
32
33
38
40
41
40
41
40
40
33
32
32
32
32
37
41
42
40
41
127
127
127
127
127
127
127
127
127
127
127
127
127
127
127
127
127
127
127
127
127
127
127
127
127
127
127
127
127
127
127
127
127
127
127
127
127
127
127
127
127
127
127
127
127
127
127
127
127
127
127
127
127
127
127
127
127
127
127
127
127
127
127
127
127
127
127
127
127
127
127
127
114
127
127
127
127
127
127
127
127
122
104
92
78
81
92
127
127
122
109
92
77
68
65
64
50
47
46
50
49
43
44
43
43
42
42
42
41
40
38
37
33
29
37
37
39
39
40
39
40
40
41
40
34
32
40
41
42
40
41
40
41
41
42
39
33
32
38
42
42
41
41
41
41
41
42
36
32
32
35
40
40
42
41
41
42
42
40
33
32
32
34
40
40
43
41
42
42
42
36
32
32
32
33
38
41
43
41
42
42
41
33
32
32
32
32
37
42
42
40
42
