85
83
82
82
82
85
88
90
94
98
102
105
89
87
86
85
86
89
91
94
98
102
106
109
96
93
92
92
92
95
96
100
104
108
112
115
104
102
100
99
100
103
104
108
112
116
120
123
113
111
109
109
109
111
113
117
121
127
127
127
123
124
124
122
123
126
127
127
127
127
127
121
112
115
120
127
127
126
127
125
120
112
103
96
80
83
91
111
113
109
98
89
78
71
67
64
51
49
48
47
65
92
45
45
44
43
43
43
43
41
40
34
97
127
40
40
41
41
41
40
42
42
39
57
127
127
49
42
43
43
43
43
43
43
39
101
127
127
61
41
43
43
43
43
43
39
58
127
127
127
77
38
43
43
42
43
40
42
113
127
127
127
96
37
43
43
42
43
38
72
127
127
127
127
116
39
43
43
43
43
38
110
127
127
127
127
127
41
43
43
43
44
97
95
95
95
95
97
99
103
107
111
115
118
102
99
99
98
99
101
103
107
111
115
119
122
109
106
105
104
105
107
110
113
117
121
126
127
116
114
113
113
113
115
118
121
125
127
127
127
127
123
122
121
122
124
127
127
127
127
127
127
127
127
127
127
127
127
127
127
127
127
127
123
112
120
127
127
127
127
127
127
125
115
103
94
79
82
92
116
117
111
101
89
78
70
65
64
49
47
45
49
47
43
44
43
42
41
41
41
40
38
37
37
33
30
37
37
37
38
38
38
40
39
40
39
33
33
40
40
40
40
40
40
40
40
40
37
32
33
40
40
40
40
40
40
40
40
38
33
32
32
38
41
40
40
40
41
39
40
36
32
32
32
37
40
41
40
40
41
39
38
33
32
32
32
36
40
41
40
40
41
39
35
32
32
32
32
35
41
41
41
41
41
127
127
127
127
127
127
127
127
127
127
127
127
127
127
127
127
127
127
127
127
127
127
127
127
127
127
127
127
127
127
127
127
127
127
127
127
127
127
127
127
127
127
127
127
127
127
127
127
127
127
127
127
127
127
127
127
127
127
127
127
127
127
127
127
127
127
127
127
127
127
127
127
114
127
127
127
127
127
127
127
127
121
103
92
78
81
92
127
127
121
108
91
76
68
64
63
50
47
46
50
48
43
44
43
43
42
42
42
41
40
38
37
32
30
37
37
39
39
39
39
40
40
40
40
33
33
41
41
41
41
40
40
41
41
40
37
32
33
40
42
40
40
41
41
40
41
39
33
32
32
39
42
40
41
40
42
40
40
36
32
32
32
37
41
41
40
40
41
40
38
33
32
32
32
36
41
42
40
40
41
40
35
32
32
32
32
35
42
42
41
41
42
