86
84
83
82
83
85
86
91
95
97
101
104
90
88
86
86
86
89
91
94
98
102
106
109
96
94
92
92
92
95
98
100
104
109
113
116
104
103
100
100
100
103
105
109
113
116
120
123
113
111
110
109
110
112
114
117
121
127
127
127
123
124
124
123
123
127
127
127
127
127
127
120
112
116
121
127
127
127
127
124
119
111
102
94
80
83
93
113
113
109
97
87
77
70
66
64
50
48
48
45
75
86
45
45
44
43
43
42
42
42
36
43
123
102
35
40
40
41
41
40
43
40
40
89
127
110
37
43
43
43
43
43
43
40
64
127
127
103
39
43
43
43
43
43
38
50
127
127
127
101
39
43
43
44
43
42
43
108
127
127
127
99
40
43
43
43
43
42
89
127
127
127
127
98
40
43
44
43
43
43
127
127
127
127
127
96
40
44
45
43
43
43
99
96
94
95
96
98
101
103
107
112
116
119
103
100
99
99
99
102
105
107
111
116
120
123
109
106
106
105
106
108
111
113
117
122
126
127
117
115
113
113
113
116
118
122
126
127
127
127
127
124
122
122
122
124
127
127
127
127
127
127
127
127
127
127
127
127
127
127
127
127
127
123
113
120
127
127
127
127
127
127
124
113
103
93
78
82
94
118
116
110
99
88
77
70
66
63
48
46
45
49
47
43
43
43
42
41
41
41
40
38
37
37
31
32
36
37
37
38
38
38
40
39
40
37
32
36
40
40
40
40
40
40
41
40
38
33
32
37
41
40
40
40
40
40
40
39
35
32
32
36
40
40
40
40
41
40
40
36
33
32
32
36
41
40
40
41
40
40
37
33
32
32
32
37
42
40
40
41
40
40
34
32
32
32
32
38
41
40
41
40
40
40
127
127
127
127
127
127
127
127
127
127
127
127
127
127
127
127
127
127
127
127
127
127
127
127
127
127
127
127
127
127
127
127
127
127
127
127
127
127
127
127
127
127
127
127
127
127
127
127
127
127
127
127
127
127
127
127
127
127
127
127
127
127
127
127
127
127
127
127
127
127
127
127
116
127
127
127
127
127
127
127
127
119
102
91
77
79
97
127
127
120
106
89
75
68
64
64
49
47
46
50
47
43
44
43
43
42
42
42
40
39
37
37
30
32
36
37
38
39
40
39
40
40
40
37
32
37
41
41
40
41
41
40
42
41
38
33
31
37
42
41
41
41
40
40
41
40
35
32
32
37
41
41
41
42
42
40
41
37
33
32
32
37
42
41
41
42
41
40
38
33
32
32
32
37
43
41
41
42
40
40
35
32
32
32
32
38
43
42
42
41
40
41
