84
83
82
82
82
84
87
89
93
96
100
105
89
87
85
85
85
88
89
93
97
101
105
109
96
93
92
91
92
94
96
99
103
108
112
115
103
101
99
99
99
101
104
107
111
116
120
123
113
110
108
108
108
110
113
116
120
126
127
127
123
123
123
122
123
125
127
127
127
127
126
120
111
115
121
127
127
126
127
124
118
110
102
94
78
82
93
113
113
109
97
88
77
70
66
64
49
47
47
44
77
85
44
45
44
43
43
43
42
41
33
48
127
93
36
40
41
40
41
41
43
38
46
103
127
92
39
43
43
43
43
43
41
41
85
127
127
75
40
44
43
42
43
43
34
79
127
127
127
64
40
43
43
43
42
44
76
127
127
127
127
54
40
43
43
43
42
43
127
127
127
127
127
47
41
43
43
43
43
43
127
127
127
127
124
43
42
43
44
43
43
43
96
94
94
94
94
96
99
103
106
110
113
118
101
99
98
98
98
100
103
106
110
114
118
122
109
106
104
104
104
106
109
113
116
121
125
127
116
114
113
112
112
114
117
120
124
127
127
127
127
123
121
121
121
123
126
127
127
127
127
127
127
127
127
127
127
127
127
127
127
127
127
122
113
120
127
127
127
127
127
127
123
113
102
93
78
81
94
118
116
110
99
88
77
70
66
63
47
45
44
50
46
43
43
43
42
41
41
42
40
37
37
37
30
33
37
37
37
38
38
38
40
40
40
36
31
37
40
40
40
40
40
40
40
40
37
33
32
38
40
40
40
40
40
40
40
37
33
32
33
40
40
40
40
40
40
41
37
33
32
32
33
40
40
40
40
40
40
41
34
32
32
32
35
40
40
40
41
40
40
41
32
32
32
32
35
40
40
41
41
41
41
41
127
127
127
127
127
127
127
127
127
127
127
127
127
127
127
127
127
127
127
127
127
127
127
127
127
127
127
127
127
127
127
127
127
127
127
127
127
127
127
127
127
127
127
127
127
127
127
127
127
127
127
127
127
127
127
127
127
127
127
127
127
127
127
127
127
127
127
127
127
127
127
127
116
127
127
127
127
127
127
127
127
118
102
91
76
78
97
127
127
120
106
89
75
68
65
64
47
45
46
51
47
43
44
43
43
42
42
42
40
38
38
37
30
32
37
37
39
39
39
39
40
40
40
37
31
37
41
41
41
41
40
40
40
41
37
33
32
39
41
41
40
40
41
41
41
38
33
32
33
40
41
41
40
41
40
42
39
33
32
31
33
40
41
40
41
40
40
42
34
32
32
31
35
40
41
41
41
40
40
42
32
32
32
32
35
41
41
42
42
41
41
42
