85
82
82
81
82
84
85
89
93
97
101
103
89
86
85
85
85
87
89
93
97
101
105
108
95
92
91
91
91
93
96
99
103
107
111
115
103
101
99
99
99
101
103
107
111
116
120
123
113
110
108
108
108
110
113
116
120
126
127
127
123
123
123
121
122
125
127
127
127
127
126
120
110
115
120
127
127
125
127
124
119
111
102
95
78
82
91
113
113
109
97
88
78
71
66
64
49
47
47
45
71
90
45
45
44
43
43
43
42
42
36
42
119
106
37
40
40
40
40
40
42
40
43
91
127
110
39
43
43
43
43
43
42
40
72
127
127
92
38
43
43
43
44
43
37
64
127
127
127
81
38
43
42
43
45
44
58
127
127
127
127
72
39
43
42
42
43
43
114
127
127
127
127
64
40
43
43
42
42
43
127
127
127
127
127
57
40
44
44
42
42
44
96
96
92
93
94
96
99
101
105
110
113
118
101
99
97
97
98
100
103
106
110
114
118
122
109
106
104
103
104
106
109
113
116
121
125
127
116
114
112
112
112
114
116
120
124
127
127
127
127
123
121
120
120
123
126
127
127
127
127
127
127
127
127
127
127
127
127
127
127
127
127
123
112
118
127
127
127
127
127
127
124
113
103
94
76
79
92
118
117
110
100
89
78
70
66
64
47
45
44
49
47
43
44
43
42
41
41
41
39
38
37
37
31
32
37
37
37
38
38
38
38
40
40
37
32
36
40
40
40
40
40
40
39
41
39
33
32
37
40
40
40
40
41
40
41
40
33
32
32
37
40
40
40
40
40
40
40
35
32
32
33
39
40
40
40
39
40
40
36
32
32
32
33
40
40
40
40
39
39
40
33
32
32
32
33
40
41
41
41
40
39
42
127
127
127
127
127
127
127
127
127
127
127
127
127
127
127
127
127
127
127
127
127
127
127
127
127
127
127
127
127
127
127
127
127
127
127
127
127
127
127
127
127
127
127
127
127
127
127
127
127
127
127
127
127
127
127
127
127
127
127
127
127
127
127
127
127
127
127
127
127
127
127
127
114
127
127
127
127
127
127
127
127
119
103
91
75
78
94
127
127
121
106
89
75
68
64
63
47
46
45
50
48
44
44
43
43
42
42
42
40
40
38
37
31
31
37
37
38
39
39
39
39
41
41
37
32
35
41
41
40
40
41
40
40
42
40
33
32
37
40
41
41
41
42
41
42
40
33
32
32
38
41
41
40
40
42
41
40
35
32
32
33
39
41
40
41
40
41
40
37
32
32
32
33
40
41
41
41
40
40
40
33
32
32
32
33
40
42
42
42
40
40
42
