85
82
81
81
81
83
86
89
92
97
101
104
89
86
85
84
85
87
89
92
96
101
105
108
95
92
91
90
91
93
95
99
103
107
111
115
103
101
99
98
98
100
103
106
110
115
119
123
113
110
108
107
107
110
112
116
120
125
127
127
123
123
123
121
121
124
127
127
127
127
127
121
110
113
119
127
127
125
127
124
120
112
103
96
77
80
89
111
113
110
98
89
78
71
67
64
49
47
47
47
64
96
47
45
44
43
43
43
42
42
38
35
103
123
38
40
40
40
41
41
43
43
38
73
127
127
41
43
43
43
43
43
43
41
54
127
127
127
41
44
43
43
43
43
40
43
118
127
127
120
39
43
43
43
43
44
41
96
127
127
127
115
38
43
45
43
44
44
82
127
127
127
127
107
38
43
46
44
44
44
127
127
127
127
127
101
37
43
45
43
45
44
97
95
93
93
93
96
98
102
106
110
114
116
101
99
97
97
97
99
102
106
110
114
118
121
107
105
103
103
103
106
108
112
116
120
124
127
116
113
112
111
111
113
116
120
123
127
127
127
127
123
121
120
120
123
125
127
127
127
127
127
127
127
127
127
127
127
127
127
127
127
127
124
110
117
127
127
127
127
127
127
125
114
104
95
75
79
89
116
117
111
101
89
78
70
66
64
47
45
44
49
47
43
44
43
42
41
41
42
40
39
37
37
33
31
37
37
37
37
38
38
40
40
40
37
32
33
41
40
40
40
40
40
40
40
40
33
31
35
41
41
40
40
40
40
40
40
35
32
32
34
40
40
40
40
40
40
41
37
33
32
32
36
40
40
41
40
40
41
38
33
32
32
32
37
40
40
41
40
40
41
35
32
32
32
32
37
40
40
41
40
41
41
127
127
127
127
127
127
127
127
127
127
127
127
127
127
127
127
127
127
127
127
127
127
127
127
127
127
127
127
127
127
127
127
127
127
127
127
127
127
127
127
127
127
127
127
127
127
127
127
127
127
127
127
127
127
127
127
127
127
127
127
127
127
127
127
127
127
127
127
127
127
127
127
113
127
127
127
127
127
127
127
127
121
104
92
75
78
91
127
127
122
108
91
76
68
65
64
47
46
45
50
49
43
44
43
43
42
42
42
40
40
38
37
32
30
37
37
39
39
40
39
40
41
41
37
32
34
42
41
41
40
41
40
41
41
40
33
31
35
42
42
41
41
41
40
41
41
36
32
32
34
40
41
41
41
41
42
42
37
33
32
32
36
41
40
42
41
41
42
39
33
32
32
32
37
41
40
43
41
42
42
36
32
32
32
32
37
40
41
43
41
43
42
