83
82
80
80
80
82
84
88
92
96
100
103
88
85
84
83
83
85
88
92
96
100
104
107
95
92
90
89
89
92
94
98
102
106
110
114
103
100
98
97
97
99
102
106
110
114
118
122
114
110
107
106
106
108
110
114
118
123
127
127
121
123
123
121
120
123
127
127
127
127
127
123
106
112
116
126
127
125
126
124
121
114
106
98
74
77
84
106
114
112
101
91
82
73
68
64
48
47
46
50
49
94
63
43
45
43
43
43
42
42
41
37
44
127
89
35
40
40
41
41
43
43
43
37
78
127
122
40
43
43
43
43
43
43
42
44
126
127
127
47
43
43
43
43
43
43
37
74
127
127
127
63
40
44
43
43
44
43
43
127
127
127
127
82
37
43
43
43
44
43
78
127
127
127
127
103
37
43
45
43
43
42
119
127
127
127
127
120
40
43
47
43
96
93
92
92
92
95
97
100
103
108
113
116
100
98
96
96
96
98
101
104
108
113
117
120
107
105
103
102
102
104
107
110
115
120
123
127
116
113
111
110
110
113
115
119
123
127
127
127
127
123
120
120
120
121
123
127
127
127
127
127
127
127
127
127
127
127
127
127
127
127
127
127
107
114
123
127
127
127
127
127
127
117
107
98
74
76
83
110
120
113
104
92
81
72
67
64
47
45
43
47
49
44
43
43
43
42
42
42
39
39
38
37
36
30
33
37
37
37
38
38
39
40
40
40
37
31
35
40
40
40
40
40
40
40
40
40
34
31
34
40
40
40
40
40
40
40
40
38
32
32
33
39
41
40
40
41
41
41
40
35
32
32
32
37
40
40
40
40
41
41
39
33
32
32
32
36
40
40
41
40
41
42
37
32
32
32
32
35
40
42
42
40
127
127
127
127
127
127
127
127
127
127
127
127
127
127
127
127
127
127
127
127
127
127
127
127
127
127
127
127
127
127
127
127
127
127
127
127
127
127
127
127
127
127
127
127
127
127
127
127
127
127
127
127
127
127
127
127
127
127
127
127
127
127
127
127
127
127
127
127
127
127
127
127
106
121
127
127
127
127
127
127
127
127
110
96
73
75
82
120
127
124
113
96
80
70
66
64
47
46
44
48
50
44
44
43
43
42
42
42
40
40
39
37
36
30
33
37
38
38
39
40
40
40
41
40
37
32
36
41
41
40
40
41
41
40
41
41
34
31
34
41
42
41
41
40
41
41
41
39
32
32
33
40
42
41
41
42
42
42
41
35
32
32
32
38
41
40
41
41
42
42
40
32
32
32
32
37
40
41
42
40
42
43
37
31
32
32
32
35
40
43
43
41
