84
82
80
79
79
82
85
87
91
96
99
103
88
85
83
83
83
85
88
91
95
99
103
107
94
92
89
89
89
91
93
97
101
106
110
113
103
100
98
97
97
99
101
105
109
113
117
121
114
110
107
106
106
108
110
114
118
123
127
127
121
122
123
120
120
122
126
127
127
127
127
125
106
110
115
124
127
126
124
125
121
115
107
99
72
76
82
104
114
113
103
92
82
75
68
64
47
47
45
50
49
83
78
41
45
44
43
43
43
41
40
41
34
100
125
42
38
41
41
41
43
42
43
43
40
127
127
71
38
43
43
43
43
42
43
41
54
127
127
114
40
43
43
43
43
43
44
39
79
127
127
127
58
40
43
44
43
43
43
40
110
127
127
127
98
38
43
43
43
43
41
50
127
127
127
127
127
51
42
42
43
43
40
62
127
127
127
127
127
70
40
43
96
94
91
92
92
94
96
100
104
109
112
116
100
98
96
96
96
98
100
104
108
113
116
120
107
105
103
102
102
104
106
110
114
119
123
127
116
113
110
110
110
112
114
118
122
127
127
127
127
124
120
119
119
121
123
127
127
127
127
127
126
127
127
127
127
127
127
127
127
127
127
127
105
113
121
127
127
127
127
127
127
119
109
99
72
75
81
108
120
113
105
94
82
73
68
64
46
45
43
47
50
45
43
43
43
42
42
42
40
38
37
37
37
33
31
37
37
37
38
38
40
39
40
40
40
34
32
38
40
40
40
40
40
40
40
40
40
33
31
35
40
40
40
40
40
40
41
41
37
32
32
33
39
40
40
40
40
41
40
40
36
32
32
32
36
40
41
40
40
40
40
40
34
32
32
32
33
40
41
40
40
40
40
40
33
32
32
32
32
39
40
40
127
127
127
127
127
127
127
127
127
127
127
127
127
127
127
127
127
127
127
127
127
127
127
127
127
127
127
127
127
127
127
127
127
127
127
127
127
127
127
127
127
127
127
127
127
127
127
127
127
127
127
127
127
127
127
127
127
127
127
127
127
127
127
127
127
127
127
127
127
127
127
127
105
118
127
127
127
127
127
127
127
127
112
98
71
72
79
117
127
125
113
96
81
71
67
64
47
46
43
48
50
45
43
44
43
42
42
42
40
39
38
37
37
32
30
37
38
38
39
39
40
40
40
41
40
34
32
39
41
40
40
40
40
40
40
42
40
33
31
35
41
41
41
41
41
41
42
43
39
32
32
33
39
41
41
42
40
42
41
42
37
32
32
32
37
41
42
40
40
41
41
40
34
32
32
32
33
40
42
40
40
40
42
40
33
32
32
32
32
39
41
41
