84
82
79
79
79
82
83
87
91
96
99
103
88
85
83
82
82
85
87
91
95
99
103
107
94
92
89
89
89
91
93
97
101
106
110
113
103
100
98
97
96
99
101
105
109
113
117
121
114
110
107
106
106
108
110
113
118
123
127
127
121
123
123
120
120
122
126
127
127
127
127
124
105
110
116
126
127
126
123
123
120
114
106
99
71
75
83
108
113
113
101
90
82
74
68
65
47
47
45
50
50
84
76
40
45
44
43
43
42
42
40
40
36
86
127
50
36
41
40
41
43
43
42
43
37
96
127
99
41
42
43
43
43
43
42
43
39
104
127
127
64
39
43
43
43
43
43
43
40
116
127
127
125
40
41
43
42
42
43
43
42
127
127
127
127
85
37
43
42
41
43
42
46
127
127
127
127
127
58
40
41
40
42
41
49
127
127
127
127
127
91
39
95
92
92
91
92
94
96
99
104
109
113
116
99
97
96
95
95
97
100
103
108
113
116
120
107
105
102
101
101
103
106
110
114
119
123
127
116
113
110
110
110
112
114
118
122
127
127
127
127
123
120
119
119
120
123
127
127
127
127
127
126
127
127
127
127
127
127
127
127
127
127
127
105
113
123
127
127
127
127
127
127
118
108
99
71
74
83
113
118
113
104
92
80
72
68
65
44
44
43
48
49
45
43
43
43
42
42
42
39
39
37
37
37
33
30
36
38
38
38
38
40
40
40
40
40
37
31
37
40
40
40
40
40
40
40
40
41
37
32
33
38
40
40
40
40
40
40
40
41
36
32
32
35
40
40
40
40
40
40
40
40
35
32
32
33
37
40
40
40
39
40
40
40
33
32
32
32
34
38
40
39
37
39
40
40
33
32
32
32
32
37
40
127
127
127
127
127
127
127
127
127
127
127
127
127
127
127
127
127
127
127
127
127
127
127
127
127
127
127
127
127
127
127
127
127
127
127
127
127
127
127
127
127
127
127
127
127
127
127
127
127
127
127
127
127
127
127
127
127
127
127
127
127
127
127
127
127
127
127
127
127
127
127
127
105
120
127
127
127
127
127
127
127
127
110
97
70
71
82
125
127
123
112
95
79
70
66
64
45
43
43
49
50
45
43
43
42
42
43
43
40
40
37
37
37
33
30
36
38
39
39
39
40
41
40
40
41
37
31
37
41
41
40
40
41
40
40
40
42
37
31
33
39
41
40
41
40
41
40
41
42
36
32
32
36
40
41
41
40
41
41
41
42
35
32
32
33
37
40
40
40
40
40
41
42
34
32
32
32
34
39
40
39
38
40
41
41
33
32
32
32
32
37
41
