84
82
80
79
79
82
84
87
91
96
99
103
88
85
83
83
83
85
87
91
95
99
103
107
94
92
89
89
89
91
93
97
101
106
110
113
103
100
98
97
97
99
101
105
109
113
117
121
113
110
107
106
106
108
110
113
118
123
127
127
120
123
123
120
120
122
126
127
127
127
127
124
105
110
117
127
127
125
123
123
119
113
106
99
71
74
85
111
113
111
99
89
80
73
68
64
46
45
45
52
50
90
69
40
45
43
43
43
42
40
40
40
36
99
124
46
37
40
40
41
43
42
44
43
37
110
127
90
40
42
43
43
43
43
44
43
39
116
127
127
58
40
43
43
43
44
43
43
40
126
127
127
116
38
43
46
43
44
43
42
43
127
127
127
127
78
38
44
43
44
43
42
50
127
127
127
127
127
54
40
44
43
44
41
56
127
127
127
127
127
83
37
96
94
92
92
92
94
96
100
104
109
112
116
100
98
96
96
96
98
100
104
108
113
116
120
107
105
102
102
102
104
106
110
114
119
123
127
116
113
110
110
110
112
114
118
122
127
127
127
127
123
120
119
119
120
123
127
127
127
127
127
127
127
127
127
127
127
127
127
127
127
127
127
106
113
124
127
127
127
127
127
126
116
106
98
71
74
85
116
117
112
103
91
79
71
67
64
44
43
43
49
49
44
43
43
43
42
42
42
39
37
37
37
37
32
30
37
38
37
38
38
40
39
40
40
40
35
31
37
40
40
40
40
40
40
40
40
41
36
31
33
39
41
40
40
40
41
40
40
40
34
32
32
35
40
41
41
40
41
41
41
40
33
32
32
33
37
40
40
41
41
41
41
40
33
32
32
32
34
38
39
42
42
41
41
40
33
32
32
32
32
37
39
127
127
127
127
127
127
127
127
127
127
127
127
127
127
127
127
127
127
127
127
127
127
127
127
127
127
127
127
127
127
127
127
127
127
127
127
127
127
127
127
127
127
127
127
127
127
127
127
127
127
127
127
127
127
127
127
127
127
127
127
127
127
127
127
127
127
127
127
127
127
127
127
106
122
127
127
127
127
127
127
127
125
109
96
68
71
86
127
127
123
110
93
78
69
66
64
44
43
43
50
50
45
43
43
43
42
43
43
40
39
38
37
37
32
30
37
39
38
39
39
40
40
42
40
41
36
32
38
41
41
40
40
40
40
42
41
42
36
31
33
40
42
41
41
41
42
41
41
41
34
32
32
36
40
42
42
41
41
42
42
40
34
32
32
33
37
41
41
41
41
42
42
40
34
32
32
32
34
39
40
42
42
42
42
41
33
32
32
32
32
37
40
