84
82
80
79
79
82
85
87
91
96
99
103
88
85
84
83
83
85
88
91
95
99
103
107
94
92
90
89
89
92
93
97
101
106
110
114
103
100
98
97
97
99
101
105
109
114
118
121
113
110
107
106
106
108
110
114
118
124
127
127
122
124
123
120
120
123
126
127
127
127
127
121
106
113
120
127
127
123
124
123
117
111
103
96
71
75
94
114
113
109
97
88
77
71
67
64
45
44
47
51
57
97
50
43
44
43
43
43
42
41
40
38
47
127
88
34
40
41
41
41
43
43
42
39
57
127
127
54
40
43
43
43
43
43
43
37
71
127
127
96
39
42
43
43
43
43
43
36
87
127
127
127
56
40
42
43
43
42
42
38
106
127
127
127
105
38
43
43
42
41
42
44
127
127
127
127
127
62
41
43
41
41
41
50
127
127
127
127
127
96
39
43
96
94
91
92
92
94
96
100
104
109
112
116
100
98
96
96
96
98
100
104
108
113
116
120
107
104
103
102
102
104
106
110
114
119
123
127
116
113
111
110
110
112
114
118
122
127
127
127
127
123
120
119
119
121
123
127
127
127
127
127
127
127
127
127
127
127
127
127
127
127
127
125
108
116
127
127
127
127
127
127
123
114
104
96
69
74
96
120
116
110
100
88
78
71
66
64
43
42
45
50
48
43
44
43
42
41
42
42
38
38
37
37
37
30
33
37
37
38
38
38
40
40
40
40
40
33
33
39
40
40
40
40
40
40
40
40
39
33
32
37
40
40
40
40
40
40
40
40
37
32
32
33
40
40
40
40
40
39
40
40
36
31
32
32
37
40
40
40
40
39
40
40
35
31
32
32
33
39
41
40
39
39
40
40
34
32
32
32
32
37
40
40
127
127
127
127
127
127
127
127
127
127
127
127
127
127
127
127
127
127
127
127
127
127
127
127
127
127
127
127
127
127
127
127
127
127
127
127
127
127
127
127
127
127
127
127
127
127
127
127
127
127
127
127
127
127
127
127
127
127
127
127
127
127
127
127
127
127
127
127
127
127
127
127
111
127
127
127
127
127
127
127
127
120
105
93
68
72
101
127
127
120
106
89
75
68
65
64
43
43
45
51
49
43
45
43
43
42
43
43
40
39
37
37
37
30
33
38
38
39
39
40
41
41
40
40
40
32
33
40
40
41
40
41
41
40
41
40
40
32
32
37
41
40
40
41
41
40
41
40
37
32
32
34
41
41
40
40
40
40
41
41
37
31
32
32
37
41
41
41
40
40
41
41
35
31
32
32
33
39
42
41
40
39
41
41
34
32
32
32
32
37
41
41
