84
82
80
79
80
82
84
87
91
96
99
103
88
85
84
83
83
85
88
91
95
99
103
107
94
92
90
89
89
92
94
97
101
106
110
114
103
100
98
97
97
99
102
105
109
114
118
122
113
110
107
106
106
108
110
114
119
124
127
127
123
124
122
120
120
123
126
127
127
127
126
120
107
113
123
127
127
123
124
122
117
110
103
95
71
77
99
114
113
107
96
87
77
70
66
64
44
44
49
50
68
92
45
45
44
43
43
43
41
40
40
36
67
127
63
36
41
40
41
41
43
43
43
37
86
127
109
40
43
43
43
43
43
42
43
40
112
127
127
57
40
43
43
43
43
44
42
48
127
127
127
100
37
43
43
44
43
43
40
64
127
127
127
127
53
40
43
43
43
43
38
90
127
127
127
127
91
40
43
42
43
43
39
113
127
127
127
127
127
41
42
42
96
94
92
92
92
94
96
100
104
108
113
117
100
98
96
96
96
98
100
104
108
113
117
121
107
104
103
102
102
104
106
110
114
120
123
127
116
113
111
110
110
111
115
118
123
127
127
127
127
123
120
119
119
121
123
127
127
127
127
127
127
127
127
127
127
127
127
127
127
127
127
123
110
118
127
127
127
127
127
127
122
113
102
94
70
76
103
120
115
109
99
86
76
70
66
64
42
42
45
50
47
43
45
43
42
41
42
42
38
37
37
37
35
30
36
37
37
38
38
38
40
40
40
40
37
32
36
40
40
40
40
40
40
39
40
40
37
32
33
39
40
40
40
40
40
41
41
40
34
32
32
37
41
41
40
40
40
40
40
39
33
32
32
33
40
40
40
40
40
40
40
37
31
32
32
32
37
40
40
40
40
41
41
37
31
32
32
32
35
40
40
40
127
127
127
127
127
127
127
127
127
127
127
127
127
127
127
127
127
127
127
127
127
127
127
127
127
127
127
127
127
127
127
127
127
127
127
127
127
127
127
127
127
127
127
127
127
127
127
127
127
127
127
127
127
127
127
127
127
127
127
127
127
127
127
127
127
127
127
127
127
127
127
127
113
127
127
127
127
127
127
127
127
117
102
92
68
75
110
127
127
118
103
87
75
68
65
64
43
43
47
51
48
44
44
43
43
42
43
43
40
38
37
37
35
30
36
38
39
39
39
39
41
40
41
41
37
31
37
41
41
40
40
40
40
40
42
41
37
31
33
40
41
41
41
40
41
42
42
41
34
32
32
37
42
41
40
42
41
42
41
40
33
32
32
33
41
41
40
41
41
42
41
38
31
32
32
32
38
41
40
40
40
42
42
37
31
32
32
32
35
41
41
40
