84
82
80
79
79
82
85
87
91
96
99
103
88
85
84
83
83
85
88
91
95
99
103
107
94
92
90
89
89
91
93
97
101
106
110
114
103
100
98
97
97
99
101
105
109
113
118
122
112
110
107
106
106
108
110
114
119
124
127
127
124
124
122
120
120
123
126
127
127
127
123
117
110
116
127
127
124
124
123
120
115
108
99
92
72
82
108
114
113
105
95
85
76
68
64
63
43
45
50
50
92
68
45
46
45
43
43
43
41
40
36
48
127
85
35
40
41
40
41
41
43
42
37
89
127
110
38
43
43
43
43
43
43
40
52
127
127
124
41
42
43
43
43
43
42
38
105
127
127
127
43
42
42
43
43
44
37
68
127
127
127
127
50
41
42
43
44
43
48
118
127
127
127
127
60
40
43
43
43
43
67
127
127
127
127
127
69
40
43
43
43
43
96
94
91
92
92
94
96
100
104
109
112
116
100
98
96
96
96
98
100
104
108
113
116
120
107
104
103
102
102
104
106
110
114
119
123
127
116
113
111
110
110
112
114
118
122
127
127
127
126
122
120
119
119
121
123
127
127
127
127
127
127
127
127
127
127
127
127
127
127
127
127
120
113
123
127
127
127
127
127
127
119
109
99
91
71
82
112
120
114
107
96
84
75
68
64
63
43
43
47
50
46
45
45
43
43
42
42
42
39
37
37
37
30
33
37
37
38
38
38
38
40
40
40
37
31
36
40
40
40
40
40
40
40
40
40
34
32
36
41
40
40
40
40
40
40
40
37
32
32
34
41
41
40
40
40
40
40
39
33
32
32
33
40
40
39
40
41
40
40
36
32
32
32
32
38
40
40
40
41
40
39
33
32
32
32
32
38
40
40
41
40
40
127
127
127
127
127
127
127
127
127
127
127
127
127
127
127
127
127
127
127
127
127
127
127
127
127
127
127
127
127
127
127
127
127
127
127
127
127
127
127
127
127
127
127
127
127
127
127
127
127
127
127
127
127
127
127
127
127
127
127
127
127
127
127
127
127
127
127
127
127
127
127
125
120
127
127
127
127
127
127
127
127
112
98
89
69
82
123
127
126
116
100
84
72
67
64
63
42
43
49
51
46
45
45
43
43
43
43
43
39
38
37
36
30
33
37
38
40
39
39
39
41
40
40
37
31
36
41
41
41
40
40
40
40
40
40
33
31
36
42
40
40
41
41
41
41
41
37
32
32
34
42
41
40
41
41
41
42
40
33
32
32
33
40
41
40
40
42
40
41
36
31
32
32
32
39
41
40
40
41
40
40
33
31
32
32
32
39
41
41
41
40
40
