85
82
80
80
80
82
83
88
92
96
100
103
89
86
84
83
83
85
88
91
96
100
104
107
95
92
90
89
89
92
95
97
102
106
110
114
103
101
99
98
97
99
102
106
110
114
118
122
113
110
108
106
106
108
110
114
119
124
127
127
125
125
121
120
120
123
126
127
127
127
121
115
112
119
127
127
123
125
123
120
113
106
97
89
74
86
111
113
113
103
94
83
75
68
64
62
44
46
48
60
98
54
46
46
45
44
43
43
41
37
37
104
123
43
38
40
40
41
41
41
40
42
79
127
127
43
42
43
43
43
43
43
39
68
127
127
108
40
43
44
43
43
43
43
62
127
127
127
92
37
44
43
43
43
44
43
127
127
127
127
78
37
43
43
43
43
43
44
127
127
127
127
64
38
43
45
43
44
43
44
127
127
127
127
54
39
44
46
44
46
43
43
96
93
92
92
92
95
97
100
104
108
113
116
100
98
96
96
96
98
100
104
108
113
117
120
107
106
103
103
103
104
106
110
114
120
124
127
116
113
111
110
110
113
115
119
123
127
127
127
126
123
120
120
120
121
123
127
127
127
127
127
127
127
127
127
127
127
127
127
127
127
124
116
116
126
127
127
127
127
127
126
117
106
96
89
72
87
116
119
113
106
95
82
73
68
64
62
42
43
50
50
45
46
44
43
43
42
42
42
37
37
37
33
32
37
37
37
38
38
38
39
40
40
37
32
34
40
40
40
40
40
40
40
40
39
33
31
35
41
41
40
40
40
40
40
40
34
32
32
37
40
40
40
40
40
40
40
35
32
32
33
38
40
40
41
40
40
40
41
32
32
32
33
40
40
40
42
40
40
40
42
32
32
32
33
40
40
41
43
41
41
40
41
127
127
127
127
127
127
127
127
127
127
127
127
127
127
127
127
127
127
127
127
127
127
127
127
127
127
127
127
127
127
127
127
127
127
127
127
127
127
127
127
127
127
127
127
127
127
127
127
127
127
127
127
127
127
127
127
127
127
127
127
127
127
127
127
127
127
127
127
127
127
127
120
125
127
127
127
127
127
127
127
126
108
94
86
70
89
127
127
124
114
98
82
71
66
64
62
42
43
50
50
45
47
45
44
43
43
43
42
39
38
37
32
31
37
37
38
39
39
40
40
41
41
37
32
34
42
41
41
40
40
41
41
41
39
33
31
36
42
42
42
41
41
40
40
40
34
32
32
37
40
41
41
41
41
42
41
35
32
32
33
39
41
40
41
41
41
41
42
32
32
32
33
40
41
41
43
41
42
40
43
32
32
32
33
40
40
42
43
42
43
41
42
