82
81
79
78
78
81
82
86
90
95
99
103
87
85
83
82
82
84
86
90
94
99
103
106
95
91
89
89
89
90
92
96
100
105
109
113
103
99
97
96
96
97
100
104
108
113
117
121
112
110
107
106
106
106
110
113
117
123
127
127
125
125
121
120
120
122
125
127
127
126
120
113
112
119
127
126
123
125
123
119
113
106
96
89
75
86
110
114
113
104
94
84
75
69
65
63
45
44
43
76
93
48
47
47
46
45
44
43
35
33
71
127
78
36
40
40
41
41
42
42
45
75
127
127
57
39
43
43
43
43
43
43
82
127
127
98
37
43
42
43
44
43
43
43
127
127
127
51
42
43
43
43
43
44
43
43
127
127
95
39
43
43
42
42
43
44
44
44
127
127
54
40
45
44
42
42
43
43
43
45
127
105
37
43
46
43
42
41
42
41
43
44
95
92
90
91
91
93
96
99
103
108
111
115
99
97
95
95
95
96
99
103
107
112
116
120
106
105
103
101
101
103
106
109
113
118
123
127
115
113
110
110
109
111
113
117
121
126
127
127
125
122
120
119
118
120
123
127
127
127
127
127
127
127
127
127
127
127
127
127
127
127
123
115
116
126
127
127
127
127
127
125
116
106
96
89
73
87
116
119
113
106
96
84
74
68
65
63
43
43
50
49
46
47
44
43
43
43
43
43
39
37
35
31
34
37
37
37
38
38
39
39
40
38
33
33
38
40
40
40
40
40
40
40
37
33
31
37
40
40
40
40
40
40
40
40
33
32
33
40
41
40
40
40
40
41
40
40
32
32
37
41
40
40
40
40
40
41
40
41
32
34
39
40
40
41
40
39
40
40
40
41
32
36
40
41
41
40
40
39
40
39
40
41
127
127
127
127
127
127
127
127
127
127
127
127
127
127
127
127
127
127
127
127
127
127
127
127
127
127
127
127
127
127
127
127
127
127
127
127
127
127
127
127
127
127
127
127
127
127
127
127
127
127
127
127
127
127
127
127
127
127
127
127
127
127
127
127
127
127
127
127
127
127
127
117
126
127
127
127
127
127
127
127
125
106
93
86
71
89
127
127
125
115
99
82
72
68
64
63
42
43
50
49
46
47
46
45
43
43
43
43
39
38
35
30
33
37
38
39
39
39
40
40
40
38
34
33
39
40
41
41
40
40
40
40
38
33
31
37
41
41
40
41
41
41
41
41
33
31
33
41
42
40
40
41
40
42
41
41
32
32
37
42
42
41
40
40
41
42
41
42
32
34
40
42
42
42
40
40
41
41
41
43
32
37
41
43
43
41
40
40
40
40
41
42
