82
81
78
78
78
78
81
85
89
93
96
100
87
85
82
82
81
82
85
88
92
97
101
105
94
91
89
88
87
89
91
94
98
103
108
112
103
99
97
96
95
96
98
102
106
111
116
120
113
110
107
105
104
106
107
111
116
121
127
127
124
125
123
119
118
120
123
127
127
127
122
116
110
115
124
127
123
125
123
120
116
109
100
92
71
79
99
115
116
109
99
89
80
73
68
66
44
43
40
61
100
57
47
47
47
46
47
47
35
33
62
119
92
40
39
40
41
41
42
42
46
74
126
127
69
40
43
43
42
43
43
43
82
127
127
98
38
43
43
43
42
43
43
43
127
127
127
47
42
43
43
45
43
42
43
43
127
127
75
39
43
43
43
45
45
43
41
42
127
109
42
43
45
43
43
44
44
43
42
42
127
63
37
46
45
43
43
43
43
43
43
43
95
93
89
89
89
92
93
97
101
106
110
113
99
97
94
93
93
95
97
101
105
110
114
118
107
104
101
99
99
101
103
107
111
116
121
126
116
113
110
108
108
109
111
115
120
124
127
127
127
123
120
118
117
118
120
124
127
127
127
127
127
127
127
127
127
127
127
127
127
127
125
118
112
120
127
127
127
127
127
127
120
110
99
92
71
78
103
121
116
110
101
89
78
72
68
66
42
42
47
50
46
47
46
45
44
45
44
45
38
38
36
31
33
37
37
37
38
39
39
40
40
39
34
33
39
40
40
40
40
40
40
40
37
33
31
37
41
40
40
40
40
40
40
40
33
32
33
40
40
40
40
41
40
39
40
40
32
33
39
40
40
40
40
42
41
40
40
39
33
36
41
41
40
40
40
42
41
41
40
39
33
39
40
41
40
41
41
41
40
40
40
40
127
127
127
127
127
127
127
127
127
127
127
127
127
127
127
127
127
127
127
127
127
127
127
127
127
127
127
127
127
127
127
127
127
127
127
127
127
127
127
127
127
127
127
127
127
127
127
127
127
127
127
127
127
127
127
127
127
127
127
127
127
127
127
127
127
127
127
127
127
127
127
121
120
127
127
127
127
127
127
127
127
113
98
89
69
76
110
127
127
120
105
89
77
71
68
66
42
42
47
51
47
47
46
45
45
44
45
45
40
39
36
30
33
37
37
38
39
40
40
40
41
39
35
33
39
40
40
40
40
40
40
40
38
33
31
38
42
41
41
40
40
41
41
41
33
32
34
40
41
41
41
42
41
40
41
41
32
33
39
42
41
41
41
43
43
41
40
40
32
37
42
43
41
41
41
42
42
42
40
40
33
40
41
42
42
42
42
41
40
41
41
41
