82
80
78
76
76
77
80
82
86
91
96
99
86
84
82
80
80
81
83
86
90
95
99
103
94
91
89
86
86
87
89
92
96
101
106
110
103
100
97
95
94
95
96
100
104
109
113
117
114
110
106
104
103
104
106
109
113
118
123
127
123
123
123
119
117
118
121
124
127
127
125
120
105
112
117
127
124
123
125
123
119
113
106
99
68
75
85
110
115
114
104
95
85
78
72
70
43
44
45
43
77
92
47
48
47
47
47
47
42
39
32
62
127
83
36
40
41
41
42
42
40
40
64
124
127
67
39
42
43
43
43
43
40
60
127
127
127
43
42
42
43
43
43
43
69
127
127
127
89
37
43
42
43
43
43
43
127
127
127
127
57
40
43
43
43
43
43
43
127
127
127
116
41
44
45
43
43
43
43
42
127
127
127
84
38
45
45
43
43
43
43
42
94
91
89
89
88
89
92
95
99
104
109
112
99
96
93
92
92
92
95
99
103
108
113
116
107
103
101
99
98
99
101
105
110
114
120
123
116
112
110
107
106
107
110
113
117
122
127
127
127
123
120
117
116
116
118
122
127
127
127
127
127
127
127
127
127
127
127
127
127
127
127
123
106
115
124
127
127
127
127
127
125
116
106
98
68
72
85
116
120
113
106
96
85
77
72
69
42
42
43
50
48
47
47
46
45
45
45
46
39
38
37
36
31
34
37
37
38
39
39
40
40
40
38
34
32
38
40
39
40
40
40
40
40
39
34
31
35
40
41
40
40
40
40
40
39
33
32
33
37
41
40
40
40
41
40
40
34
32
32
33
40
41
40
40
40
40
40
40
31
32
32
36
42
41
41
41
40
40
40
40
32
32
32
39
42
41
40
40
40
41
40
40
127
127
127
127
127
127
127
127
127
127
127
127
127
127
127
127
127
127
127
127
127
127
127
127
127
127
127
127
127
127
127
127
127
127
127
127
127
127
127
127
127
127
127
127
127
127
127
127
127
127
127
127
127
127
127
127
127
127
127
127
127
127
127
127
127
127
127
127
127
127
127
127
108
125
127
127
127
127
127
127
127
123
106
95
66
71
85
127
127
125
113
97
82
75
71
69
43
42
43
51
49
47
47
46
46
46
46
46
40
39
38
35
30
34
37
38
39
40
40
40
42
41
40
34
32
39
41
40
40
40
40
40
42
39
35
31
35
41
42
40
40
41
41
41
39
34
32
32
38
42
40
40
41
42
40
41
34
32
32
33
41
42
41
41
40
41
41
40
31
32
32
37
43
42
42
42
40
41
41
40
32
32
32
39
43
42
42
41
41
41
40
40
