82
78
76
76
75
77
79
82
85
90
95
99
86
83
81
80
79
80
82
85
89
94
99
103
94
91
89
86
85
86
88
92
96
100
105
109
103
100
97
94
93
94
96
99
103
108
113
116
115
111
107
103
103
103
105
108
112
117
123
127
121
123
123
120
117
117
120
123
127
127
126
123
103
110
115
124
127
122
124
123
120
115
108
102
67
71
80
104
116
114
106
98
89
80
74
70
44
43
45
47
52
103
57
48
48
47
47
47
42
41
37
34
89
127
45
40
41
41
42
42
43
41
39
72
127
127
43
41
43
43
43
42
43
40
57
127
127
120
40
42
43
43
43
43
36
54
127
127
127
99
39
43
43
43
42
43
55
120
127
127
127
81
40
44
44
43
41
43
111
127
127
127
127
65
40
45
44
43
42
43
127
127
127
127
127
55
40
44
44
43
43
44
94
91
89
87
88
89
91
94
98
103
108
111
99
96
93
92
92
92
94
98
102
107
112
116
107
103
100
99
98
99
100
104
108
113
118
123
116
113
109
107
106
106
109
113
116
121
126
127
127
124
120
117
116
116
118
121
126
127
127
127
127
127
127
127
127
127
127
127
127
127
127
126
104
112
121
127
127
127
127
127
127
120
109
101
67
71
79
108
121
116
109
99
88
79
73
70
42
41
43
48
50
45
47
47
46
45
46
46
38
38
37
37
33
30
37
37
38
39
39
40
40
41
40
37
33
33
40
40
40
40
40
40
40
41
39
33
31
35
41
40
40
40
40
40
40
40
34
32
32
37
41
41
40
40
40
40
40
35
32
32
33
38
41
41
41
40
39
40
36
33
32
32
33
40
41
40
41
40
39
40
33
32
32
32
33
40
40
40
40
41
40
41
127
127
127
127
127
127
127
127
127
127
127
127
127
127
127
127
127
127
127
127
127
127
127
127
127
127
127
127
127
127
127
127
127
127
127
127
127
127
127
127
127
127
127
127
127
127
127
127
127
127
127
127
127
127
127
127
127
127
127
127
127
127
127
127
127
127
127
127
127
127
127
127
103
119
127
127
127
127
127
127
127
127
111
99
65
68
78
116
127
127
117
103
87
76
72
70
43
42
42
49
51
46
47
47
46
46
46
47
40
39
38
37
33
30
36
37
39
40
40
40
41
42
40
37
33
34
40
40
40
40
40
40
41
42
39
33
31
36
41
40
41
41
41
41
41
40
34
32
32
38
42
41
41
40
40
42
40
36
32
32
33
39
42
42
42
40
40
41
37
33
32
32
33
40
42
42
42
40
40
41
33
32
32
32
33
40
41
41
41
41
40
42
