82
78
76
76
75
76
78
82
85
90
94
97
86
84
81
80
78
79
81
85
89
93
98
102
94
92
89
86
85
85
87
91
95
99
104
109
103
100
97
94
93
93
95
99
103
107
112
116
116
112
107
104
103
103
105
107
112
116
122
126
120
123
123
120
116
117
120
123
127
127
127
124
101
107
113
122
127
123
123
124
121
117
111
104
66
71
78
98
116
114
108
99
91
82
75
72
43
44
44
49
47
89
78
46
49
47
48
47
41
41
41
36
46
127
92
34
41
41
42
41
43
43
42
39
90
127
110
36
43
43
43
42
43
43
40
59
127
127
113
37
43
43
43
43
43
41
40
122
127
127
120
40
43
42
43
43
41
39
89
127
127
127
125
40
44
43
42
42
40
67
127
127
127
127
127
42
45
43
42
42
42
106
127
127
127
127
127
43
46
43
42
42
94
92
89
88
87
88
91
93
98
103
107
110
99
96
93
92
91
92
94
97
102
106
111
115
107
103
100
98
97
98
100
103
108
113
117
122
116
113
109
106
106
106
108
112
116
120
125
127
127
125
120
116
116
116
117
120
125
127
127
127
125
127
127
127
127
127
127
127
127
127
127
127
101
110
119
127
127
127
127
127
127
122
113
104
66
70
76
100
121
116
110
101
90
82
75
72
42
42
42
46
51
47
47
47
46
46
47
47
38
38
38
37
37
31
33
37
37
38
40
39
40
40
40
40
37
31
35
40
40
40
40
39
40
40
40
38
33
32
36
40
40
40
40
40
40
40
39
34
32
32
35
41
40
40
40
40
40
40
37
32
32
32
34
41
40
40
40
40
40
38
33
32
32
32
34
40
41
40
39
40
41
37
32
32
32
32
33
40
42
40
40
40
127
127
127
127
127
127
127
127
127
127
127
127
127
127
127
127
127
127
127
127
127
127
127
127
127
127
127
127
127
127
127
127
127
127
127
127
127
127
127
127
127
127
127
127
127
127
127
127
127
127
127
127
127
127
127
127
127
127
127
127
127
127
127
127
127
127
127
127
127
127
127
127
99
114
127
127
127
127
127
127
127
127
116
103
64
68
75
107
127
127
120
106
91
78
75
72
43
43
43
47
52
47
47
47
47
46
47
47
39
40
39
37
36
30
33
37
38
40
40
40
40
41
41
40
37
31
36
40
40
40
40
40
41
40
41
39
34
32
37
41
41
40
41
42
41
41
40
35
32
32
36
42
41
40
41
40
40
41
37
33
32
32
35
42
42
41
40
40
41
39
33
32
32
32
35
42
43
41
40
40
42
37
32
32
32
32
34
41
43
41
41
40
