82
78
76
75
75
76
78
81
85
89
94
98
87
83
81
79
78
79
82
84
89
93
98
102
95
91
88
85
85
85
88
90
95
99
104
108
103
100
96
94
93
93
95
98
103
107
112
116
117
111
107
104
103
103
105
107
111
116
122
126
120
122
123
121
116
117
120
123
126
127
127
125
100
106
113
121
127
125
122
123
122
118
112
106
65
70
76
96
116
114
110
100
92
84
77
74
44
43
44
48
50
71
92
46
49
48
48
48
41
40
40
40
34
96
127
42
39
41
42
42
43
43
43
40
47
127
127
60
38
43
43
43
44
43
43
37
80
127
127
85
37
43
43
44
43
42
40
44
127
127
127
112
40
41
42
44
41
41
38
75
127
127
127
127
47
41
41
42
40
40
45
123
127
127
127
127
61
41
42
42
41
40
57
127
127
127
127
127
73
40
43
43
94
92
89
88
87
88
89
93
97
103
107
111
99
96
93
92
91
92
93
97
101
106
111
115
107
103
100
98
97
98
99
103
107
113
117
121
116
113
109
106
106
106
107
111
115
120
125
127
127
125
120
116
116
116
117
120
124
127
127
127
123
127
127
127
127
127
127
127
127
127
127
127
99
108
117
127
127
127
127
127
127
123
115
106
65
68
75
97
121
116
111
103
92
83
77
73
42
42
42
45
50
47
45
47
47
46
47
47
38
38
37
37
37
33
31
37
38
38
39
40
40
40
40
40
39
33
32
39
40
40
40
40
40
41
40
40
38
33
32
38
40
40
40
40
40
40
40
40
35
32
31
36
40
40
40
41
39
39
41
38
33
32
32
34
40
40
39
40
38
39
40
35
32
32
32
33
39
42
40
40
38
40
40
33
32
32
32
32
38
42
40
41
127
127
127
127
127
127
127
127
127
127
127
127
127
127
127
127
127
127
127
127
127
127
127
127
127
127
127
127
127
127
127
127
127
127
127
127
127
127
127
127
127
127
127
127
127
127
127
127
127
127
127
127
127
127
127
127
127
127
127
127
127
127
127
127
127
127
127
127
127
127
127
127
98
112
127
127
127
127
127
127
127
127
119
105
65
68
72
103
127
127
121
107
92
81
75
72
43
43
43
47
52
49
46
47
47
46
47
47
39
39
38
37
37
33
30
37
38
39
40
40
41
41
40
40
40
33
32
40
40
40
40
40
42
42
40
40
39
33
32
39
41
40
41
41
41
40
41
41
36
32
31
37
42
40
40
42
40
39
42
39
33
32
32
35
41
41
40
40
39
40
41
36
32
32
32
33
40
42
40
40
39
40
40
33
32
32
32
32
39
42
41
42
