82
78
76
75
75
76
78
81
85
89
94
98
87
83
81
79
78
79
82
84
88
93
98
102
95
91
88
85
85
85
88
90
94
99
104
108
103
100
96
94
92
93
96
98
102
107
112
116
117
111
107
104
103
103
104
107
111
116
121
125
119
122
123
121
116
117
120
123
126
127
127
125
99
106
113
121
127
126
122
123
122
118
113
106
64
69
76
96
116
114
110
100
92
85
78
74
43
43
44
48
51
66
96
47
48
48
49
48
42
41
40
40
36
71
127
57
36
41
42
42
44
44
43
43
37
99
127
95
37
42
43
43
44
44
42
42
43
127
127
127
47
40
43
43
43
43
42
39
61
127
127
127
75
37
42
43
44
43
43
40
92
127
127
127
119
38
43
43
44
43
42
47
125
127
127
127
127
58
41
43
43
42
41
55
127
127
127
127
127
85
38
43
94
91
89
88
87
88
89
93
97
101
107
111
99
96
93
92
91
92
93
97
101
106
111
115
107
103
100
98
97
98
99
103
107
113
117
121
116
113
109
106
106
106
107
111
115
120
125
127
127
125
120
116
116
116
117
120
124
127
127
127
123
127
127
127
127
127
127
127
127
127
127
127
99
108
117
127
127
127
127
127
127
123
115
106
64
68
75
97
121
116
111
103
92
84
78
74
42
42
42
45
50
48
45
47
47
47
46
47
38
39
37
37
37
35
30
36
38
39
39
40
40
40
40
40
40
37
30
36
40
40
40
40
40
40
40
40
40
35
31
34
40
40
40
40
41
40
39
40
39
33
32
32
38
40
40
40
40
40
40
41
37
32
32
32
35
39
40
40
40
40
41
41
35
32
32
32
33
39
40
40
41
40
41
40
33
32
32
32
32
38
40
41
127
127
127
127
127
127
127
127
127
127
127
127
127
127
127
127
127
127
127
127
127
127
127
127
127
127
127
127
127
127
127
127
127
127
127
127
127
127
127
127
127
127
127
127
127
127
127
127
127
127
127
127
127
127
127
127
127
127
127
127
127
127
127
127
127
127
127
127
127
127
127
127
97
111
127
127
127
127
127
127
127
127
120
106
64
67
72
103
127
127
121
108
92
82
75
73
43
43
43
47
52
50
46
48
47
46
47
47
40
40
38
37
37
34
30
37
38
39
40
40
41
42
40
40
40
37
30
37
40
40
40
40
41
42
40
40
41
35
31
34
40
40
41
41
42
40
40
41
40
33
32
32
38
40
40
41
42
41
40
43
38
32
32
32
36
40
41
41
42
41
42
43
35
32
32
32
33
39
41
41
42
40
42
40
33
32
32
32
32
38
41
42
