82
78
76
75
75
76
78
81
85
89
94
98
87
83
81
79
78
79
82
84
88
93
98
102
95
91
88
85
85
85
88
90
94
99
104
108
103
100
96
94
92
93
96
98
102
107
112
116
117
111
107
104
103
103
104
107
111
116
121
125
119
122
123
120
116
117
120
123
126
127
127
125
99
106
113
123
127
126
121
123
122
118
113
107
65
70
77
99
116
114
108
99
92
85
78
75
43
44
44
50
53
65
96
47
47
49
49
50
41
42
41
40
39
52
127
80
33
41
42
42
43
43
43
43
40
53
127
127
54
39
43
42
43
43
43
43
42
57
127
127
103
40
42
43
43
42
42
43
43
64
127
127
127
71
36
43
43
43
42
42
40
71
127
127
127
127
50
40
43
43
42
43
38
81
127
127
127
127
96
43
43
42
43
45
38
89
127
127
127
127
127
52
94
92
89
88
87
88
89
93
97
101
107
111
99
96
93
92
91
92
93
97
101
106
111
115
107
103
100
98
97
98
99
103
107
113
117
121
116
113
109
106
106
106
107
111
115
120
125
127
127
125
120
116
116
116
117
120
124
127
127
127
123
127
127
127
127
127
127
127
127
127
127
127
99
108
118
127
127
127
127
127
127
123
115
106
65
68
75
103
122
116
110
102
92
84
78
75
42
42
42
46
51
48
45
47
47
47
47
48
38
38
38
37
37
36
30
34
38
39
40
40
40
40
40
40
40
39
32
33
39
40
40
40
40
40
40
40
41
40
33
32
37
40
40
41
40
40
39
40
41
39
32
32
33
38
40
40
41
40
39
40
40
38
32
32
32
34
39
40
41
40
40
40
40
38
32
32
32
32
37
40
40
40
40
40
40
37
32
32
32
32
34
39
127
127
127
127
127
127
127
127
127
127
127
127
127
127
127
127
127
127
127
127
127
127
127
127
127
127
127
127
127
127
127
127
127
127
127
127
127
127
127
127
127
127
127
127
127
127
127
127
127
127
127
127
127
127
127
127
127
127
127
127
127
127
127
127
127
127
127
127
127
127
127
127
97
112
127
127
127
127
127
127
127
127
119
106
64
68
74
110
127
127
120
107
92
82
76
74
43
42
43
47
52
49
45
47
47
47
48
48
39
39
39
37
37
37
30
34
39
40
40
40
40
41
41
40
40
40
32
33
40
40
40
40
41
40
41
40
42
40
33
32
37
41
40
42
41
40
40
40
43
40
32
32
33
38
40
40
41
41
40
40
42
39
32
32
32
34
40
42
41
41
40
41
41
38
32
32
32
32
37
41
41
40
41
42
42
38
32
32
32
32
34
39
