82
80
77
76
75
76
78
82
85
89
94
98
87
85
82
80
79
80
82
85
89
93
98
102
95
92
89
86
85
86
88
91
95
99
104
108
103
100
96
95
93
94
96
99
103
107
112
116
116
112
107
104
103
103
105
107
111
116
122
126
120
123
124
120
117
117
120
123
126
127
127
125
101
109
116
127
127
125
121
123
121
118
113
107
66
71
82
110
116
115
106
98
92
85
80
77
43
44
44
51
51
76
89
45
48
50
50
51
41
41
40
40
38
57
127
81
35
40
43
43
43
43
43
42
41
47
127
127
68
37
41
43
43
43
43
43
44
42
127
127
127
51
41
43
43
43
42
42
43
40
120
127
127
119
45
39
42
43
44
43
43
39
106
127
127
127
104
43
43
43
45
45
43
38
92
127
127
127
127
90
43
43
45
45
44
39
82
127
127
127
127
127
94
91
89
87
86
89
91
93
98
103
107
111
99
97
94
92
91
92
95
97
102
106
111
115
107
105
102
99
98
99
101
103
108
113
117
121
116
113
110
107
106
106
108
112
116
120
125
127
127
124
120
117
116
116
118
120
124
127
127
127
125
127
127
127
127
127
127
127
127
127
127
127
102
111
123
127
127
127
127
127
127
121
113
106
66
70
82
113
120
115
108
100
92
84
79
77
42
42
42
49
50
47
46
48
47
47
48
49
38
38
37
37
37
36
31
35
39
39
40
40
40
40
40
39
40
40
32
33
38
40
40
39
40
40
40
40
41
41
34
31
34
39
41
40
40
40
39
40
40
40
36
32
32
35
40
40
40
40
40
40
40
40
37
32
32
33
37
40
40
40
41
40
40
40
37
32
32
32
33
37
41
40
41
40
40
40
37
32
32
32
32
33
127
127
127
127
127
127
127
127
127
127
127
127
127
127
127
127
127
127
127
127
127
127
127
127
127
127
127
127
127
127
127
127
127
127
127
127
127
127
127
127
127
127
127
127
127
127
127
127
127
127
127
127
127
127
127
127
127
127
127
127
127
127
127
127
127
127
127
127
127
127
127
127
100
117
127
127
127
127
127
127
127
127
116
105
65
68
81
126
127
127
116
103
90
82
78
76
43
43
43
50
52
48
45
48
47
47
49
50
39
39
38
37
37
36
30
35
40
40
40
40
40
40
41
40
40
41
32
33
39
40
40
40
41
40
41
41
42
42
34
31
35
40
42
41
40
41
40
40
41
42
36
32
32
35
41
40
40
41
41
41
41
41
37
32
32
33
37
40
41
41
42
41
41
41
38
32
32
32
33
37
42
41
42
41
42
41
38
32
32
32
32
33
