82
78
76
75
75
76
78
81
85
89
94
98
87
83
81
79
78
79
82
85
89
93
98
102
95
91
88
85
85
85
87
91
95
99
104
108
103
100
96
94
93
93
95
99
103
107
112
116
116
111
106
104
103
103
105
107
111
116
122
126
120
123
123
120
116
117
120
123
126
127
127
124
103
110
117
127
127
123
121
123
121
117
113
106
67
71
84
113
116
114
105
97
92
85
80
77
44
43
45
52
51
82
84
43
50
50
50
51
41
40
40
40
37
65
127
72
34
41
43
43
43
43
43
42
40
54
127
127
61
37
42
43
44
43
43
43
43
46
127
127
120
47
42
44
43
42
43
45
43
41
127
127
127
110
42
41
41
43
43
44
43
39
118
127
127
127
96
40
41
43
43
43
43
38
103
127
127
127
127
83
43
43
43
43
42
38
93
127
127
127
127
127
94
92
89
88
87
88
89
93
97
103
107
111
99
96
93
92
91
92
93
97
101
106
111
115
107
103
100
98
97
98
99
103
107
113
117
121
116
113
109
106
106
106
108
111
116
120
125
127
127
124
120
116
116
116
117
120
124
127
127
127
127
127
127
127
127
127
127
127
127
127
127
127
103
113
124
127
127
127
127
127
127
120
113
106
67
71
85
116
120
114
108
99
91
83
79
77
42
42
43
50
50
47
46
48
48
48
49
50
38
37
37
37
37
36
31
36
39
40
40
40
40
40
40
40
40
40
32
34
38
40
39
39
41
41
40
40
40
40
33
32
35
40
40
40
40
40
40
41
40
40
34
32
32
36
40
40
38
39
41
40
40
41
35
32
32
33
36
39
38
39
41
40
40
41
37
32
32
32
33
37
40
40
40
40
39
40
37
32
32
32
32
34
127
127
127
127
127
127
127
127
127
127
127
127
127
127
127
127
127
127
127
127
127
127
127
127
127
127
127
127
127
127
127
127
127
127
127
127
127
127
127
127
127
127
127
127
127
127
127
127
127
127
127
127
127
127
127
127
127
127
127
127
127
127
127
127
127
127
127
127
127
127
127
127
103
119
127
127
127
127
127
127
127
127
116
104
66
68
85
127
127
126
116
102
89
81
78
76
43
43
43
50
52
48
46
48
47
47
48
50
40
40
37
37
37
36
30
36
40
40
40
40
42
41
40
40
40
40
32
34
39
40
40
40
42
41
40
40
42
41
33
32
35
40
41
41
40
40
41
42
42
41
34
32
32
36
41
41
39
40
42
42
42
42
36
32
32
33
37
40
39
40
42
41
41
42
37
32
32
32
33
37
40
40
41
40
40
41
37
32
32
32
32
34
