82
78
76
75
75
76
78
81
85
89
94
98
87
83
81
79
78
79
82
85
89
93
98
102
95
91
88
85
85
85
87
91
95
99
104
108
103
100
96
94
93
93
95
99
103
107
112
116
115
111
106
104
103
103
105
107
111
116
122
126
121
124
123
120
117
117
120
123
126
127
127
123
104
111
119
127
127
123
121
123
120
117
112
106
68
73
88
115
115
114
104
97
91
85
80
77
43
43
46
53
52
90
75
44
50
50
51
52
41
41
40
40
37
80
127
62
34
42
43
43
44
43
43
42
39
70
127
118
53
37
42
43
44
43
43
43
41
57
127
127
103
43
42
43
43
42
42
43
42
50
127
127
127
90
37
42
43
43
44
44
43
45
127
127
127
127
78
38
43
43
45
44
43
42
127
127
127
127
127
69
42
43
43
43
43
40
127
127
127
127
127
116
94
92
89
88
87
88
90
93
97
103
107
111
99
96
93
92
91
92
93
97
101
106
111
115
107
103
100
98
97
98
100
103
107
113
117
121
116
113
109
106
106
106
109
111
116
120
125
127
127
124
120
116
116
116
117
120
124
127
127
127
127
127
127
127
127
127
127
127
127
127
127
127
104
114
127
127
127
127
127
127
127
120
113
106
67
72
89
120
119
113
107
98
90
83
79
77
42
42
43
50
50
47
47
48
48
48
49
50
38
38
37
37
37
34
32
37
39
39
40
40
40
40
40
39
40
38
31
34
39
40
39
40
40
40
40
40
40
40
32
32
36
40
40
40
40
39
40
40
40
40
33
32
32
37
40
40
40
39
41
41
41
41
33
32
32
33
37
41
40
40
41
41
41
41
35
32
32
32
34
40
39
41
40
41
42
41
35
32
32
32
32
37
127
127
127
127
127
127
127
127
127
127
127
127
127
127
127
127
127
127
127
127
127
127
127
127
127
127
127
127
127
127
127
127
127
127
127
127
127
127
127
127
127
127
127
127
127
127
127
127
127
127
127
127
127
127
127
127
127
127
127
127
127
127
127
127
127
127
127
127
127
127
127
127
105
123
127
127
127
127
127
127
127
127
114
103
66
70
90
127
127
124
114
100
89
82
78
76
43
42
44
52
51
47
47
49
48
48
50
50
40
39
37
37
37
35
31
37
40
40
41
41
41
41
40
40
41
39
31
35
40
40
40
40
42
40
40
41
42
40
32
33
37
41
41
41
41
40
40
41
41
41
33
32
33
37
41
41
41
40
42
42
42
42
34
32
32
33
39
42
40
41
42
42
42
42
34
32
32
32
34
40
40
42
41
42
42
42
35
31
32
32
32
37
