82
78
76
76
75
76
78
82
85
90
94
97
86
84
81
80
78
79
82
85
89
93
98
102
94
92
89
86
85
85
88
91
95
99
104
109
103
99
97
94
93
93
95
99
103
107
112
116
114
110
106
104
103
103
104
108
112
116
123
127
125
126
122
119
117
119
120
123
125
126
124
122
110
116
127
127
125
122
123
121
119
115
110
103
71
80
108
116
116
109
102
96
89
83
80
78
43
44
51
50
78
89
47
50
51
51
53
54
40
40
40
35
78
127
55
37
43
43
43
44
43
43
42
36
95
127
100
39
41
43
42
43
44
43
42
40
114
127
127
57
39
43
44
43
41
43
41
48
127
127
127
105
37
41
43
43
41
43
40
57
127
127
127
127
60
39
43
43
43
43
40
75
127
127
127
127
106
42
43
43
45
44
40
93
127
127
127
127
127
49
43
44
94
92
89
88
87
88
91
93
98
103
106
110
99
96
93
92
91
92
94
97
102
106
111
115
107
103
100
98
97
98
100
103
108
113
118
122
116
113
109
106
106
106
108
112
116
120
126
127
127
123
119
116
116
116
117
121
125
127
127
127
127
127
127
127
127
127
127
127
127
127
127
124
111
122
127
127
127
127
127
127
123
117
109
103
70
80
111
121
116
111
104
96
88
83
79
78
42
43
48
50
47
47
49
48
49
50
50
52
39
37
37
37
34
30
37
39
40
40
40
41
41
40
40
40
37
31
36
40
39
40
39
39
41
40
40
40
37
32
33
39
40
40
40
40
38
40
41
40
34
32
32
36
40
40
40
40
39
40
40
40
33
32
32
33
39
40
40
40
40
40
40
38
32
32
32
32
37
40
40
40
42
42
41
38
32
32
32
32
33
40
41
41
127
127
127
127
127
127
127
127
127
127
127
127
127
127
127
127
127
127
127
127
127
127
127
127
127
127
127
127
127
127
127
127
127
127
127
127
127
127
127
127
127
127
127
127
127
127
127
127
127
127
127
127
127
127
127
127
127
127
127
127
127
127
127
127
127
127
127
127
127
127
127
127
117
127
127
127
127
127
127
127
127
122
109
100
68
78
122
127
127
121
109
96
86
81
79
78
42
42
49
52
48
47
49
49
49
50
50
53
39
38
37
37
34
30
37
39
40
40
40
42
42
41
40
40
37
30
37
40
40
40
40
40
42
40
40
41
37
31
33
40
40
41
41
41
39
40
41
41
34
32
32
37
40
40
41
41
39
41
41
40
33
32
32
33
39
40
41
40
41
42
41
38
32
32
32
32
37
41
41
41
43
43
42
38
32
32
32
32
34
40
42
43
