82
78
76
75
75
75
78
81
85
89
93
97
87
83
81
79
78
79
81
84
88
92
97
101
95
91
88
85
85
85
87
90
94
99
103
108
103
100
96
94
92
93
95
98
102
106
112
116
114
110
106
104
103
103
104
107
112
117
124
127
127
126
122
119
117
117
119
122
123
123
120
117
117
127
127
126
126
123
121
120
116
111
104
99
79
103
117
120
113
106
100
93
88
83
82
80
42
41
65
103
61
50
52
53
54
54
57
59
40
78
117
80
42
40
41
42
43
44
44
46
95
127
121
55
40
43
43
41
42
43
42
41
127
127
58
37
43
43
44
42
43
43
44
43
127
67
40
43
43
43
44
43
42
42
43
43
79
43
40
43
43
42
43
43
43
43
43
43
41
41
44
43
43
42
43
42
42
44
43
43
44
45
44
44
43
43
43
41
41
44
44
44
94
91
88
86
87
88
89
93
97
102
106
110
99
96
93
91
91
92
93
96
101
106
110
114
107
103
100
98
97
98
100
103
107
112
117
122
116
113
109
106
106
106
107
111
115
120
125
127
127
123
120
116
116
116
116
120
126
127
127
127
127
127
127
127
127
127
127
127
127
127
122
116
123
127
127
127
127
127
127
124
118
110
104
99
79
106
124
120
116
109
99
92
87
83
82
80
43
47
50
48
50
50
49
50
52
53
55
57
38
34
32
34
37
38
38
39
40
41
42
43
37
33
34
38
40
40
40
39
39
39
38
38
33
33
40
40
40
40
41
40
40
40
40
40
33
38
41
40
40
40
41
40
39
40
40
40
38
40
40
40
41
40
40
40
40
40
40
40
41
42
40
40
41
40
40
40
40
40
40
40
42
43
41
41
41
40
40
39
39
40
40
41
127
127
127
127
127
127
127
127
127
127
127
127
127
127
127
127
127
127
127
127
127
127
127
127
127
127
127
127
127
127
127
127
127
127
127
127
127
127
127
127
127
127
127
127
127
127
127
127
127
127
127
127
127
127
127
127
127
127
127
127
127
127
127
127
127
127
127
127
127
127
127
117
127
127
127
127
127
127
127
127
123
110
101
97
78
113
127
127
125
115
101
90
85
83
82
80
43
49
52
48
50
50
50
50
53
54
56
58
39
34
31
34
37
38
39
40
41
42
43
44
37
34
34
39
40
40
40
40
40
40
40
40
32
34
40
41
41
41
42
40
40
41
42
41
33
39
42
41
41
41
42
41
40
40
41
41
38
41
41
41
42
40
41
41
40
40
41
40
42
43
41
41
42
40
41
40
40
41
41
41
43
43
42
42
42
41
40
40
40
41
41
42
