82
78
76
75
75
75
77
79
83
88
92
96
87
83
81
79
78
78
80
83
87
92
96
100
95
91
88
85
84
85
86
89
93
98
103
108
103
100
96
94
92
92
94
97
101
106
110
117
114
110
107
104
103
103
103
106
111
117
124
126
127
127
122
120
117
117
118
121
123
122
119
115
118
127
127
127
126
123
121
119
116
110
103
99
78
103
119
120
113
106
101
93
89
84
82
82
37
55
86
83
54
51
53
54
55
56
59
61
88
93
75
52
40
40
42
41
43
44
45
47
109
92
58
40
42
43
43
41
42
42
41
42
73
41
37
42
44
44
44
43
43
43
43
44
43
43
42
42
43
43
43
44
43
42
43
43
40
43
44
44
43
43
43
44
44
43
42
43
43
43
44
46
43
43
43
45
46
43
42
42
43
43
44
46
44
43
43
46
46
43
42
42
94
91
88
87
86
87
89
92
96
101
106
110
99
96
92
91
90
91
92
96
99
105
110
113
107
104
100
98
96
97
98
102
106
111
116
120
116
113
110
107
105
105
106
110
113
119
124
127
127
123
120
117
115
115
116
120
124
127
127
127
127
127
127
127
127
127
127
127
127
126
120
115
123
127
127
127
127
127
127
123
117
110
103
98
79
106
125
120
116
110
101
92
88
84
82
82
43
47
50
48
50
50
50
51
53
55
57
60
34
33
35
37
37
37
38
40
40
42
43
43
37
37
38
40
39
40
40
40
39
38
38
38
39
40
40
40
40
41
40
40
40
40
40
41
40
40
40
40
40
40
40
40
41
40
40
40
40
40
40
40
40
40
40
40
41
40
40
40
40
40
41
42
40
40
40
40
41
40
40
40
40
41
40
42
40
41
40
41
42
40
40
39
127
127
127
127
127
127
127
127
127
127
127
127
127
127
127
127
127
127
127
127
127
127
127
127
127
127
127
127
127
127
127
127
127
127
127
127
127
127
127
127
127
127
127
127
127
127
127
127
127
127
127
127
127
127
127
127
127
127
127
127
127
127
127
127
127
127
127
127
127
127
123
114
127
127
127
127
127
127
127
127
120
107
101
98
78
114
127
127
126
116
101
91
86
84
82
82
43
48
51
50
50
50
50
51
54
55
58
61
34
33
34
37
37
38
39
40
41
42
43
44
37
37
39
40
40
40
40
40
40
39
39
39
40
41
40
40
41
42
42
41
41
40
40
42
41
40
40
40
41
41
41
42
42
40
40
41
40
40
41
42
41
41
40
42
42
40
40
40
40
41
42
43
41
41
40
42
42
41
40
40
41
42
41
43
42
41
40
43
43
41
41
40
