82
79
77
75
74
75
76
78
82
87
92
96
87
84
81
78
78
78
79
82
85
91
95
99
95
92
88
85
84
84
85
88
92
97
101
106
104
100
96
94
92
92
93
96
99
104
110
116
115
110
106
104
102
101
103
106
110
117
124
126
127
127
123
119
117
117
118
120
122
122
119
115
117
123
127
127
127
124
122
120
116
111
103
99
77
96
120
121
114
108
103
95
89
85
83
82
40
59
83
80
56
52
53
54
55
57
60
62
87
81
65
50
41
40
42
43
43
44
46
47
95
76
52
40
40
42
43
42
41
42
41
41
49
38
41
43
42
43
44
43
43
43
42
43
43
41
43
43
43
43
43
43
43
43
43
42
43
43
43
43
43
45
43
44
43
43
43
41
43
43
43
42
43
44
44
44
43
43
43
42
43
43
42
41
43
43
46
44
44
45
44
43
94
91
88
87
85
86
88
91
95
99
104
107
100
96
92
91
89
90
91
95
99
103
108
112
108
104
100
98
96
96
98
101
105
110
115
120
116
113
110
107
105
105
106
109
113
117
123
127
127
124
120
116
114
115
116
119
123
127
127
127
127
127
127
127
127
127
127
127
127
126
120
114
122
127
127
127
127
127
127
124
118
110
103
99
77
99
125
121
118
111
102
94
89
85
83
82
42
45
50
49
50
50
50
51
53
57
59
61
35
34
36
37
37
37
38
40
40
42
43
44
37
37
39
40
39
39
40
40
39
38
38
38
40
40
41
40
39
40
40
40
41
40
40
40
40
40
40
40
40
41
40
40
40
40
40
40
40
40
41
40
40
41
41
41
40
40
40
39
40
40
40
40
40
41
41
42
40
40
40
40
40
40
39
39
40
40
42
42
41
41
41
40
127
127
127
127
127
127
127
127
127
127
127
127
127
127
127
127
127
127
127
127
127
127
127
127
127
127
127
127
127
127
127
127
127
127
127
127
127
127
127
127
127
127
127
127
127
127
127
127
127
127
127
127
127
127
127
127
127
127
127
127
127
127
127
127
127
127
127
127
127
127
123
113
127
127
127
127
127
127
127
127
121
108
101
98
75
103
127
127
127
117
103
92
88
85
83
82
42
45
52
50
51
50
50
52
54
57
58
61
34
34
35
37
37
37
39
40
41
43
43
45
37
38
40
40
40
40
40
40
40
39
39
39
40
41
42
41
40
41
41
41
42
41
40
41
41
40
41
41
40
42
41
41
41
41
41
40
41
40
42
40
40
43
41
42
41
41
41
40
41
40
41
40
40
42
42
42
41
42
41
40
41
41
40
40
40
41
43
42
42
43
42
41
