82
79
77
74
74
74
75
78
82
86
91
95
87
84
81
78
77
78
78
82
85
90
94
98
95
92
88
85
83
84
85
88
92
96
100
105
104
101
97
94
92
92
92
96
99
103
109
115
116
111
107
104
102
101
103
105
109
116
124
127
127
127
123
119
116
117
118
120
122
123
120
116
116
121
127
127
127
125
122
120
117
112
105
99
76
88
117
121
117
110
104
96
91
86
84
83
40
56
82
81
60
52
53
54
55
57
61
63
85
80
66
52
43
40
40
43
43
44
45
47
93
76
53
40
42
42
41
43
42
42
40
41
49
39
40
43
43
43
43
44
43
43
43
42
43
43
43
43
43
43
43
44
44
43
43
43
44
45
44
43
42
42
43
46
45
44
44
43
46
45
43
42
43
41
43
45
44
46
45
43
46
44
42
43
43
41
42
43
43
46
45
44
94
91
87
85
85
85
87
90
94
99
103
107
99
96
92
90
89
89
91
94
98
103
107
111
108
104
100
98
96
96
97
100
104
109
114
119
117
113
110
106
104
104
106
108
112
116
122
127
127
124
120
116
114
114
116
118
122
127
127
127
127
127
127
127
127
127
127
127
127
127
120
115
120
127
127
127
127
127
127
126
120
112
105
99
75
89
123
123
119
112
103
96
90
86
85
83
42
43
50
50
50
50
50
51
53
57
59
61
35
34
36
36
37
37
38
39
40
42
43
44
37
38
39
39
40
39
39
39
39
38
38
38
40
41
40
40
40
40
40
40
40
40
40
40
40
41
41
40
40
40
40
41
41
40
40
40
40
41
41
40
39
39
40
41
41
40
40
40
40
41
40
40
40
39
40
40
41
40
40
41
40
41
39
40
41
39
40
40
40
40
41
41
127
127
127
127
127
127
127
127
127
127
127
127
127
127
127
127
127
127
127
127
127
127
127
127
127
127
127
127
127
127
127
127
127
127
127
127
127
127
127
127
127
127
127
127
127
127
127
127
127
127
127
127
127
127
127
127
127
127
127
127
127
127
127
127
127
127
127
127
127
127
123
114
127
127
127
127
127
127
127
127
123
110
102
99
74
91
127
127
127
120
106
94
89
86
84
83
43
43
52
50
50
50
50
52
54
57
59
61
35
34
36
36
37
37
38
40
41
43
43
45
37
38
40
40
40
40
40
40
40
39
39
39
40
42
41
41
41
40
40
42
41
41
41
40
42
42
42
41
40
40
40
42
42
41
41
40
42
42
42
40
40
40
40
43
42
42
42
41
42
42
40
40
40
40
40
43
42
42
42
42
42
42
40
41
42
40
40
40
41
43
42
42
