83
79
75
74
71
72
72
75
77
81
85
89
89
85
81
78
76
75
76
78
80
85
89
92
96
93
89
86
84
82
82
84
86
91
95
99
107
103
99
95
92
91
91
92
95
99
103
106
120
116
112
106
103
101
101
102
105
108
112
116
120
124
126
125
121
117
116
118
120
122
124
124
99
106
113
118
127
127
127
125
123
122
120
116
64
68
74
82
108
123
119
110
105
99
94
91
44
44
42
37
54
98
76
50
54
54
57
58
37
33
38
74
110
88
47
40
42
43
43
43
43
59
93
126
117
64
39
43
43
43
41
40
72
119
127
127
57
36
43
44
43
43
43
43
127
127
127
54
41
43
43
44
43
45
45
43
127
127
64
38
42
44
43
43
43
44
44
43
125
64
34
42
45
44
43
43
43
43
43
43
61
34
41
43
43
44
43
44
42
42
43
44
95
92
88
85
83
82
84
85
89
93
97
101
101
97
93
90
88
87
88
89
92
97
101
105
110
106
102
98
96
95
95
96
99
103
107
111
120
116
112
107
105
103
103
105
107
112
116
120
127
127
125
120
116
114
113
115
118
121
125
127
125
127
127
127
127
127
127
127
127
127
127
127
99
107
116
125
127
127
127
127
127
127
123
116
64
68
72
83
113
127
118
113
105
99
93
90
42
42
43
43
49
50
49
50
50
52
54
57
38
39
39
35
33
34
36
38
39
39
40
41
40
39
37
34
34
37
39
40
40
39
38
37
38
35
32
34
39
40
40
40
40
40
40
40
33
32
35
39
40
40
40
40
40
41
41
40
32
34
38
40
42
41
40
40
40
41
40
40
35
38
40
40
41
41
40
40
40
40
40
41
38
39
40
41
40
42
41
42
40
40
41
41
127
127
127
127
127
127
127
127
127
127
127
127
127
127
127
127
127
127
127
127
127
127
127
127
127
127
127
127
127
127
127
127
127
127
127
127
127
127
127
127
127
127
127
127
127
127
127
127
127
127
127
127
127
127
127
127
127
127
127
127
127
127
127
127
127
127
127
127
127
127
127
127
97
110
126
127
127
127
127
127
127
127
127
116
64
67
70
82
124
127
127
120
108
97
92
90
43
43
43
43
51
51
49
51
52
53
55
57
39
40
40
36
33
33
36
38
39
40
41
42
40
40
37
35
34
38
40
40
40
40
39
38
40
36
32
35
40
41
41
41
41
41
41
40
33
31
35
40
41
41
41
42
40
42
43
40
32
35
39
42
43
42
41
41
40
42
42
41
35
39
40
42
42
42
41
41
40
41
41
41
39
40
40
41
41
42
42
43
40
40
42
42
