83
80
76
74
71
71
72
74
76
80
84
88
89
85
82
78
76
75
75
78
80
84
88
92
96
93
89
86
84
82
82
84
86
90
94
98
107
103
99
95
92
91
91
92
95
98
102
106
121
116
113
107
103
102
101
102
105
107
111
115
118
122
124
125
122
118
117
118
120
121
124
125
96
103
110
115
123
127
125
126
125
123
121
119
64
67
71
78
97
120
120
113
107
103
96
93
43
43
44
43
41
60
105
61
51
54
56
57
41
42
36
33
60
120
99
41
40
41
43
43
41
39
43
71
122
127
73
39
42
41
43
42
41
44
75
127
127
113
37
43
42
43
44
44
50
104
127
127
127
57
40
43
43
43
44
43
123
127
127
127
93
38
41
43
43
42
44
43
127
127
127
127
51
38
43
42
41
42
45
44
127
127
127
90
37
42
43
43
40
42
46
47
96
92
88
85
83
82
82
85
87
92
96
100
101
97
93
90
88
87
87
89
92
96
100
104
110
106
102
98
96
95
95
96
99
103
106
110
120
116
113
108
105
103
103
105
107
111
115
118
127
127
126
121
116
114
114
114
117
120
124
127
121
127
127
127
127
127
127
127
127
127
127
127
96
103
112
120
127
127
127
127
127
127
126
120
64
67
71
77
100
127
120
116
109
102
96
92
42
42
42
41
46
53
47
50
51
51
53
56
38
39
39
37
36
32
33
37
38
38
40
41
40
40
40
38
35
32
37
40
39
38
39
39
40
40
37
33
32
37
40
40
40
40
40
40
40
36
33
31
33
40
40
40
40
40
41
40
35
33
32
32
37
40
40
40
40
40
41
41
32
32
32
35
40
40
40
40
38
40
41
41
32
32
32
38
41
40
41
40
38
40
41
42
127
127
127
127
127
127
127
127
127
127
127
127
127
127
127
127
127
127
127
127
127
127
127
127
127
127
127
127
127
127
127
127
127
127
127
127
127
127
127
127
127
127
127
127
127
127
127
127
127
127
127
127
127
127
127
127
127
127
127
127
127
127
127
127
127
127
127
127
127
127
127
127
93
103
119
127
127
127
127
127
127
127
127
123
64
65
68
74
106
127
127
124
113
101
94
91
43
43
42
42
47
54
48
50
51
52
54
56
39
40
40
38
36
31
33
37
38
39
41
42
40
41
41
39
35
32
38
40
39
39
40
40
41
40
38
33
31
36
41
41
40
40
41
41
41
37
33
31
33
40
41
40
41
41
42
41
36
33
32
32
38
41
40
40
40
40
42
41
33
32
32
36
41
40
40
40
39
40
42
42
32
32
32
39
42
40
41
41
39
40
43
43
