83
80
77
74
71
71
71
73
75
79
83
86
89
85
82
78
76
75
75
77
79
83
87
90
98
93
89
86
84
82
82
83
85
89
93
96
109
104
100
96
93
91
91
92
94
97
101
104
123
120
114
109
104
102
102
102
104
107
110
113
112
116
121
123
123
120
118
117
120
121
124
125
88
94
103
110
116
127
127
126
123
124
124
122
61
64
66
71
82
113
120
117
110
105
102
98
43
43
44
43
44
53
52
82
90
48
54
56
41
42
41
40
40
41
37
64
127
79
37
41
43
43
43
43
43
42
38
57
127
127
65
37
43
43
43
43
43
42
40
52
127
127
126
51
42
43
42
41
43
44
41
47
127
127
127
120
43
43
42
43
44
45
42
43
127
127
127
127
43
43
43
43
43
45
43
40
127
127
127
127
43
44
44
43
43
44
43
40
125
127
127
127
96
92
88
85
83
82
82
84
86
90
94
98
101
97
93
91
89
87
87
89
91
95
99
103
110
106
103
99
96
95
95
96
99
102
106
110
120
117
113
109
106
103
103
105
107
110
114
117
127
127
127
122
117
115
114
114
117
120
123
126
112
119
126
127
127
127
127
127
127
127
127
127
87
94
103
112
122
127
127
127
127
127
127
127
61
64
66
71
81
117
125
118
113
107
102
97
42
43
42
42
43
51
52
49
48
51
53
54
39
39
38
38
38
38
37
35
31
36
40
40
40
40
40
40
40
40
40
38
31
33
37
39
40
40
40
40
40
40
40
40
33
32
34
40
40
40
39
39
41
40
40
40
33
32
32
35
40
40
40
40
41
40
40
40
34
32
32
33
40
40
40
40
40
40
41
40
34
32
32
32
40
40
40
40
40
40
41
40
34
32
32
32
127
127
127
127
127
127
127
127
127
127
127
127
127
127
127
127
127
127
127
127
127
127
127
127
127
127
127
127
127
127
127
127
127
127
127
127
127
127
127
127
127
127
127
127
127
127
127
127
127
127
127
127
127
127
127
127
127
127
127
127
114
125
127
127
127
127
127
127
127
127
127
127
85
91
102
119
127
127
127
127
127
127
127
127
61
64
65
68
79
127
127
127
120
110
100
95
42
43
43
43
42
53
54
49
48
52
53
54
40
39
39
39
38
38
37
35
31
36
40
40
40
40
41
40
41
40
40
40
32
33
39
40
41
40
42
41
41
40
41
41
33
31
36
40
40
41
40
40
42
41
40
41
34
32
32
35
41
41
40
40
42
42
41
41
34
32
32
33
41
41
40
41
41
42
41
41
34
32
32
32
40
42
41
41
40
42
42
41
35
32
32
32
