83
80
76
74
71
71
72
74
76
80
84
88
89
85
82
78
76
75
76
78
80
84
88
92
97
93
89
86
84
82
82
84
86
90
94
98
108
103
99
95
92
91
91
92
95
98
102
106
123
120
113
107
103
102
101
103
105
108
111
114
112
117
121
123
121
117
117
117
120
122
124
126
88
96
104
113
125
127
127
125
122
123
123
122
61
64
68
75
103
122
116
115
109
103
99
97
43
43
44
44
50
55
55
78
89
57
49
55
41
41
42
40
40
41
40
50
84
110
75
41
43
43
43
43
43
43
41
39
64
118
124
92
43
43
43
43
44
43
43
42
37
61
127
127
43
43
43
44
43
42
43
43
43
42
62
127
43
42
43
43
41
40
43
43
44
41
41
71
43
42
43
43
42
41
43
45
45
44
41
37
42
42
44
43
43
43
43
45
46
45
43
43
95
92
88
85
83
82
82
85
87
92
96
100
101
97
93
90
88
87
87
89
92
96
100
104
110
106
102
98
96
95
95
96
99
103
106
110
120
117
113
108
105
103
103
105
107
111
115
119
127
127
126
121
116
114
114
114
117
120
124
127
112
120
127
127
127
127
127
127
127
127
127
127
87
94
106
116
127
127
127
127
127
127
127
124
61
64
67
73
106
127
120
116
110
104
99
96
42
43
42
42
49
53
50
50
49
52
54
56
39
39
39
37
37
37
37
37
35
34
37
41
40
40
40
40
40
40
39
39
37
34
33
35
40
40
40
40
40
40
40
39
40
40
34
32
41
40
40
41
40
40
40
40
40
41
39
34
40
40
40
40
39
38
41
40
40
40
40
39
40
40
40
40
39
39
41
41
40
40
40
42
40
40
40
40
40
40
41
41
41
41
40
41
127
127
127
127
127
127
127
127
127
127
127
127
127
127
127
127
127
127
127
127
127
127
127
127
127
127
127
127
127
127
127
127
127
127
127
127
127
127
127
127
127
127
127
127
127
127
127
127
127
127
127
127
127
127
127
127
127
127
127
127
114
127
127
127
127
127
127
127
127
127
127
127
85
92
106
127
127
127
127
127
127
127
127
127
61
64
65
71
113
127
127
123
113
104
98
94
42
43
43
41
49
55
51
50
49
52
54
57
40
39
40
38
37
37
37
37
34
35
38
42
40
40
41
40
41
40
40
40
38
35
33
35
41
40
41
41
42
41
40
40
41
41
34
32
42
40
41
42
40
40
41
40
41
42
40
35
41
40
41
41
40
39
41
41
41
41
41
40
40
40
41
41
40
40
41
42
42
42
41
43
40
40
42
41
40
41
42
42
43
43
41
42
