82
79
75
74
71
72
72
75
77
81
85
89
88
85
81
78
76
75
76
78
81
85
89
92
96
93
89
86
84
82
82
84
87
91
95
99
107
103
99
95
92
91
91
92
95
99
103
106
122
118
112
106
103
101
101
103
105
108
112
115
114
120
123
124
120
117
116
117
120
121
124
126
91
99
108
118
127
127
127
123
122
123
122
120
63
65
69
85
117
120
116
112
106
102
98
96
43
44
43
46
54
54
63
88
76
48
51
58
41
42
40
40
40
41
43
62
100
100
57
37
43
43
43
43
42
43
40
46
86
126
112
76
43
43
43
43
43
43
44
42
36
89
127
127
43
43
44
43
43
43
43
43
40
41
82
127
45
43
45
44
43
43
43
43
43
37
47
89
46
43
45
44
43
43
42
44
43
43
39
42
46
44
44
43
43
43
43
45
43
43
43
41
95
92
88
85
83
82
84
86
89
93
96
100
101
97
93
90
88
87
88
90
92
97
101
105
110
106
102
98
96
95
95
96
99
103
108
112
120
116
113
107
105
103
103
105
107
112
116
120
127
127
125
120
116
114
113
115
118
121
125
127
116
123
127
127
127
127
127
127
127
127
127
127
91
99
110
125
127
127
127
127
127
127
127
123
63
65
69
85
123
123
118
113
107
102
99
96
43
42
42
43
53
52
50
49
50
54
55
57
40
38
38
37
37
37
37
37
35
35
40
42
40
40
40
40
39
39
40
39
36
33
33
36
40
40
40
40
40
40
40
40
40
37
32
33
40
40
41
41
40
40
40
40
39
40
38
33
40
40
41
41
40
40
40
40
40
39
40
38
41
40
41
41
41
40
40
40
40
39
41
41
40
41
41
40
40
40
40
41
40
40
40
40
127
127
127
127
127
127
127
127
127
127
127
127
127
127
127
127
127
127
127
127
127
127
127
127
127
127
127
127
127
127
127
127
127
127
127
127
127
127
127
127
127
127
127
127
127
127
127
127
127
127
127
127
127
127
127
127
127
127
127
127
120
127
127
127
127
127
127
127
127
127
127
127
88
97
116
127
127
127
127
127
127
127
127
125
63
64
66
85
127
127
127
119
110
101
96
94
43
43
42
43
54
53
50
49
50
54
56
57
40
40
39
38
37
37
37
37
34
36
40
43
41
41
40
40
40
40
41
40
37
33
34
37
41
40
41
40
41
41
42
42
40
38
33
33
41
41
42
42
40
41
41
40
40
40
39
33
42
42
42
42
41
40
40
40
40
40
41
39
43
42
42
42
42
40
40
41
41
40
42
42
42
41
42
41
41
40
41
42
41
40
41
41
