82
78
77
73
73
73
75
77
80
85
89
93
88
84
81
78
77
77
78
80
84
89
93
97
96
92
88
86
83
83
84
86
90
95
99
103
105
101
97
94
92
91
92
94
98
103
106
111
116
112
108
104
102
101
102
104
107
113
119
125
127
127
123
120
118
117
116
119
121
123
123
123
121
127
127
127
123
124
123
122
121
119
116
111
85
120
125
118
115
109
106
103
99
96
94
92
46
55
54
76
93
51
54
57
58
61
64
66
41
40
35
92
127
47
40
42
43
45
46
47
43
41
40
127
127
72
37
40
42
41
40
40
43
40
64
127
127
108
38
42
43
43
43
44
44
39
110
127
127
127
45
43
43
44
43
43
42
58
127
127
127
127
68
39
42
43
43
43
42
95
127
127
127
127
103
38
41
43
45
45
43
126
127
127
127
127
127
40
40
43
47
47
94
91
87
85
85
85
86
89
92
97
102
105
99
96
92
90
89
89
90
92
96
101
106
110
108
105
101
98
96
96
96
99
103
107
112
116
117
114
110
106
104
104
105
107
110
116
120
124
127
125
120
117
115
113
115
117
120
126
127
127
127
127
127
127
127
127
127
127
127
127
127
124
127
127
127
127
127
127
127
127
124
120
114
110
85
124
127
120
116
112
106
101
98
96
93
92
43
54
54
49
48
51
52
54
56
60
62
64
37
37
38
33
31
37
39
39
40
43
43
44
40
39
39
33
30
37
40
38
39
38
37
37
40
40
39
33
32
37
40
40
40
40
40
40
40
40
37
32
32
33
40
41
40
41
41
40
41
40
33
32
32
33
39
40
39
40
40
41
41
37
32
32
32
32
37
40
39
40
41
41
40
35
32
32
32
32
33
40
40
40
42
42
127
127
127
127
127
127
127
127
127
127
127
127
127
127
127
127
127
127
127
127
127
127
127
127
127
127
127
127
127
127
127
127
127
127
127
127
127
127
127
127
127
127
127
127
127
127
127
127
127
127
127
127
127
127
127
127
127
127
127
127
127
127
127
127
127
127
127
127
127
127
127
127
127
127
127
127
127
127
127
127
127
120
112
108
85
127
127
127
126
117
107
99
96
94
93
92
43
55
57
50
48
52
53
54
57
59
62
65
38
37
38
33
30
37
40
40
42
43
43
45
41
40
40
33
31
38
40
38
40
39
38
39
40
41
40
33
32
37
41
40
41
41
41
42
42
42
37
32
32
34
40
42
40
42
42
41
43
41
33
32
32
32
39
41
40
41
41
41
42
38
32
32
32
32
37
40
40
41
42
43
41
35
32
32
32
32
34
40
40
40
43
43
