82
78
77
74
73
73
75
77
80
85
89
93
88
84
81
78
77
77
78
80
84
89
93
97
96
92
88
85
83
83
84
86
90
95
99
103
105
101
97
94
92
92
92
94
98
103
107
113
116
111
107
104
102
101
102
104
108
114
121
127
127
126
123
120
118
117
117
120
122
123
123
122
127
127
127
127
127
124
122
122
120
118
113
110
99
127
121
120
113
109
105
101
98
95
93
92
50
56
56
106
61
53
55
57
60
62
65
68
37
37
92
127
50
39
43
43
43
46
47
48
40
72
127
127
48
40
42
41
40
41
40
41
61
127
127
127
43
43
43
43
43
43
43
43
127
127
127
121
40
44
43
43
42
42
44
45
127
127
127
106
38
45
44
43
43
42
43
45
127
127
127
89
39
45
44
42
43
43
43
44
127
127
127
78
40
44
44
42
43
44
43
42
94
91
87
85
85
85
86
89
92
97
101
106
99
96
92
90
89
89
90
92
96
101
106
110
108
105
101
98
96
96
96
99
103
107
113
117
117
114
110
106
104
104
105
107
111
116
120
125
127
125
120
117
115
114
115
117
121
127
127
127
127
127
127
127
127
127
127
127
127
127
125
122
127
127
127
127
127
127
127
126
123
117
113
109
101
127
127
120
116
110
105
100
97
96
94
92
46
56
52
47
51
52
53
55
57
61
64
66
37
38
34
31
37
38
40
40
41
43
43
45
40
37
33
33
39
39
40
38
38
38
37
37
39
34
32
34
41
40
40
40
40
40
40
40
34
32
32
36
40
41
41
40
40
39
41
41
32
32
32
37
41
40
41
40
40
39
40
41
32
32
32
37
41
40
41
39
40
40
40
40
32
32
32
37
41
40
41
40
40
41
40
40
127
127
127
127
127
127
127
127
127
127
127
127
127
127
127
127
127
127
127
127
127
127
127
127
127
127
127
127
127
127
127
127
127
127
127
127
127
127
127
127
127
127
127
127
127
127
127
127
127
127
127
127
127
127
127
127
127
127
127
127
127
127
127
127
127
127
127
127
127
127
127
123
127
127
127
127
127
127
127
127
127
116
110
107
106
127
127
127
124
114
104
98
96
95
93
93
47
59
54
47
51
52
54
55
58
61
64
67
38
38
33
30
37
38
40
40
42
43
44
46
40
37
33
32
40
40
40
39
39
39
38
38
40
34
32
34
42
41
41
40
41
41
42
41
34
32
32
36
42
42
42
40
40
40
42
43
32
32
32
37
42
41
42
40
40
40
40
43
32
32
32
37
42
41
42
40
40
40
40
42
32
32
32
37
43
41
42
40
41
41
40
40
