82
78
76
73
73
73
74
76
80
85
89
92
88
85
81
78
77
77
78
80
83
88
92
96
96
92
89
86
83
83
84
86
89
94
99
103
105
101
97
94
92
91
92
94
97
102
107
114
115
112
108
104
102
101
102
104
108
116
123
127
127
127
123
120
118
117
117
120
122
123
123
120
127
127
127
127
127
124
122
121
120
116
111
107
96
125
126
120
113
109
105
100
97
95
93
92
40
56
100
78
50
55
56
58
61
64
68
70
69
110
96
50
40
41
42
44
45
45
48
49
127
126
73
40
42
41
42
42
42
40
40
40
127
73
37
43
42
43
44
43
44
44
42
43
67
42
43
43
43
43
43
43
44
44
43
42
42
40
43
43
44
44
43
43
43
43
43
42
41
43
43
43
44
44
43
43
42
43
43
42
43
42
41
44
43
43
44
43
43
43
43
41
94
91
87
85
85
85
86
89
92
97
100
106
99
96
92
90
89
89
90
92
96
101
105
110
109
105
101
98
96
96
96
99
102
107
112
116
118
114
110
106
104
104
104
106
110
115
120
124
127
124
120
117
115
114
115
117
120
127
127
127
127
127
127
127
127
127
127
127
127
127
123
120
127
127
127
127
127
127
127
125
121
116
110
107
99
127
127
120
116
110
104
100
97
95
93
93
45
55
51
49
52
52
54
56
60
62
66
69
35
33
33
37
38
38
39
40
42
43
45
47
35
33
37
40
39
39
39
39
37
37
37
37
33
38
41
40
40
40
40
40
40
40
40
40
38
40
40
40
40
40
40
40
41
41
40
39
40
41
40
40
41
41
41
41
40
40
40
40
40
40
40
40
41
41
41
41
40
40
41
40
40
39
39
41
40
41
42
41
40
40
40
39
127
127
127
127
127
127
127
127
127
127
127
127
127
127
127
127
127
127
127
127
127
127
127
127
127
127
127
127
127
127
127
127
127
127
127
127
127
127
127
127
127
127
127
127
127
127
127
127
127
127
127
127
127
127
127
127
127
127
127
127
127
127
127
127
127
127
127
127
127
127
127
120
127
127
127
127
127
127
127
127
122
113
109
107
103
127
127
127
123
113
103
98
96
95
93
93
46
57
52
50
52
53
54
57
60
63
67
70
36
33
33
37
38
39
40
42
43
43
46
47
35
33
38
40
40
40
40
40
39
38
37
38
33
39
42
41
40
41
41
41
41
41
40
40
38
40
41
41
40
41
41
41
42
42
40
40
40
42
42
40
42
42
42
42
41
41
41
40
41
41
41
41
42
42
42
42
40
41
42
40
41
40
40
42
41
42
43
42
41
41
41
40
