96
92
89
84
80
77
75
75
75
76
78
82
100
96
92
87
83
81
78
78
79
81
83
87
107
103
98
93
89
87
85
84
85
88
91
95
114
110
106
101
97
94
92
92
94
96
100
103
124
120
115
110
106
103
103
102
104
108
113
117
124
127
127
126
122
116
116
120
122
123
123
120
106
113
118
123
126
127
123
121
116
112
106
100
74
77
84
93
103
123
113
95
85
75
69
65
48
47
48
48
45
90
81
40
45
44
43
43
42
41
41
40
34
99
127
43
37
41
40
41
43
42
43
43
38
116
127
85
39
43
43
43
43
42
43
43
41
127
127
127
52
40
43
43
43
43
43
42
45
127
127
127
103
37
43
43
44
44
43
41
53
127
127
127
127
65
39
45
45
43
43
40
63
127
127
127
127
117
49
43
44
43
43
38
71
127
127
127
127
127
68
40
109
106
101
96
92
88
87
86
87
88
91
94
113
110
105
99
96
92
91
90
91
92
96
99
120
116
111
106
102
99
97
96
98
100
104
107
127
123
119
114
110
106
106
105
107
110
113
116
127
127
127
123
119
116
115
114
117
121
126
127
127
127
127
127
127
127
127
127
127
127
127
124
106
115
123
127
127
127
127
127
124
116
108
99
73
77
83
93
107
126
118
98
85
74
68
65
47
47
45
45
47
51
48
43
43
42
42
42
40
39
38
37
37
34
31
36
37
37
38
38
40
39
40
40
40
34
31
37
40
40
40
40
40
40
40
40
41
35
31
33
40
40
40
40
40
41
40
40
40
33
32
32
37
41
41
40
41
41
40
41
40
33
32
32
33
38
41
41
41
41
40
41
39
33
32
32
32
35
40
41
41
40
40
40
38
33
32
32
32
33
39
41
127
127
127
127
127
127
127
127
127
127
127
127
127
127
127
127
127
127
127
127
127
127
127
127
127
127
127
127
127
127
127
127
127
127
127
127
127
127
127
127
127
127
127
127
127
127
127
127
127
127
127
127
127
127
127
127
127
127
127
127
127
127
127
127
127
127
127
127
127
127
127
127
105
120
127
127
127
127
127
127
127
127
111
99
73
75
81
95
117
127
127
104
85
71
68
65
47
47
45
45
47
54
50
44
43
42
42
42
40
40
39
37
37
33
31
37
38
39
39
39
40
40
40
40
41
34
31
38
41
41
40
40
41
40
40
41
42
35
31
33
40
41
41
41
41
42
40
41
41
34
32
32
37
42
42
41
42
42
41
42
40
33
32
32
33
40
42
42
42
42
41
42
40
33
32
32
32
35
41
42
43
41
41
41
39
33
32
32
32
33
40
42
