83
80
77
74
71
71
72
74
76
79
83
87
89
85
82
78
76
75
75
78
80
83
87
91
97
93
89
86
84
82
82
84
86
89
93
97
106
103
99
95
92
91
91
92
94
97
101
106
120
116
111
106
104
102
101
102
104
108
113
121
127
127
127
125
120
119
118
118
120
122
124
123
108
116
123
127
127
127
127
124
123
122
120
115
69
75
85
110
127
120
112
109
105
101
98
96
43
39
37
68
99
64
53
55
57
61
65
68
33
57
95
96
68
43
40
41
43
45
46
47
83
110
118
88
47
40
42
41
43
42
40
40
127
127
76
37
40
43
43
43
45
44
43
43
116
60
40
43
42
42
44
44
43
43
44
44
61
40
40
43
42
43
43
44
43
43
43
44
36
42
44
43
43
44
43
44
43
43
43
45
43
43
42
42
45
44
43
43
43
43
43
47
96
92
88
85
83
82
82
85
88
92
95
99
101
97
93
90
88
87
87
89
92
96
99
103
110
106
102
98
96
95
95
96
99
102
106
110
120
116
112
108
106
103
103
105
107
110
114
118
127
127
124
120
116
114
114
115
117
120
125
127
127
127
127
127
127
127
127
127
127
127
127
125
111
120
127
127
127
127
127
127
127
124
120
114
69
75
85
116
127
122
115
108
103
99
98
96
42
43
43
47
53
50
51
53
55
59
63
66
39
37
33
33
36
37
37
38
40
42
43
44
37
36
36
37
39
40
39
38
39
38
37
37
33
33
37
40
40
40
40
40
40
40
40
40
36
39
40
40
39
40
41
41
40
40
41
41
39
40
41
40
40
40
40
41
41
40
40
41
40
40
41
40
41
40
40
40
41
40
40
41
40
40
40
40
42
41
40
40
40
41
40
42
127
127
127
127
127
127
127
127
127
127
127
127
127
127
127
127
127
127
127
127
127
127
127
127
127
127
127
127
127
127
127
127
127
127
127
127
127
127
127
127
127
127
127
127
127
127
127
127
127
127
127
127
127
127
127
127
127
127
127
127
127
127
127
127
127
127
127
127
127
127
127
127
114
127
127
127
127
127
127
127
127
127
117
111
68
72
86
126
127
127
122
110
102
98
97
96
43
43
43
47
55
51
51
54
56
60
64
67
40
37
33
32
36
37
37
39
40
43
44
45
38
36
36
37
40
40
40
39
40
40
39
38
33
33
38
41
41
40
40
40
42
42
41
41
36
40
40
41
40
40
41
42
41
41
42
42
40
41
42
41
40
41
40
42
41
41
41
42
41
41
42
41
42
41
40
41
41
41
40
42
40
40
40
40
43
42
41
40
41
42
41
43
