83
80
77
74
71
71
71
73
75
78
82
86
89
85
82
78
76
75
75
77
79
82
86
90
97
93
89
86
84
82
82
83
85
89
92
96
106
103
99
96
93
91
91
92
94
98
101
104
120
116
112
107
104
102
102
102
104
107
112
119
125
127
127
127
121
118
118
118
120
121
123
125
105
112
119
127
127
127
127
125
124
123
121
118
68
72
79
97
124
126
114
110
106
102
99
98
44
43
37
44
91
88
52
55
57
60
64
66
33
35
63
105
95
54
40
42
43
44
45
46
55
85
120
123
76
40
42
42
42
41
40
40
110
127
127
71
37
43
43
43
44
43
42
42
127
127
64
40
44
44
44
43
42
43
42
43
127
76
40
40
44
45
44
43
42
43
43
43
73
39
40
43
43
44
44
43
43
43
43
43
37
43
43
43
44
43
44
44
43
43
42
42
96
92
88
85
83
82
82
84
86
90
94
99
101
97
93
91
89
87
87
89
91
95
99
103
110
106
103
99
96
95
95
96
98
102
106
109
120
117
113
108
106
103
103
104
106
110
113
117
127
127
125
120
117
115
114
115
118
120
124
127
127
127
127
127
127
127
127
127
127
127
127
127
106
115
125
127
127
127
127
127
127
126
122
116
67
71
80
101
127
127
117
111
106
102
99
97
42
43
43
45
52
51
51
52
54
58
61
65
39
39
36
33
34
37
37
38
40
41
42
43
40
37
35
35
37
40
39
39
39
38
37
37
36
33
33
38
41
41
40
40
41
40
39
40
31
33
38
40
40
41
41
40
40
40
39
40
34
38
40
40
40
41
41
40
40
41
40
40
38
41
40
40
40
41
41
40
40
41
41
40
40
41
40
40
40
40
42
41
40
40
40
39
127
127
127
127
127
127
127
127
127
127
127
127
127
127
127
127
127
127
127
127
127
127
127
127
127
127
127
127
127
127
127
127
127
127
127
127
127
127
127
127
127
127
127
127
127
127
127
127
127
127
127
127
127
127
127
127
127
127
127
127
127
127
127
127
127
127
127
127
127
127
127
127
107
123
127
127
127
127
127
127
127
127
123
114
66
69
78
106
127
127
126
115
105
99
98
98
43
43
43
45
54
53
51
52
54
58
62
65
40
40
37
32
33
36
37
39
40
42
43
44
40
38
36
35
37
40
40
40
40
39
37
37
37
33
33
39
42
42
41
41
42
41
40
40
31
34
39
41
42
42
42
40
40
41
40
40
35
39
41
40
42
42
42
41
41
41
41
40
39
42
41
40
42
42
42
41
41
41
41
40
41
42
41
41
42
41
43
42
41
41
40
40
