83
80
76
74
71
71
71
71
74
76
80
83
89
85
82
79
77
75
75
76
78
82
85
88
97
94
90
87
85
83
82
83
85
89
92
95
108
104
100
96
94
92
92
92
94
97
100
103
122
119
114
109
106
103
103
103
104
106
109
112
114
119
123
126
126
121
119
120
120
121
123
124
91
99
106
115
123
127
127
126
127
126
124
124
63
64
69
77
92
120
127
116
110
108
105
103
43
44
43
44
46
52
69
97
57
54
60
61
41
41
41
41
40
38
50
127
95
36
43
45
43
43
43
43
43
40
49
127
127
63
37
40
43
43
43
43
43
40
53
127
127
121
46
40
42
42
43
46
44
40
55
127
127
127
93
35
43
43
44
46
44
41
59
127
127
127
127
70
43
43
45
45
44
41
63
127
127
127
127
127
43
43
45
44
43
40
66
127
127
127
127
127
96
92
89
85
83
82
82
83
85
89
92
96
101
98
94
91
89
87
87
88
90
93
97
100
110
107
103
99
96
95
95
96
98
101
105
108
120
117
113
110
106
104
104
104
106
110
113
116
127
127
127
123
119
116
116
115
117
120
122
125
116
123
127
127
127
127
127
127
127
127
127
127
90
98
108
120
127
127
127
127
127
127
127
127
63
64
68
75
93
126
127
118
113
109
104
103
43
42
42
42
43
52
53
48
53
55
57
60
39
38
39
38
37
37
37
31
35
40
40
42
40
40
40
40
40
39
39
32
32
37
39
38
40
40
40
40
40
40
40
33
31
36
41
40
40
40
40
40
41
41
40
33
32
32
38
40
40
40
40
40
40
41
40
33
32
32
33
37
40
40
40
40
40
41
40
33
32
32
32
34
40
40
41
41
41
41
40
33
32
32
32
32
127
127
127
127
127
127
127
127
127
127
127
127
127
127
127
127
127
127
127
127
127
127
127
127
127
127
127
127
127
127
127
127
127
127
127
127
127
127
127
127
127
127
127
127
127
127
127
127
127
127
127
127
127
127
127
127
127
127
127
127
120
127
127
127
127
127
127
127
127
127
127
127
88
96
111
127
127
127
127
127
127
127
127
127
63
64
67
73
96
127
127
127
118
109
103
100
42
43
43
43
43
54
56
49
53
54
57
60
40
39
40
39
37
37
37
31
34
40
41
43
41
40
41
41
41
40
40
33
32
38
40
39
41
41
40
40
41
41
40
33
31
36
41
40
40
40
40
42
42
42
40
33
32
32
38
40
40
40
41
42
41
42
40
33
32
32
33
38
40
40
42
42
41
42
40
33
32
32
32
34
41
40
42
42
42
42
40
33
32
32
32
32
