83
80
76
74
71
71
71
71
74
77
80
83
89
85
82
79
77
75
75
76
78
82
85
88
97
94
90
87
85
83
82
83
85
89
92
95
108
104
100
96
94
92
92
92
94
97
100
103
122
119
114
109
106
103
103
103
104
106
109
112
115
120
124
127
125
120
119
120
120
121
123
124
92
99
107
116
125
127
127
125
126
126
125
124
63
64
70
78
96
123
125
116
109
108
105
103
43
43
44
44
47
54
69
98
58
52
60
61
41
41
41
40
40
39
44
113
110
44
37
44
43
43
43
43
43
42
37
111
127
92
45
36
43
43
43
43
43
44
37
82
127
127
85
43
43
43
43
44
43
43
39
64
127
127
127
89
43
43
43
43
42
43
40
50
127
127
127
127
41
43
43
42
40
43
43
40
127
127
127
127
41
42
43
42
40
43
44
38
112
127
127
127
96
92
89
85
83
82
82
83
85
89
92
96
101
98
94
91
89
87
87
88
90
93
97
100
110
107
103
99
96
95
95
96
98
101
105
108
120
117
113
110
106
104
104
104
106
110
113
116
127
127
127
122
118
116
115
115
117
120
122
125
116
123
127
127
127
127
127
127
127
127
127
127
91
99
110
121
127
127
127
127
127
127
127
126
63
64
68
77
98
127
127
117
112
108
104
103
43
42
42
42
44
54
53
47
53
55
57
60
39
38
38
37
37
37
37
33
34
39
40
41
40
40
40
40
40
39
40
35
31
35
38
38
40
40
40
40
40
41
41
37
32
33
37
40
41
41
40
41
41
40
40
39
33
32
33
38
40
41
40
40
40
40
40
40
33
32
32
33
39
40
40
40
38
40
40
40
34
32
32
32
39
39
41
40
37
40
41
41
36
32
32
32
127
127
127
127
127
127
127
127
127
127
127
127
127
127
127
127
127
127
127
127
127
127
127
127
127
127
127
127
127
127
127
127
127
127
127
127
127
127
127
127
127
127
127
127
127
127
127
127
127
127
127
127
127
127
127
127
127
127
127
127
120
127
127
127
127
127
127
127
127
127
127
127
88
97
113
127
127
127
127
127
127
127
127
127
63
64
68
75
103
127
127
126
116
107
103
100
42
43
43
43
44
56
54
48
53
55
58
60
40
39
39
38
37
37
37
32
34
40
42
42
41
40
40
40
40
40
40
35
31
36
39
39
41
40
41
41
41
42
42
38
32
33
38
42
42
41
40
42
42
40
41
39
33
32
33
38
41
41
41
41
40
40
40
40
33
32
32
33
40
40
41
40
39
40
41
41
34
32
32
32
40
40
42
40
38
41
42
42
36
32
32
32
