83
80
76
74
71
71
71
71
74
78
82
85
89
85
82
78
76
75
75
76
78
82
85
89
97
94
90
86
84
82
82
83
85
89
92
95
108
104
99
96
93
92
91
92
94
97
100
103
122
118
113
108
105
103
103
103
104
106
109
113
116
120
125
127
124
120
119
120
120
120
123
125
92
100
109
118
127
127
127
124
126
125
125
123
63
65
70
81
103
126
123
114
109
107
104
103
43
44
43
44
48
56
74
96
55
53
61
62
41
42
40
40
40
40
47
110
108
49
37
44
43
44
43
43
43
41
37
99
127
101
53
37
43
44
43
43
43
43
39
57
127
127
106
50
44
42
42
43
43
44
43
40
121
127
127
126
44
42
43
45
45
43
43
38
78
127
127
127
43
42
46
47
44
44
43
41
49
127
127
127
42
41
46
45
43
45
43
43
38
120
127
127
96
92
89
85
83
82
82
83
85
89
92
97
101
98
94
91
89
87
87
88
90
93
97
101
110
106
103
99
96
95
95
96
98
101
105
107
120
117
113
109
106
104
104
104
106
110
113
116
127
127
127
121
118
116
115
115
117
120
122
126
117
125
127
127
127
127
127
127
127
127
127
127
92
100
111
125
127
127
127
127
127
127
127
125
64
65
69
81
106
127
125
116
111
107
103
102
43
42
42
43
46
55
51
49
53
55
57
60
39
38
39
38
37
37
37
33
34
39
41
42
40
40
40
40
40
39
40
35
30
34
37
39
40
41
40
40
40
40
41
39
32
32
37
40
41
40
40
40
40
41
40
40
35
32
33
35
41
40
40
40
41
41
41
41
37
32
32
33
40
40
40
41
41
41
41
40
39
33
32
32
39
39
41
40
40
41
40
40
40
35
32
32
127
127
127
127
127
127
127
127
127
127
127
127
127
127
127
127
127
127
127
127
127
127
127
127
127
127
127
127
127
127
127
127
127
127
127
127
127
127
127
127
127
127
127
127
127
127
127
127
127
127
127
127
127
127
127
127
127
127
127
127
123
127
127
127
127
127
127
127
127
127
127
127
89
99
117
127
127
127
127
127
127
127
127
127
63
64
68
79
114
127
127
123
113
106
102
100
43
43
42
42
47
57
52
48
54
56
58
61
39
39
39
38
37
37
37
32
34
40
42
43
40
41
41
41
40
39
40
36
31
35
38
40
41
42
41
41
41
40
42
40
32
32
37
40
42
40
40
40
42
42
41
41
35
32
33
36
42
40
41
42
43
42
42
42
38
32
32
33
40
40
43
43
42
42
42
41
40
33
32
32
40
40
43
42
41
43
42
40
41
35
32
32
