83
80
77
74
71
71
71
73
75
78
82
84
89
85
82
78
76
75
75
77
79
82
85
89
97
93
89
86
84
82
82
83
85
88
92
96
108
104
100
96
93
92
91
92
94
96
100
103
122
117
113
108
105
103
102
102
104
107
110
113
117
122
127
127
123
119
119
119
120
121
124
125
95
103
112
121
127
127
127
123
126
125
125
123
64
67
72
85
110
127
120
112
109
106
104
103
43
44
43
45
50
57
83
88
50
54
61
63
41
41
40
40
40
40
56
118
97
43
37
44
43
43
43
43
42
41
41
113
127
92
50
36
43
43
43
43
43
44
38
64
127
127
99
50
43
43
44
44
44
44
42
40
120
127
127
123
43
42
43
44
43
43
43
38
71
127
127
127
43
43
43
44
42
42
43
42
42
127
127
127
43
43
43
43
41
42
43
43
36
95
127
127
96
92
88
85
83
82
82
85
87
90
94
96
101
97
93
91
89
87
87
89
91
94
98
101
110
106
103
99
96
95
95
96
98
101
105
109
120
117
113
109
106
104
103
104
106
110
113
116
127
127
127
121
118
116
115
115
117
120
123
127
120
127
127
127
127
127
127
127
127
127
127
127
95
103
115
127
127
127
127
127
127
127
127
124
64
67
71
86
116
127
121
115
110
106
103
101
42
42
42
42
48
56
50
50
54
57
60
61
38
38
37
37
36
37
37
33
35
40
42
42
40
40
40
40
39
39
40
34
32
35
37
38
40
40
40
40
40
41
41
38
32
32
37
40
40
40
41
40
41
41
40
40
35
32
33
35
40
40
41
41
40
40
40
40
37
32
32
33
40
40
41
41
39
39
40
41
39
34
32
32
41
40
41
41
39
39
40
40
40
36
32
32
127
127
127
127
127
127
127
127
127
127
127
127
127
127
127
127
127
127
127
127
127
127
127
127
127
127
127
127
127
127
127
127
127
127
127
127
127
127
127
127
127
127
127
127
127
127
127
127
127
127
127
127
127
127
127
127
127
127
127
127
127
127
127
127
127
127
127
127
127
127
127
127
91
103
123
127
127
127
127
127
127
127
127
126
64
65
70
86
126
127
127
120
111
105
101
100
43
43
42
42
50
58
50
50
54
57
59
61
39
39
39
37
37
37
36
33
36
40
43
43
40
40
40
41
40
40
40
34
32
35
38
39
41
40
41
41
41
42
42
39
32
32
37
41
41
40
42
41
42
42
40
40
36
32
33
35
40
40
42
42
41
41
41
41
38
32
32
33
41
40
42
42
40
40
41
41
40
34
32
32
42
41
42
41
40
40
40
41
40
37
32
32
