83
80
77
74
71
71
71
73
75
78
82
86
89
85
82
78
76
75
75
77
79
82
86
90
97
93
89
86
84
82
82
83
85
89
92
96
107
103
99
96
93
91
91
92
94
98
101
104
121
116
112
107
104
103
102
102
104
106
110
115
123
127
127
127
121
118
119
118
120
120
123
125
102
110
120
127
127
127
124
125
124
123
123
121
66
71
82
102
125
126
114
109
107
105
103
101
44
44
45
47
55
76
96
53
54
61
62
66
41
41
40
40
40
48
117
103
45
36
44
47
43
43
43
43
42
38
109
127
94
47
37
40
43
43
43
45
44
40
65
127
127
95
47
42
44
43
43
44
45
42
46
127
127
127
107
45
43
43
43
44
43
42
37
100
127
127
127
113
44
45
44
43
42
43
37
68
127
127
127
127
46
45
43
43
42
43
40
47
127
127
127
127
96
92
88
85
83
82
82
84
86
91
95
99
101
97
93
91
89
87
87
89
91
95
99
103
110
106
103
99
96
95
95
96
98
101
105
109
120
117
113
108
106
104
103
104
106
110
113
117
127
127
125
120
117
115
114
115
118
120
123
127
127
127
127
127
127
127
127
127
127
127
127
127
102
113
127
127
127
127
127
127
127
127
125
122
66
71
82
105
127
127
116
111
108
105
103
101
42
42
43
45
54
52
48
53
56
58
62
64
38
38
37
36
37
37
32
34
39
41
41
43
40
40
40
40
39
40
34
31
35
37
37
37
40
40
40
40
41
41
39
32
33
37
40
40
41
40
40
40
41
40
40
35
31
33
36
40
40
40
40
41
40
40
40
37
31
32
33
36
41
40
40
41
40
40
40
38
33
32
32
33
42
40
40
40
40
40
40
38
33
32
32
32
127
127
127
127
127
127
127
127
127
127
127
127
127
127
127
127
127
127
127
127
127
127
127
127
127
127
127
127
127
127
127
127
127
127
127
127
127
127
127
127
127
127
127
127
127
127
127
127
127
127
127
127
127
127
127
127
127
127
127
127
127
127
127
127
127
127
127
127
127
127
127
127
102
120
127
127
127
127
127
127
127
127
127
120
65
68
81
113
127
127
125
114
106
102
101
101
43
43
43
45
57
54
48
54
56
57
61
65
39
40
38
36
37
37
32
34
40
42
42
45
40
41
41
41
40
40
35
31
35
38
38
39
41
40
40
42
42
42
39
32
32
37
41
42
42
41
41
41
42
41
40
34
31
33
37
41
41
42
42
42
41
40
40
37
31
32
33
36
42
42
42
42
40
40
40
39
33
32
32
33
43
43
41
41
40
41
41
39
33
32
32
32
