83
80
77
74
71
71
71
73
75
79
83
86
89
85
82
78
76
75
75
77
79
83
87
90
97
93
89
86
84
82
82
83
85
89
93
96
106
103
99
96
93
91
91
92
94
97
101
104
120
116
111
107
104
102
102
102
104
107
112
116
125
127
127
126
120
119
119
118
120
122
124
125
106
114
123
127
127
127
124
125
124
123
123
120
68
75
88
109
127
123
111
110
107
104
103
101
43
45
45
49
58
97
73
50
58
62
64
67
41
40
40
40
38
85
127
62
35
43
46
46
43
43
43
43
37
69
127
117
56
36
40
40
43
43
43
43
42
49
127
127
113
47
41
42
43
43
43
43
44
43
127
127
127
110
43
39
43
44
43
43
44
40
113
127
127
127
101
43
44
44
44
43
43
39
92
127
127
127
127
92
46
45
43
43
43
38
76
127
127
127
127
127
96
92
88
85
83
82
82
84
86
90
94
98
101
97
93
91
89
87
87
89
91
95
99
103
110
106
102
99
96
95
95
96
99
103
106
110
120
116
112
108
106
103
103
105
107
110
114
117
127
127
124
120
117
115
114
115
118
120
124
127
127
127
127
127
127
127
127
127
127
127
127
127
106
119
127
127
127
127
127
127
127
127
123
120
68
74
88
113
127
123
115
110
106
104
102
101
42
43
43
47
55
50
50
54
56
59
62
65
38
38
37
37
38
34
32
38
40
41
43
43
40
40
40
40
40
37
30
34
37
39
38
37
40
40
40
40
40
39
33
32
36
40
40
40
40
40
40
40
41
41
34
32
32
37
40
40
40
41
40
40
40
41
36
32
32
33
37
40
40
41
40
40
40
41
37
32
32
32
33
37
41
42
41
40
40
40
37
32
32
32
32
33
127
127
127
127
127
127
127
127
127
127
127
127
127
127
127
127
127
127
127
127
127
127
127
127
127
127
127
127
127
127
127
127
127
127
127
127
127
127
127
127
127
127
127
127
127
127
127
127
127
127
127
127
127
127
127
127
127
127
127
127
127
127
127
127
127
127
127
127
127
127
127
127
109
127
127
127
127
127
127
127
127
127
125
118
66
72
89
123
127
127
120
112
105
103
101
100
43
43
43
48
57
50
51
55
57
59
63
66
39
39
37
37
38
34
32
38
41
42
43
44
40
40
41
40
40
37
30
34
38
40
39
37
41
40
41
40
41
40
33
32
37
41
41
40
41
41
40
40
42
42
34
32
33
37
40
41
41
42
41
41
41
42
36
32
32
33
37
40
42
42
41
41
41
42
37
32
32
32
33
37
43
43
42
41
41
41
38
32
32
32
32
33
