83
80
77
74
71
71
71
74
76
79
83
85
89
85
82
78
76
75
75
77
79
83
87
90
97
93
89
86
84
82
82
83
85
89
93
97
106
103
99
96
92
91
91
92
94
97
101
104
120
116
111
106
104
102
101
102
104
108
112
118
127
127
127
124
120
119
118
118
120
122
124
125
109
118
126
127
127
126
126
125
124
123
123
120
70
78
93
114
127
119
110
109
107
104
103
101
43
44
46
49
74
99
53
55
60
62
65
68
41
40
40
37
51
127
90
37
41
44
46
47
43
43
43
40
47
127
127
64
36
40
41
40
43
44
44
41
48
127
127
123
47
41
44
44
44
45
44
41
48
127
127
127
100
37
43
43
44
45
44
40
49
127
127
127
127
75
37
43
44
44
43
40
50
127
127
127
127
127
58
41
43
43
43
40
51
127
127
127
127
127
91
39
96
92
88
85
83
82
82
85
88
92
96
99
101
97
93
91
89
87
87
89
92
96
99
103
110
106
103
99
96
95
95
96
99
102
106
110
120
116
112
108
106
103
103
105
107
110
114
117
127
127
123
120
116
115
114
116
118
121
125
127
127
127
127
127
127
127
127
127
127
127
127
127
111
123
127
127
127
127
127
127
127
126
123
119
69
78
93
120
127
122
113
110
106
104
103
100
42
42
43
49
54
49
52
55
57
61
64
67
39
38
37
37
37
32
35
40
40
41
43
44
40
40
40
40
38
33
33
37
38
37
37
37
40
40
41
41
40
33
32
34
40
40
40
40
40
41
41
40
40
33
32
32
37
41
40
40
40
41
41
40
40
33
32
32
33
38
40
40
40
41
41
40
40
33
32
32
32
34
40
40
41
41
40
40
40
33
32
32
32
33
37
40
127
127
127
127
127
127
127
127
127
127
127
127
127
127
127
127
127
127
127
127
127
127
127
127
127
127
127
127
127
127
127
127
127
127
127
127
127
127
127
127
127
127
127
127
127
127
127
127
127
127
127
127
127
127
127
127
127
127
127
127
127
127
127
127
127
127
127
127
127
127
127
127
116
127
127
127
127
127
127
127
127
127
123
116
68
76
96
127
127
127
119
110
104
102
101
101
43
42
43
50
57
49
52
56
57
60
64
68
40
38
37
37
37
31
34
40
40
42
44
46
41
40
41
41
39
33
33
38
39
38
39
38
40
41
42
42
40
33
31
35
41
41
42
41
41
42
42
41
40
33
32
32
37
42
42
40
41
42
42
41
40
33
32
32
33
39
42
41
41
42
42
41
40
33
32
32
32
35
40
41
42
42
41
40
40
33
32
32
32
33
38
40
