83
80
77
74
71
71
71
73
75
78
82
86
89
85
82
78
76
75
75
77
79
82
86
90
97
93
89
86
84
82
82
83
85
89
92
96
106
103
99
96
93
91
91
92
94
98
101
105
119
115
111
107
104
102
102
102
103
108
115
122
127
127
127
125
120
119
119
118
120
123
125
125
113
121
127
127
127
127
127
124
124
123
122
118
73
82
94
113
127
118
111
109
106
104
102
101
43
45
42
57
105
60
54
57
61
64
69
72
40
38
33
98
127
47
39
43
43
45
48
49
41
40
72
127
127
46
40
41
40
40
40
40
40
55
127
127
127
43
41
42
43
44
43
43
47
123
127
127
116
40
42
43
43
45
45
44
112
127
127
127
106
37
43
44
43
43
44
44
127
127
127
127
96
37
43
45
44
43
43
43
127
127
127
127
90
37
43
45
45
44
42
43
96
92
88
85
83
82
82
84
86
90
94
99
101
97
93
91
89
87
87
89
91
95
99
103
110
106
103
99
96
95
95
96
98
102
106
109
120
116
113
108
106
103
103
104
106
110
114
117
127
127
123
120
117
115
114
115
118
120
125
127
127
127
127
127
127
127
127
127
127
127
127
126
118
127
127
127
127
127
127
127
127
125
121
117
72
82
96
119
127
122
113
108
105
103
102
102
42
42
43
48
52
51
52
55
59
64
67
71
37
37
37
32
32
37
38
40
40
43
44
46
40
40
38
32
33
39
39
38
38
37
37
37
40
40
33
31
35
40
40
40
40
41
41
40
40
36
32
32
34
40
40
40
40
41
40
40
36
33
32
32
34
40
41
41
40
40
40
40
33
32
32
32
36
40
41
42
40
40
40
40
32
32
32
32
37
40
41
41
40
41
40
40
127
127
127
127
127
127
127
127
127
127
127
127
127
127
127
127
127
127
127
127
127
127
127
127
127
127
127
127
127
127
127
127
127
127
127
127
127
127
127
127
127
127
127
127
127
127
127
127
127
127
127
127
127
127
127
127
127
127
127
127
127
127
127
127
127
127
127
127
127
127
127
127
127
127
127
127
127
127
127
127
127
127
119
115
70
81
100
127
127
127
116
107
103
103
102
102
42
43
43
49
54
52
54
56
60
63
68
71
38
39
37
32
31
37
39
40
42
43
45
47
40
41
39
33
33
40
40
39
39
39
38
37
41
40
34
31
35
41
40
40
41
42
41
41
41
36
32
32
35
40
41
40
41
42
42
42
36
33
32
32
35
40
41
42
41
41
41
41
33
32
32
32
36
40
41
43
41
42
41
41
32
32
32
32
38
42
42
43
42
43
40
41
