83
80
77
74
71
71
71
73
75
78
82
85
89
85
82
78
76
75
75
77
79
82
86
89
98
93
89
86
84
82
82
83
85
89
92
96
107
103
99
96
93
92
91
92
94
97
100
104
120
116
111
107
105
103
102
102
104
108
113
121
127
127
127
127
121
119
119
119
120
123
124
126
111
119
125
127
127
127
127
125
124
124
122
119
71
78
89
103
127
124
113
109
106
105
103
102
43
44
41
49
103
67
52
57
61
64
68
72
41
35
38
102
121
47
40
43
44
45
47
49
38
46
88
127
119
40
42
41
41
40
40
40
42
83
127
127
85
39
44
43
43
43
43
43
96
127
127
127
60
40
42
43
41
43
46
44
127
127
127
127
43
40
43
43
42
43
44
45
127
127
127
98
37
41
43
43
44
43
43
44
127
127
127
71
39
40
42
43
47
46
43
43
96
92
88
85
83
82
82
85
87
89
93
98
101
97
93
91
89
87
87
89
91
94
98
102
110
106
103
99
96
95
95
96
98
102
105
108
120
116
113
109
106
104
103
104
106
110
113
116
127
127
124
120
117
116
115
115
118
120
125
127
127
127
127
127
127
127
127
127
127
127
127
127
114
124
127
127
127
127
127
127
127
126
122
118
71
78
90
108
127
127
115
109
106
104
103
102
42
42
43
44
50
53
52
55
58
63
67
71
38
38
37
33
32
37
38
40
41
43
43
46
40
40
37
33
34
39
40
38
38
37
37
37
40
37
33
32
38
41
41
40
40
40
40
40
38
33
32
33
40
40
40
40
39
40
41
41
33
32
32
35
40
39
40
41
40
40
40
41
32
32
32
37
40
37
40
41
41
40
40
41
32
32
32
38
40
37
40
40
42
41
40
41
127
127
127
127
127
127
127
127
127
127
127
127
127
127
127
127
127
127
127
127
127
127
127
127
127
127
127
127
127
127
127
127
127
127
127
127
127
127
127
127
127
127
127
127
127
127
127
127
127
127
127
127
127
127
127
127
127
127
127
127
127
127
127
127
127
127
127
127
127
127
127
127
120
127
127
127
127
127
127
127
127
127
120
116
68
75
92
116
127
127
121
109
103
103
103
102
43
42
43
45
53
55
52
54
58
63
67
71
39
39
37
32
31
37
38
40
41
43
44
47
41
41
37
33
34
40
40
39
40
38
37
37
42
38
33
31
39
42
42
40
41
40
41
41
38
33
32
33
41
41
40
41
40
41
43
42
33
32
32
35
40
40
40
41
40
40
41
43
32
32
32
37
40
38
40
41
42
41
40
42
32
32
32
39
41
38
40
41
43
43
41
41
