83
80
76
74
71
71
71
71
74
77
80
83
89
85
82
79
77
75
75
76
78
82
85
88
98
95
91
87
85
83
82
83
85
89
92
95
107
104
100
96
94
92
92
92
94
97
100
103
120
116
112
108
106
103
103
103
104
106
111
118
125
127
127
127
124
120
120
120
120
121
123
125
106
113
120
126
127
127
127
127
125
124
123
121
68
73
81
92
109
127
119
111
108
106
104
103
44
44
45
38
73
96
53
55
57
62
66
70
41
40
32
59
127
84
37
42
42
44
45
47
41
39
58
120
127
69
38
42
41
41
40
40
40
51
116
127
127
50
40
43
43
43
44
44
50
120
127
127
118
40
41
43
44
43
43
43
120
127
127
127
91
36
43
45
45
44
43
43
127
127
127
127
64
37
44
47
45
44
43
43
127
127
127
127
48
40
43
46
44
43
44
43
96
92
89
85
83
82
82
83
85
89
92
96
101
98
94
91
89
87
87
88
90
93
97
100
110
106
103
99
96
95
95
96
98
101
104
107
120
117
113
109
106
104
104
104
106
110
113
116
127
127
125
121
118
116
116
115
118
120
123
127
127
127
127
127
127
127
127
127
127
127
127
127
106
116
126
127
127
127
127
127
127
127
123
120
68
71
80
95
114
127
123
113
108
105
103
102
42
43
43
44
45
53
53
52
56
61
64
68
38
38
38
36
30
35
37
39
39
41
43
45
40
40
39
35
32
37
40
39
38
37
37
37
40
40
35
31
33
40
40
40
40
40
40
40
40
36
32
32
36
40
40
40
41
41
40
40
36
33
32
33
37
40
40
40
41
41
41
41
33
32
32
33
39
40
40
41
41
41
41
41
32
32
32
33
39
40
40
41
40
41
40
41
127
127
127
127
127
127
127
127
127
127
127
127
127
127
127
127
127
127
127
127
127
127
127
127
127
127
127
127
127
127
127
127
127
127
127
127
127
127
127
127
127
127
127
127
127
127
127
127
127
127
127
127
127
127
127
127
127
127
127
127
127
127
127
127
127
127
127
127
127
127
127
127
109
124
127
127
127
127
127
127
127
127
124
117
66
71
79
97
124
127
127
117
106
103
102
103
43
42
42
43
45
55
54
53
56
60
64
69
39
39
39
36
30
35
37
39
40
42
43
46
40
41
40
36
32
38
40
40
39
38
37
38
41
40
36
31
33
40
41
40
40
41
41
41
41
36
32
32
36
40
40
41
42
41
41
41
36
33
32
33
37
40
40
42
43
42
41
42
33
32
32
33
39
40
41
43
43
42
41
42
32
32
32
33
40
40
41
43
42
42
41
42
