83
80
76
74
71
71
71
72
75
78
80
84
89
85
82
79
77
75
75
76
78
82
85
88
97
95
91
87
85
83
82
83
85
89
92
94
107
104
100
96
94
92
92
92
94
97
100
103
120
116
112
108
106
103
103
103
104
106
110
116
123
127
127
127
126
120
119
120
120
121
123
125
104
111
118
124
127
127
127
127
125
124
123
121
68
71
79
89
103
127
123
112
109
106
104
103
43
44
44
40
55
105
57
54
57
61
65
69
41
42
35
42
111
113
39
41
42
43
46
47
43
40
45
92
127
108
37
42
42
41
41
40
42
42
80
127
127
82
39
43
44
43
44
43
33
76
127
127
127
66
40
43
43
44
44
43
76
127
127
127
127
54
40
43
43
46
44
43
127
127
127
127
127
45
41
43
44
45
44
43
127
127
127
127
115
39
42
43
43
43
44
43
96
92
89
85
83
82
82
83
85
89
92
96
101
98
94
91
89
87
87
88
90
93
97
100
110
106
103
99
96
95
95
96
98
101
104
107
120
117
113
109
106
105
104
105
107
110
112
116
127
127
126
121
119
116
116
116
117
120
123
127
127
127
127
127
127
127
127
127
127
127
127
127
104
113
123
127
127
127
127
127
127
127
124
121
66
71
78
91
108
127
127
115
109
106
103
103
42
42
42
43
44
50
54
52
55
59
64
68
38
38
38
37
31
33
38
37
40
41
43
44
40
40
40
37
32
35
40
39
39
38
37
37
40
41
38
33
32
37
41
40
40
40
40
40
40
38
33
32
33
39
41
41
40
41
40
41
37
33
32
32
33
40
40
40
41
41
40
40
34
32
32
32
35
40
40
40
41
41
40
40
32
32
32
32
35
40
40
40
41
41
41
40
127
127
127
127
127
127
127
127
127
127
127
127
127
127
127
127
127
127
127
127
127
127
127
127
127
127
127
127
127
127
127
127
127
127
127
127
127
127
127
127
127
127
127
127
127
127
127
127
127
127
127
127
127
127
127
127
127
127
127
127
127
127
127
127
127
127
127
127
127
127
127
127
104
120
127
127
127
127
127
127
127
127
126
119
65
69
76
92
116
127
127
120
109
103
102
103
43
43
43
43
44
53
55
52
55
60
64
68
39
40
39
37
30
32
37
38
40
42
43
45
40
42
41
37
32
35
40
40
40
40
38
38
40
42
39
33
31
38
42
41
42
42
41
41
40
38
33
32
33
40
41
41
41
42
42
42
38
33
32
32
33
40
41
40
42
42
41
41
34
32
32
32
35
41
41
40
42
42
41
41
32
32
32
32
35
41
40
40
42
42
42
40
