83
80
77
74
71
71
71
72
75
78
81
82
89
85
82
79
77
75
75
76
78
82
85
87
97
94
90
87
85
83
83
83
85
89
92
94
107
104
100
96
94
92
92
92
94
97
100
103
121
117
113
109
106
104
103
103
104
107
110
114
121
126
127
127
127
123
119
120
120
121
123
125
100
107
114
121
127
127
127
127
127
125
124
123
65
68
75
85
97
117
127
115
110
107
105
103
44
43
45
45
40
85
88
50
57
60
63
67
41
40
41
34
52
127
84
36
43
43
44
46
43
43
40
43
104
127
89
37
42
41
40
40
43
43
39
75
127
127
92
37
43
43
43
44
44
40
51
127
127
127
95
37
44
43
44
43
40
43
109
127
127
127
99
38
44
43
43
43
41
80
127
127
127
127
103
39
44
43
43
43
46
127
127
127
127
127
107
40
44
44
43
43
96
92
89
85
83
82
82
83
85
88
92
95
101
98
94
91
89
87
87
88
90
92
96
99
110
106
103
99
96
95
95
96
98
100
104
106
120
117
113
110
106
105
104
105
107
110
113
115
127
127
127
122
119
116
116
116
117
120
123
126
126
127
127
127
127
127
127
127
127
127
127
127
100
109
119
127
127
127
127
127
127
127
127
123
65
68
74
85
99
123
127
119
110
106
104
103
42
42
42
43
43
48
54
51
53
57
61
64
38
38
37
37
36
30
35
37
38
40
42
43
40
40
40
40
37
30
36
40
39
38
37
37
40
40
40
39
33
32
37
40
40
40
40
41
41
41
40
34
32
32
37
40
40
40
40
40
40
40
36
32
32
32
37
41
41
40
40
40
40
37
33
32
32
32
37
41
41
41
40
40
40
34
32
32
32
32
37
41
41
42
40
41
127
127
127
127
127
127
127
127
127
127
127
127
127
127
127
127
127
127
127
127
127
127
127
127
127
127
127
127
127
127
127
127
127
127
127
127
127
127
127
127
127
127
127
127
127
127
127
127
127
127
127
127
127
127
127
127
127
127
127
127
127
127
127
127
127
127
127
127
127
127
127
127
99
113
127
127
127
127
127
127
127
127
127
122
65
68
71
84
105
127
127
127
113
104
102
103
43
43
42
43
44
50
55
52
54
57
61
65
39
39
38
38
36
30
34
37
39
41
43
44
40
40
40
41
37
30
36
40
40
40
38
38
41
41
41
39
33
31
37
40
40
41
40
42
42
42
40
34
32
32
37
42
41
41
42
41
40
40
37
32
32
32
37
42
42
41
41
41
40
37
33
32
32
32
37
42
42
42
40
41
40
34
32
32
32
31
37
43
43
43
41
42
