83
80
77
74
71
71
71
71
74
76
80
82
89
85
82
79
77
75
75
76
78
81
84
87
97
94
90
87
85
83
83
84
85
88
91
94
107
104
99
96
94
92
92
92
94
96
100
103
121
117
113
109
106
104
103
103
105
106
110
113
119
123
126
127
127
123
120
120
121
122
123
125
96
103
111
118
124
127
127
127
127
126
125
124
64
67
72
80
93
110
127
119
112
108
106
104
43
44
43
44
46
49
106
64
52
58
61
64
41
41
40
40
39
44
127
85
36
43
43
45
43
43
43
44
40
64
127
127
44
39
40
41
43
43
43
45
38
89
127
127
73
38
43
44
44
44
43
43
39
119
127
127
124
40
43
43
43
43
43
40
47
127
127
127
127
69
40
44
41
43
43
37
67
127
127
127
127
115
44
43
41
43
42
35
85
127
127
127
127
127
55
40
96
92
89
85
83
82
82
83
85
89
92
95
101
98
94
91
89
87
87
88
90
93
96
99
110
106
103
99
98
95
95
96
98
100
104
106
120
117
113
110
107
105
104
105
107
110
113
115
127
127
127
122
119
117
116
116
117
120
123
125
121
127
127
127
127
127
127
127
127
127
127
127
96
104
113
124
127
127
127
127
127
127
127
126
64
67
71
80
94
115
127
123
113
108
105
103
42
42
43
43
43
47
52
51
52
55
59
63
38
38
38
37
37
36
31
34
38
40
41
43
40
40
40
40
41
38
30
33
39
39
37
37
40
40
40
41
41
37
32
33
39
40
40
40
40
40
40
40
40
35
32
32
35
41
41
41
40
40
40
40
39
33
32
32
33
38
41
40
40
40
40
39
37
32
32
32
32
35
40
40
39
40
39
39
37
32
32
32
32
33
39
40
127
127
127
127
127
127
127
127
127
127
127
127
127
127
127
127
127
127
127
127
127
127
127
127
127
127
127
127
127
127
127
127
127
127
127
127
127
127
127
127
127
127
127
127
127
127
127
127
127
127
127
127
127
127
127
127
127
127
127
127
127
127
127
127
127
127
127
127
127
127
127
127
93
105
121
127
127
127
127
127
127
127
127
127
64
65
69
78
96
126
127
127
117
106
103
103
43
43
42
43
43
47
54
52
53
56
60
63
39
39
39
39
37
36
30
34
39
40
42
43
40
40
40
42
42
39
30
34
40
40
38
39
41
41
41
42
42
38
32
33
39
41
40
42
42
42
40
41
40
35
32
32
36
42
42
42
40
41
41
40
40
34
32
32
33
40
42
41
40
41
40
40
38
33
32
32
32
35
41
41
40
41
40
40
37
33
32
32
32
33
40
41
