83
80
77
74
71
71
71
71
74
78
81
82
89
85
82
79
77
75
75
76
78
82
84
87
97
94
90
87
85
83
83
84
85
88
91
94
107
105
100
96
94
92
92
92
94
96
100
103
121
117
113
109
106
104
103
103
105
106
110
113
118
123
126
127
127
123
120
120
121
122
123
125
96
103
111
118
124
127
127
127
127
127
125
124
64
67
71
80
93
110
127
117
111
109
106
104
43
44
43
44
46
49
103
68
50
58
61
64
41
42
40
40
40
38
126
103
36
41
44
45
43
43
43
43
43
44
127
127
62
37
41
40
44
43
43
43
41
51
127
127
114
42
42
43
42
42
44
44
40
61
127
127
127
76
38
43
43
43
44
44
39
72
127
127
127
127
51
40
45
44
44
44
37
86
127
127
127
127
94
43
47
44
43
44
37
96
127
127
127
127
127
50
96
92
89
85
83
82
82
83
85
88
92
95
101
98
94
91
89
87
87
88
90
92
96
99
110
106
103
99
98
95
95
96
98
100
104
106
120
117
113
110
107
105
104
105
107
110
113
115
127
127
127
122
119
117
116
116
117
120
123
125
121
127
127
127
127
127
127
127
127
127
127
127
96
103
113
124
127
127
127
127
127
127
127
126
64
67
71
80
94
116
127
123
113
108
105
103
42
42
42
43
43
47
52
51
52
55
59
63
38
39
38
37
37
37
32
33
38
40
40
43
40
40
40
40
40
40
32
32
38
39
38
37
40
40
40
40
40
40
33
32
36
41
40
40
40
40
40
40
40
40
32
32
32
39
41
40
40
40
41
41
40
39
32
32
32
34
40
41
41
40
42
41
40
37
32
32
32
32
37
41
42
41
41
42
41
36
32
32
32
31
34
41
127
127
127
127
127
127
127
127
127
127
127
127
127
127
127
127
127
127
127
127
127
127
127
127
127
127
127
127
127
127
127
127
127
127
127
127
127
127
127
127
127
127
127
127
127
127
127
127
127
127
127
127
127
127
127
127
127
127
127
127
127
127
127
127
127
127
127
127
127
127
127
127
92
104
121
127
127
127
127
127
127
127
127
127
64
65
69
78
97
126
127
127
117
106
103
103
43
43
42
43
43
48
54
52
53
56
60
63
39
40
39
38
37
37
32
33
39
40
42
43
40
41
41
40
41
40
32
32
38
40
39
38
41
41
41
41
40
40
33
32
36
42
41
40
40
40
42
42
41
40
32
32
32
40
42
40
40
41
42
41
41
40
32
32
32
35
41
41
42
41
42
42
41
38
32
32
32
32
38
42
43
42
42
43
42
37
32
32
32
31
35
42
