83
80
77
74
71
71
71
71
74
78
81
84
89
85
82
79
77
75
75
76
78
81
85
88
97
94
90
87
85
83
83
83
85
88
92
94
107
105
100
96
94
92
92
92
94
97
100
103
121
117
113
109
106
104
103
103
104
107
110
113
120
124
127
127
126
121
119
120
120
121
123
125
98
105
113
120
127
127
127
127
127
125
125
123
64
68
74
83
97
120
127
113
110
108
105
103
43
44
44
45
46
57
107
56
54
59
62
65
41
41
41
40
39
41
127
96
37
41
45
46
43
43
43
43
43
40
127
127
71
37
40
41
43
43
42
43
43
40
127
127
127
52
42
45
43
43
43
44
43
40
124
127
127
116
43
40
43
43
44
44
43
39
118
127
127
127
95
39
43
43
44
44
43
39
112
127
127
127
127
78
43
43
43
43
42
40
108
127
127
127
127
127
96
92
89
85
83
82
82
83
85
88
92
95
101
98
94
91
89
87
87
88
90
92
96
99
110
106
103
99
96
95
95
96
98
100
104
106
120
117
113
110
106
105
104
105
107
110
113
115
127
127
127
122
119
116
116
116
118
120
123
126
123
127
127
127
127
127
127
127
127
127
127
127
96
106
116
127
127
127
127
127
127
127
127
124
64
67
72
83
99
124
127
118
111
106
105
103
42
42
42
43
43
50
52
51
54
56
61
64
38
39
38
37
37
37
32
33
39
40
41
43
40
40
40
40
40
39
32
32
37
39
38
37
40
40
40
40
40
40
34
31
34
39
41
40
40
40
40
41
40
40
35
32
32
35
40
40
41
40
40
41
40
40
36
32
32
33
37
40
40
40
40
41
40
40
37
32
32
32
33
38
40
40
41
41
39
41
37
31
32
32
32
35
127
127
127
127
127
127
127
127
127
127
127
127
127
127
127
127
127
127
127
127
127
127
127
127
127
127
127
127
127
127
127
127
127
127
127
127
127
127
127
127
127
127
127
127
127
127
127
127
127
127
127
127
127
127
127
127
127
127
127
127
127
127
127
127
127
127
127
127
127
127
127
127
95
108
126
127
127
127
127
127
127
127
127
124
64
66
70
83
105
127
127
127
113
106
103
102
43
43
42
43
43
52
54
51
54
57
60
64
40
39
39
37
37
37
30
33
39
41
43
43
41
40
41
40
41
40
32
32
37
40
40
38
40
41
40
41
41
41
35
31
34
40
42
41
41
40
41
42
42
41
35
31
32
36
41
41
41
40
42
42
42
41
36
32
32
33
37
41
41
40
42
42
40
41
37
32
32
32
33
38
40
40
41
41
40
42
37
31
32
32
32
35
