83
80
76
74
71
71
71
71
74
77
82
83
89
85
82
79
77
75
75
76
78
82
85
88
98
94
90
87
85
82
82
83
85
89
92
95
107
103
99
96
94
92
92
92
94
97
100
103
120
116
112
108
106
103
103
103
104
106
110
116
123
127
127
127
124
120
120
120
120
121
124
126
104
111
118
125
127
127
127
127
125
124
124
123
68
71
79
92
109
127
118
111
108
106
104
103
44
43
44
44
49
108
60
54
58
61
64
68
42
40
40
36
53
127
75
37
43
43
45
46
43
43
43
38
82
127
115
39
40
41
40
39
43
43
42
40
114
127
127
56
39
43
42
43
43
43
40
50
127
127
127
92
37
41
43
44
43
43
39
75
127
127
127
127
44
40
44
46
43
41
40
110
127
127
127
127
71
39
43
45
43
41
42
127
127
127
127
127
100
39
42
43
96
92
89
85
83
82
82
83
85
89
92
96
101
98
94
91
89
87
87
88
90
93
97
100
110
106
103
99
96
95
95
96
98
101
104
107
120
117
113
109
106
104
104
104
106
110
113
116
127
127
126
121
118
116
115
115
118
120
123
127
127
127
127
127
127
127
127
127
127
127
127
127
104
114
124
127
127
127
127
127
127
127
124
122
66
71
79
93
114
127
123
113
108
106
103
103
42
43
43
43
47
52
52
52
54
59
64
67
39
38
37
37
35
31
35
39
40
41
42
43
40
40
40
40
37
30
34
40
39
37
37
37
40
40
40
40
37
31
33
40
40
40
40
40
41
41
40
40
33
32
32
37
40
39
40
41
41
40
40
38
33
32
32
34
39
39
40
41
41
39
40
36
32
32
32
33
38
40
40
40
40
39
40
34
32
32
32
32
37
40
40
40
127
127
127
127
127
127
127
127
127
127
127
127
127
127
127
127
127
127
127
127
127
127
127
127
127
127
127
127
127
127
127
127
127
127
127
127
127
127
127
127
127
127
127
127
127
127
127
127
127
127
127
127
127
127
127
127
127
127
127
127
127
127
127
127
127
127
127
127
127
127
127
127
104
121
127
127
127
127
127
127
127
127
126
119
65
69
78
96
124
127
127
118
107
103
102
103
43
43
43
43
48
54
53
53
55
59
64
68
40
40
38
37
36
30
34
39
40
42
43
44
41
41
40
41
38
30
34
40
40
39
37
37
41
41
40
41
37
31
33
40
41
40
40
41
41
42
40
40
33
32
32
38
40
40
41
42
42
41
41
39
33
32
32
35
40
40
42
43
42
40
41
37
32
32
32
33
39
40
41
42
41
40
40
34
32
32
32
32
38
41
40
40
