83
80
76
74
71
71
71
71
74
77
80
83
89
85
82
79
77
75
75
76
78
82
85
88
98
94
90
87
85
82
82
83
85
89
92
95
107
103
99
96
94
92
92
92
94
97
100
103
120
116
112
108
106
103
103
103
104
106
110
116
123
127
127
127
124
120
120
120
120
121
124
126
104
112
120
125
127
127
127
127
125
124
124
123
68
71
80
92
109
127
118
111
108
106
104
103
43
43
44
44
50
108
58
54
57
61
65
69
40
40
41
35
62
127
62
38
43
43
46
47
43
43
43
39
100
127
92
37
42
41
40
40
43
43
41
50
127
127
127
42
43
43
43
43
43
43
38
77
127
127
127
60
40
43
43
45
43
42
40
122
127
127
127
88
38
43
43
44
43
40
63
127
127
127
127
121
43
42
43
43
45
39
90
127
127
127
127
127
52
41
43
44
96
92
89
85
83
82
82
83
85
89
92
96
101
98
94
91
89
87
87
88
90
93
97
100
110
106
103
99
96
95
95
96
98
101
104
107
120
117
113
109
106
104
104
104
106
110
113
116
127
127
126
121
118
116
115
115
118
120
123
127
127
127
127
127
127
127
127
127
127
127
127
127
105
115
125
127
127
127
127
127
127
127
125
121
67
71
80
93
114
127
123
113
108
106
103
103
42
43
43
43
47
52
52
52
56
60
64
67
38
38
37
37
35
31
36
39
39
41
43
44
40
40
40
40
37
30
36
40
38
37
37
37
40
40
40
40
34
31
35
40
40
40
40
40
40
40
40
37
32
32
33
40
41
40
40
41
40
40
40
34
32
32
32
38
41
40
40
40
40
40
38
33
32
32
32
36
41
40
40
40
42
40
37
32
32
32
32
34
40
41
40
41
127
127
127
127
127
127
127
127
127
127
127
127
127
127
127
127
127
127
127
127
127
127
127
127
127
127
127
127
127
127
127
127
127
127
127
127
127
127
127
127
127
127
127
127
127
127
127
127
127
127
127
127
127
127
127
127
127
127
127
127
127
127
127
127
127
127
127
127
127
127
127
127
105
121
127
127
127
127
127
127
127
127
126
119
65
69
78
96
124
127
127
118
107
103
102
103
43
43
43
43
47
54
54
53
55
59
64
68
39
39
39
38
35
30
36
39
40
42
43
45
40
40
41
42
37
30
36
40
39
39
38
38
41
41
41
41
34
31
35
41
41
41
41
41
40
41
41
38
32
32
33
40
42
41
40
43
40
40
41
35
32
32
33
39
42
40
40
42
41
40
39
33
32
32
31
36
42
41
40
42
43
41
37
32
32
32
31
34
41
42
40
42
