83
80
76
74
71
71
71
71
74
77
80
83
89
85
82
79
77
75
75
76
78
82
85
88
97
94
90
87
85
83
82
83
85
89
92
95
107
103
99
96
94
92
92
92
94
97
100
103
120
116
112
108
106
103
103
103
104
106
110
116
123
127
127
127
124
120
120
120
120
121
123
125
104
111
118
125
127
127
127
127
125
124
123
122
68
71
79
91
108
127
120
112
109
106
104
103
44
44
44
43
51
108
58
54
57
61
65
69
42
41
40
34
68
127
56
39
43
44
46
47
43
43
42
40
113
127
79
37
42
41
41
39
43
43
40
60
127
127
110
39
44
43
43
42
43
43
38
105
127
127
127
45
43
43
42
43
44
40
55
127
127
127
127
60
38
43
43
42
44
42
96
127
127
127
127
83
37
43
43
42
43
46
127
127
127
127
127
103
37
42
43
43
96
92
89
85
83
82
82
83
85
89
92
96
101
98
94
91
89
87
87
88
90
93
97
100
110
106
103
99
96
95
95
96
98
101
104
107
120
117
113
109
106
104
104
104
106
110
113
116
127
127
126
121
118
116
115
115
118
120
123
127
127
127
127
127
127
127
127
127
127
127
127
127
105
115
124
127
127
127
127
127
127
127
125
121
67
71
79
93
113
127
124
113
108
106
103
103
42
42
43
43
47
52
52
52
54
59
63
68
38
39
37
37
34
31
36
38
40
41
43
44
40
40
40
40
35
30
37
40
39
38
38
37
40
40
40
39
33
32
37
41
40
40
40
40
40
41
42
37
32
32
34
40
40
40
40
40
41
41
40
33
32
32
33
39
40
40
40
40
42
41
37
32
32
32
32
37
39
40
41
39
41
41
34
32
32
32
32
36
39
40
40
40
127
127
127
127
127
127
127
127
127
127
127
127
127
127
127
127
127
127
127
127
127
127
127
127
127
127
127
127
127
127
127
127
127
127
127
127
127
127
127
127
127
127
127
127
127
127
127
127
127
127
127
127
127
127
127
127
127
127
127
127
127
127
127
127
127
127
127
127
127
127
127
127
106
121
127
127
127
127
127
127
127
127
126
119
65
69
78
96
123
127
127
118
106
103
102
103
43
43
42
43
47
54
54
53
55
59
64
68
40
39
38
37
34
30
36
39
40
42
44
44
41
40
40
41
36
30
37
40
40
39
39
37
40
41
41
40
33
32
37
42
41
40
41
40
40
42
43
37
32
32
34
42
42
40
40
41
42
41
40
33
32
32
33
40
40
40
41
40
43
41
37
32
32
32
32
38
40
40
41
40
43
42
34
32
32
32
32
37
40
40
40
40
