83
80
76
74
71
71
71
71
74
76
80
84
89
85
82
79
77
75
75
76
78
81
85
88
97
94
90
87
85
83
82
83
85
89
92
94
107
104
100
96
94
92
92
92
94
97
100
103
121
117
113
108
106
103
103
103
104
106
110
116
123
127
127
127
125
120
119
120
120
121
124
126
103
110
117
123
127
127
127
127
126
125
124
123
67
71
78
89
103
127
123
113
110
106
105
103
44
43
44
45
43
103
68
53
57
61
64
68
41
40
40
35
57
127
68
37
43
44
45
47
43
43
42
40
104
127
88
37
43
41
40
40
43
43
40
60
127
127
110
37
43
43
42
43
43
43
38
111
127
127
127
41
43
44
42
43
43
40
67
127
127
127
127
50
40
43
42
43
41
47
115
127
127
127
127
65
38
41
42
43
39
59
127
127
127
127
127
78
37
41
42
44
96
92
89
85
83
82
82
83
85
89
92
96
101
98
94
91
89
87
87
88
90
93
97
100
110
106
103
99
96
95
95
96
98
101
104
107
120
117
113
109
106
105
104
105
107
110
112
116
127
127
127
121
119
116
116
116
117
120
123
127
127
127
127
127
127
127
127
127
127
127
127
127
103
112
123
127
127
127
127
127
127
127
125
122
66
70
77
89
107
127
127
115
110
105
103
103
42
42
42
43
45
50
53
52
54
58
63
67
39
38
37
37
35
30
36
38
39
41
43
43
40
40
40
40
36
30
36
40
39
38
37
37
40
40
40
40
33
32
37
40
40
40
39
40
40
40
40
36
32
32
34
40
40
40
40
40
40
41
39
33
32
32
33
39
40
40
39
40
40
40
37
32
32
32
32
37
40
40
39
41
40
40
33
32
32
32
32
37
40
39
39
42
127
127
127
127
127
127
127
127
127
127
127
127
127
127
127
127
127
127
127
127
127
127
127
127
127
127
127
127
127
127
127
127
127
127
127
127
127
127
127
127
127
127
127
127
127
127
127
127
127
127
127
127
127
127
127
127
127
127
127
127
127
127
127
127
127
127
127
127
127
127
127
127
102
117
127
127
127
127
127
127
127
127
127
120
65
68
75
92
116
127
127
121
110
103
103
103
43
43
43
43
46
53
54
52
54
59
63
67
40
39
38
38
35
30
35
38
40
42
43
44
41
40
40
41
37
30
37
40
40
39
37
37
41
40
41
40
33
32
37
41
41
41
40
40
40
42
41
37
32
32
34
41
41
41
40
41
40
42
40
33
32
32
33
40
41
40
40
41
40
41
37
32
32
32
33
38
41
40
40
42
40
40
33
32
32
32
33
38
40
39
40
43
