83
80
76
74
71
71
71
72
75
78
80
84
89
85
82
79
77
75
75
76
78
82
85
88
97
94
90
87
85
83
82
83
85
89
92
94
107
104
100
96
94
92
92
92
94
97
100
103
121
117
113
108
106
103
103
103
104
106
110
115
123
127
127
127
126
120
119
120
120
121
124
125
102
110
116
123
127
127
127
127
126
125
124
123
66
70
77
88
102
125
125
113
110
106
105
103
43
44
44
46
42
98
75
52
57
61
64
68
41
41
40
37
49
127
82
36
43
43
44
47
43
44
43
38
89
127
106
37
41
41
40
40
43
44
42
50
127
127
127
41
42
43
44
43
43
43
37
90
127
127
127
51
42
43
43
44
43
40
50
127
127
127
127
67
40
44
43
43
43
40
90
127
127
127
127
88
38
44
43
43
41
43
127
127
127
127
127
105
38
43
43
43
96
92
89
85
83
82
82
83
85
88
92
96
101
98
94
91
89
87
87
88
90
93
97
100
110
106
103
99
96
95
95
96
98
101
104
107
120
117
113
109
106
105
104
105
107
110
112
116
127
127
127
121
119
116
116
116
117
120
123
127
127
127
127
127
127
127
127
127
127
127
127
127
102
111
122
127
127
127
127
127
127
127
125
123
66
69
76
89
105
127
127
116
110
106
104
103
42
42
42
43
44
50
54
52
54
58
62
66
38
38
37
37
35
30
35
38
39
40
42
44
40
40
40
40
37
30
35
40
38
37
38
37
40
40
40
40
34
31
35
40
40
40
41
40
40
40
40
37
32
32
33
40
41
40
40
40
40
40
39
34
32
32
33
39
40
40
40
40
40
39
37
32
32
32
33
37
40
40
41
40
40
38
33
32
32
32
32
37
40
40
40
40
127
127
127
127
127
127
127
127
127
127
127
127
127
127
127
127
127
127
127
127
127
127
127
127
127
127
127
127
127
127
127
127
127
127
127
127
127
127
127
127
127
127
127
127
127
127
127
127
127
127
127
127
127
127
127
127
127
127
127
127
127
127
127
127
127
127
127
127
127
127
127
127
101
116
127
127
127
127
127
127
127
127
127
120
66
68
75
90
113
127
127
123
110
103
103
103
43
43
43
43
45
52
54
51
55
59
62
66
39
39
38
38
35
30
34
38
40
41
43
44
40
40
41
41
37
30
35
40
39
38
39
38
41
41
42
41
33
31
35
41
40
40
42
41
41
41
41
37
32
32
33
40
42
41
41
41
41
40
40
34
32
32
33
40
41
42
41
41
41
40
37
32
32
32
33
38
41
42
41
41
41
39
34
32
32
32
32
37
41
41
41
41
