83
80
76
74
71
71
71
72
75
78
81
84
89
85
82
79
77
75
75
76
78
82
85
88
97
94
90
87
85
83
82
83
85
89
92
94
107
104
100
96
94
92
92
92
94
97
100
103
121
117
113
109
106
104
103
103
104
107
110
114
121
126
127
127
126
121
119
120
120
121
123
125
100
107
114
121
127
127
127
127
127
125
125
123
65
69
75
85
99
120
127
114
110
107
105
103
43
44
44
45
43
76
96
49
57
60
64
66
41
41
40
40
33
103
126
40
40
43
44
46
43
44
43
40
47
127
127
58
38
41
40
40
44
44
43
38
74
127
127
90
38
44
43
43
43
43
43
39
110
127
127
127
43
43
45
44
43
42
40
53
127
127
127
127
62
40
44
45
41
43
40
83
127
127
127
127
96
39
43
44
41
43
42
113
127
127
127
127
127
40
43
43
96
92
89
85
83
82
82
83
85
88
92
95
101
98
94
91
89
87
87
88
90
92
96
99
110
106
103
99
96
95
95
96
98
100
104
106
120
117
113
110
106
105
104
105
107
110
113
115
127
127
127
122
119
116
116
116
118
120
123
126
125
127
127
127
127
127
127
127
127
127
127
127
99
108
119
127
127
127
127
127
127
127
127
123
64
68
74
85
101
126
127
117
110
106
104
103
42
42
42
43
43
50
52
51
54
57
61
64
38
38
38
37
37
33
33
37
39
40
42
43
40
40
40
40
40
33
32
38
39
38
38
37
40
41
40
40
39
33
32
37
40
41
41
40
41
40
41
40
36
32
32
34
40
40
40
41
40
40
40
40
33
32
32
33
39
40
40
41
39
40
40
38
32
32
32
32
37
40
40
41
39
41
43
37
32
32
32
32
35
40
40
40
127
127
127
127
127
127
127
127
127
127
127
127
127
127
127
127
127
127
127
127
127
127
127
127
127
127
127
127
127
127
127
127
127
127
127
127
127
127
127
127
127
127
127
127
127
127
127
127
127
127
127
127
127
127
127
127
127
127
127
127
127
127
127
127
127
127
127
127
127
127
127
127
98
112
127
127
127
127
127
127
127
127
127
122
64
67
71
85
108
127
127
126
112
104
102
103
43
43
42
43
44
51
54
52
54
58
61
65
39
40
39
37
37
33
31
37
39
41
43
44
41
41
41
40
41
33
31
39
40
39
39
38
42
42
40
41
40
33
32
37
41
42
42
41
42
41
42
41
37
31
32
34
41
42
42
42
41
40
40
41
33
32
32
33
40
41
41
42
40
40
41
39
32
32
32
32
37
41
41
42
40
42
43
37
32
32
32
32
35
40
40
41
