83
80
76
74
71
71
71
72
75
78
81
84
89
85
82
79
77
75
75
76
78
82
85
88
97
94
90
87
85
83
83
83
85
89
92
94
107
105
100
96
94
92
92
92
94
97
100
103
121
117
113
109
106
104
103
103
104
107
110
113
121
125
127
127
126
121
119
120
120
121
123
124
99
107
114
121
127
127
127
127
127
125
125
123
64
69
75
85
98
120
127
114
110
107
105
103
43
44
44
45
43
71
100
50
57
59
63
66
42
41
40
41
33
92
127
44
40
43
44
46
43
43
43
43
40
127
127
71
37
41
41
40
43
42
43
39
55
127
127
112
40
43
44
43
43
43
44
37
84
127
127
127
55
39
43
41
43
44
43
40
116
127
127
127
92
37
43
43
43
44
40
54
127
127
127
127
127
47
42
44
43
44
39
70
127
127
127
127
127
61
40
44
96
92
89
85
83
82
82
83
85
88
92
95
101
98
94
91
89
87
87
88
90
92
96
99
110
106
103
99
96
95
95
96
98
100
104
106
120
117
113
110
106
105
104
105
107
110
113
115
127
127
127
122
119
116
116
116
118
120
123
126
125
127
127
127
127
127
127
127
127
127
127
127
99
107
118
127
127
127
127
127
127
127
127
123
64
68
73
85
101
125
127
118
110
106
104
103
42
42
42
43
43
50
52
51
54
57
61
64
39
38
37
37
37
33
32
37
39
40
42
43
40
40
40
40
40
33
31
37
39
39
38
37
40
40
40
40
39
33
31
37
40
40
41
40
40
40
41
41
37
32
32
33
39
40
40
39
40
41
40
41
36
32
32
33
37
40
41
40
40
41
40
40
34
32
32
32
34
40
41
41
40
41
40
38
33
32
32
32
33
39
41
41
127
127
127
127
127
127
127
127
127
127
127
127
127
127
127
127
127
127
127
127
127
127
127
127
127
127
127
127
127
127
127
127
127
127
127
127
127
127
127
127
127
127
127
127
127
127
127
127
127
127
127
127
127
127
127
127
127
127
127
127
127
127
127
127
127
127
127
127
127
127
127
127
97
111
127
127
127
127
127
127
127
127
127
123
64
67
71
85
107
127
127
127
112
105
103
103
43
43
42
43
44
51
54
52
54
57
61
65
40
40
38
37
37
33
31
37
39
41
42
44
41
41
40
40
41
34
30
38
40
40
39
38
41
40
41
41
40
33
31
37
41
41
42
41
40
42
42
41
37
32
32
33
40
41
41
40
41
42
41
40
36
32
32
33
37
40
41
40
41
42
41
40
34
32
32
32
34
40
41
42
41
42
40
39
33
32
32
32
33
39
42
42
