84
81
78
75
72
71
71
73
75
77
80
83
89
86
83
80
78
76
76
77
79
82
85
88
98
95
91
88
85
84
84
84
86
89
92
95
108
105
100
97
95
93
92
92
95
97
99
103
121
118
113
110
106
105
104
103
105
107
110
114
121
126
127
127
127
122
120
120
120
122
123
125
99
106
114
121
127
127
127
127
127
126
125
123
64
68
75
85
98
120
127
113
110
107
105
103
43
44
44
45
44
68
103
50
56
59
63
66
41
42
40
40
35
77
127
53
37
43
45
46
43
43
43
43
37
104
127
91
37
40
41
40
43
43
43
43
41
127
127
127
50
41
43
43
43
43
42
39
53
127
127
127
87
37
43
43
43
43
43
39
73
127
127
127
127
47
43
43
43
43
43
40
97
127
127
127
127
84
42
43
44
43
41
40
115
127
127
127
127
124
42
43
96
93
89
86
84
83
83
84
86
89
92
96
102
99
95
92
89
88
88
89
91
93
97
100
111
107
103
100
97
96
96
96
99
101
105
107
120
118
114
110
107
106
105
106
108
110
113
116
127
127
127
122
120
117
116
116
119
120
123
127
124
127
127
127
127
127
127
127
127
127
127
127
99
107
118
127
127
127
127
127
127
127
127
124
64
68
73
84
100
125
127
118
110
106
104
103
42
42
42
43
43
50
52
51
54
57
61
64
38
39
37
37
37
34
30
37
39
40
41
43
40
40
40
40
40
36
30
36
39
38
37
37
40
40
40
40
40
35
31
34
40
40
40
40
40
40
40
40
40
33
32
32
38
41
40
40
40
40
40
41
39
33
32
32
34
40
41
40
40
40
40
41
37
32
32
32
32
38
41
41
41
40
40
40
36
31
32
32
32
35
41
41
127
127
127
127
127
127
127
127
127
127
127
127
127
127
127
127
127
127
127
127
127
127
127
127
127
127
127
127
127
127
127
127
127
127
127
127
127
127
127
127
127
127
127
127
127
127
127
127
127
127
127
127
127
127
127
127
127
127
127
127
127
127
127
127
127
127
127
127
127
127
127
127
97
110
127
127
127
127
127
127
127
127
127
123
64
67
71
84
106
127
127
127
112
105
103
103
43
43
42
43
44
52
54
52
54
57
61
64
39
40
38
38
37
34
30
37
40
40
43
43
40
41
40
41
41
36
30
37
40
39
39
38
41
41
41
41
40
35
31
34
41
41
41
41
41
41
40
41
40
33
32
32
39
42
41
40
41
41
41
42
40
33
32
32
34
41
42
41
41
41
41
42
37
31
32
32
32
39
42
41
42
40
40
41
36
31
32
32
32
36
42
42
