83
81
78
75
72
72
72
73
75
76
80
83
89
86
82
79
77
76
76
77
79
82
85
88
97
94
90
87
85
83
83
84
86
89
92
95
108
105
100
97
95
92
92
92
95
97
100
103
121
117
113
109
106
104
103
103
105
107
110
114
120
124
127
127
127
122
120
120
120
121
123
125
99
106
114
121
127
127
127
127
127
125
125
123
64
68
75
85
98
121
127
113
110
107
105
103
43
44
44
45
44
67
104
50
56
59
63
66
41
41
40
40
36
68
127
59
37
43
44
46
43
44
43
43
37
88
127
104
39
40
41
40
44
44
43
43
37
107
127
127
61
41
44
43
44
43
43
43
40
126
127
127
115
40
44
44
43
42
43
42
48
127
127
127
127
70
39
44
42
42
43
41
61
127
127
127
127
120
47
43
42
42
44
41
72
127
127
127
127
127
64
40
96
92
89
86
84
82
82
84
86
89
92
96
102
98
94
92
89
88
88
89
91
94
97
100
111
107
103
99
97
96
96
96
99
102
105
107
120
118
114
110
107
106
105
105
107
110
113
116
127
127
127
122
120
117
116
116
118
120
123
127
124
127
127
127
127
127
127
127
127
127
127
127
99
107
118
127
127
127
127
127
127
127
127
124
64
68
73
85
101
125
127
117
110
106
104
103
42
42
42
43
43
50
51
51
54
57
61
64
38
38
38
37
37
35
30
36
39
40
41
43
40
40
40
40
40
37
30
35
39
38
38
37
40
40
40
40
40
37
32
33
40
41
41
40
41
40
41
40
40
34
32
32
36
40
40
41
40
40
40
40
40
33
32
32
33
38
40
40
40
40
40
41
40
33
32
32
32
35
40
40
40
40
42
42
40
32
32
32
32
33
38
41
127
127
127
127
127
127
127
127
127
127
127
127
127
127
127
127
127
127
127
127
127
127
127
127
127
127
127
127
127
127
127
127
127
127
127
127
127
127
127
127
127
127
127
127
127
127
127
127
127
127
127
127
127
127
127
127
127
127
127
127
127
127
127
127
127
127
127
127
127
127
127
127
97
110
127
127
127
127
127
127
127
127
127
123
64
67
71
84
106
127
127
127
112
105
103
103
43
43
42
43
44
52
54
52
54
57
61
64
39
40
39
37
37
34
30
36
39
40
42
43
40
41
41
40
41
37
30
36
39
39
39
38
41
42
41
40
41
37
32
33
40
42
42
41
42
41
42
41
40
34
32
32
37
42
42
42
41
40
41
42
41
33
32
32
33
40
42
42
40
40
41
43
40
33
32
32
32
35
40
42
40
40
43
43
40
32
32
32
32
33
39
42
