83
80
76
74
71
71
71
71
74
76
80
83
89
85
82
79
77
75
75
76
78
82
85
88
97
94
90
87
85
83
82
83
85
89
92
95
107
104
100
96
94
92
92
92
94
97
100
103
121
117
113
108
106
103
103
103
104
106
110
115
123
127
127
127
125
120
119
119
120
121
124
125
102
110
116
123
127
127
127
127
126
125
124
123
66
70
78
89
105
127
122
113
110
106
105
103
44
44
44
46
43
99
74
51
57
61
64
68
42
41
40
39
38
127
103
36
43
44
45
46
43
43
43
40
56
127
127
50
39
41
40
39
43
43
43
37
82
127
127
83
37
43
42
43
44
43
42
39
110
127
127
127
43
40
42
44
44
43
40
48
127
127
127
127
69
37
43
46
44
43
38
68
127
127
127
127
113
41
43
44
43
42
37
87
127
127
127
127
127
49
41
42
96
92
89
85
83
82
82
83
85
89
92
96
101
98
94
91
89
87
87
88
90
93
97
100
110
106
103
99
96
95
95
96
98
101
104
107
120
117
113
109
106
104
104
104
106
110
113
116
127
127
127
121
119
116
116
116
117
120
123
127
127
127
127
127
127
127
127
127
127
127
127
127
102
112
123
127
127
127
127
127
127
127
125
123
66
70
77
90
109
127
127
115
110
105
103
103
42
42
42
43
45
51
51
52
54
58
63
66
38
39
37
37
36
31
33
37
39
41
43
43
40
40
40
40
40
31
33
38
39
38
37
37
40
40
40
41
38
32
33
38
40
40
40
40
41
41
40
40
36
32
32
35
40
39
40
41
41
40
40
40
34
32
32
33
38
39
40
41
41
40
40
39
33
32
32
32
36
40
40
40
41
40
40
37
32
32
32
32
34
40
40
40
127
127
127
127
127
127
127
127
127
127
127
127
127
127
127
127
127
127
127
127
127
127
127
127
127
127
127
127
127
127
127
127
127
127
127
127
127
127
127
127
127
127
127
127
127
127
127
127
127
127
127
127
127
127
127
127
127
127
127
127
127
127
127
127
127
127
127
127
127
127
127
127
102
116
127
127
127
127
127
127
127
127
127
120
65
68
75
92
117
127
127
120
110
103
103
103
43
43
43
43
46
54
54
52
55
59
63
67
40
40
38
37
36
31
33
38
40
42
43
44
41
41
40
41
40
31
33
39
40
39
38
37
40
42
41
42
39
33
33
39
41
41
40
41
42
41
41
41
36
32
32
36
40
40
40
42
42
40
40
41
34
32
32
33
39
40
40
43
42
40
40
40
33
32
32
32
37
40
40
42
42
40
40
38
32
32
32
32
34
41
40
40
