83
80
76
74
71
71
71
71
74
76
80
83
89
85
82
79
77
75
75
76
78
82
85
88
97
94
90
87
85
83
82
83
85
89
92
95
107
104
100
96
94
92
92
92
94
97
100
103
121
117
113
108
106
103
103
103
104
106
110
115
123
127
127
127
125
120
119
120
120
121
124
125
103
110
117
123
127
127
127
127
125
125
124
123
67
71
78
89
105
127
121
112
109
106
105
103
44
43
44
46
43
101
72
52
57
61
64
68
40
40
40
38
40
127
96
35
43
43
46
47
43
43
43
39
64
127
127
44
40
41
41
40
43
43
43
38
95
127
127
71
39
43
43
43
43
43
41
43
127
127
127
110
39
42
43
44
43
42
39
61
127
127
127
127
54
40
42
43
44
43
39
92
127
127
127
127
86
40
42
42
45
46
40
120
127
127
127
127
118
40
43
42
96
92
89
85
83
82
82
83
85
89
92
96
101
98
94
91
89
87
87
88
90
93
97
100
110
106
103
99
96
95
95
96
98
101
104
107
120
117
113
109
106
104
104
104
106
110
113
116
127
127
127
121
119
116
116
116
117
120
123
127
127
127
127
127
127
127
127
127
127
127
127
127
103
112
123
127
127
127
127
127
127
127
125
123
66
70
77
90
109
127
127
115
109
105
103
103
42
42
42
43
45
51
52
52
55
58
63
66
38
38
37
37
36
31
34
37
40
40
43
44
40
40
40
40
38
31
33
38
39
38
37
37
40
40
40
40
37
32
33
38
40
40
40
40
40
40
40
39
34
32
32
37
40
40
40
40
40
40
40
38
33
32
32
34
40
41
40
40
41
41
40
37
32
32
32
32
38
41
40
40
42
43
40
35
32
32
32
32
37
41
41
40
127
127
127
127
127
127
127
127
127
127
127
127
127
127
127
127
127
127
127
127
127
127
127
127
127
127
127
127
127
127
127
127
127
127
127
127
127
127
127
127
127
127
127
127
127
127
127
127
127
127
127
127
127
127
127
127
127
127
127
127
127
127
127
127
127
127
127
127
127
127
127
127
102
117
127
127
127
127
127
127
127
127
127
120
65
68
75
92
117
127
127
120
109
103
103
103
43
43
43
43
46
54
54
52
54
59
62
67
39
40
38
37
36
31
33
38
40
41
43
45
40
41
40
42
40
31
33
40
40
39
39
38
41
41
41
42
38
32
33
39
41
41
41
41
41
40
41
40
35
32
32
37
41
41
40
41
41
40
40
39
33
32
32
33
40
41
40
40
42
42
40
37
32
32
32
32
38
41
41
40
43
43
41
35
32
32
32
31
36
42
42
40
