83
80
76
74
71
71
71
72
75
78
80
84
89
85
82
79
77
75
75
76
78
82
85
88
97
94
90
87
85
83
82
83
85
89
92
94
107
104
100
96
94
92
92
92
94
97
100
103
121
117
113
108
106
103
103
103
104
106
110
115
123
126
127
127
126
121
119
120
120
121
124
125
102
109
116
123
127
127
127
127
126
125
124
123
66
69
76
87
101
124
125
113
110
106
105
103
43
43
44
45
41
95
80
51
57
60
64
68
40
41
40
37
43
127
95
35
43
43
45
47
43
44
43
37
75
127
124
40
41
41
40
41
44
44
43
42
119
127
127
52
42
44
43
43
42
42
39
65
127
127
127
72
38
44
44
43
44
44
40
110
127
127
127
99
40
44
44
43
46
43
60
127
127
127
127
127
47
43
44
43
45
40
87
127
127
127
127
127
54
41
43
43
96
92
89
85
83
82
82
83
85
88
92
96
101
98
94
91
89
87
87
88
90
92
96
100
110
106
103
99
96
95
95
96
98
100
103
108
120
117
113
109
106
105
104
105
107
110
112
116
127
127
127
121
119
116
116
116
117
120
123
126
127
127
127
127
127
127
127
127
127
127
127
127
101
110
120
127
127
127
127
127
127
127
126
123
65
69
75
88
105
127
127
116
110
106
104
103
42
42
42
43
45
50
53
52
54
58
62
65
38
39
38
37
36
31
33
37
39
40
42
43
40
40
40
40
38
31
33
39
39
38
37
37
40
40
40
40
35
32
33
40
40
41
40
40
39
40
40
39
33
32
33
38
40
40
41
40
40
40
41
37
32
32
32
37
41
41
41
41
40
41
40
33
32
32
32
36
42
41
40
41
40
41
38
32
32
32
32
34
41
40
40
40
127
127
127
127
127
127
127
127
127
127
127
127
127
127
127
127
127
127
127
127
127
127
127
127
127
127
127
127
127
127
127
127
127
127
127
127
127
127
127
127
127
127
127
127
127
127
127
127
127
127
127
127
127
127
127
127
127
127
127
127
127
127
127
127
127
127
127
127
127
127
127
127
100
115
127
127
127
127
127
127
127
127
127
121
65
67
74
89
113
127
127
123
110
103
103
103
43
43
43
43
44
53
54
52
54
58
62
66
39
40
39
38
36
31
33
37
40
41
43
44
40
41
41
41
39
31
33
40
40
39
38
38
41
41
41
41
35
31
33
40
42
42
41
41
40
40
41
40
33
32
33
39
41
42
42
41
41
42
42
37
31
32
32
37
43
42
42
42
42
43
41
33
31
32
32
36
43
42
41
42
42
42
39
32
32
32
32
34
41
41
40
41
