96
93
89
85
81
78
75
75
75
76
78
82
101
97
92
88
84
81
79
78
79
81
83
87
108
103
99
94
90
87
85
85
85
88
91
95
115
111
106
102
98
95
93
92
94
96
100
103
125
121
116
110
106
104
103
102
104
108
112
117
124
127
127
126
122
118
116
120
122
123
123
120
105
111
118
121
124
126
125
122
117
113
107
100
73
76
83
91
100
119
118
98
85
76
70
65
49
48
48
48
43
89
82
43
45
44
43
43
43
42
41
39
40
127
103
33
40
40
40
41
43
43
43
37
69
127
127
42
43
43
43
43
43
43
43
40
112
127
127
57
40
43
43
42
44
44
41
60
127
127
127
79
38
44
45
44
44
44
40
103
127
127
127
106
39
43
45
44
44
42
55
127
127
127
127
127
47
41
44
44
43
40
78
127
127
127
127
127
56
40
43
43
110
106
102
96
92
90
88
87
86
88
91
94
114
110
106
100
96
94
92
91
91
93
96
99
121
116
112
106
103
100
98
97
98
100
103
107
127
124
120
115
111
107
106
106
106
109
113
116
127
127
127
123
120
117
116
115
117
121
126
127
127
127
127
127
127
127
127
127
127
127
127
124
106
113
122
127
127
127
127
127
124
116
109
100
73
76
82
91
105
123
123
101
85
75
68
65
47
47
46
45
46
50
50
44
42
42
42
42
40
40
38
37
37
32
33
37
37
37
38
38
39
40
40
40
39
31
33
40
40
40
40
40
40
40
40
40
36
31
33
40
40
40
40
40
41
41
40
39
33
32
32
38
41
41
40
40
40
41
41
37
31
32
32
36
41
41
41
41
40
41
40
33
31
32
32
34
40
40
41
41
41
42
38
32
32
32
32
33
39
40
41
40
127
127
127
127
127
127
127
127
127
127
127
127
127
127
127
127
127
127
127
127
127
127
127
127
127
127
127
127
127
127
127
127
127
127
127
127
127
127
127
127
127
127
127
127
127
127
127
127
127
127
127
127
127
127
127
127
127
127
127
127
127
127
127
127
127
127
127
127
127
127
127
127
104
117
127
127
127
127
127
127
127
127
113
99
73
75
79
92
112
127
127
109
87
73
68
65
47
47
46
46
46
52
53
45
43
43
42
42
40
40
40
38
37
31
33
37
38
38
39
39
40
40
40
40
40
31
33
41
42
40
40
40
40
40
41
41
36
31
33
40
42
41
41
40
42
41
42
40
33
32
32
39
43
42
41
41
41
42
43
37
31
32
31
37
41
42
42
42
41
42
41
33
31
32
31
35
40
41
42
42
41
43
39
31
32
32
32
33
40
40
42
41
