83
80
76
74
71
71
71
71
74
78
81
84
89
85
82
79
77
75
75
76
78
81
85
88
97
94
90
87
85
83
82
83
85
88
92
94
107
104
100
96
94
92
92
92
94
97
100
103
121
117
113
109
106
104
103
103
104
107
110
114
121
126
127
127
126
121
119
120
120
121
123
125
100
107
114
121
127
127
127
127
127
125
124
123
65
69
75
85
99
122
127
113
110
107
105
103
44
44
44
45
42
82
91
49
57
60
63
67
41
41
41
39
34
112
118
37
41
43
44
47
43
43
44
40
52
127
127
52
38
41
40
40
43
43
44
38
82
127
127
82
37
43
44
43
43
43
42
42
121
127
127
116
42
43
43
44
44
42
38
60
127
127
127
127
55
41
43
43
43
42
39
96
127
127
127
127
82
40
43
43
43
41
41
127
127
127
127
127
109
39
43
43
96
92
89
85
83
82
82
83
85
88
92
95
101
98
94
91
89
87
87
88
90
92
96
99
110
106
103
99
96
95
95
96
98
100
103
107
120
117
113
110
106
105
104
105
107
110
112
116
127
127
127
121
119
116
116
116
118
120
123
126
126
127
127
127
127
127
127
127
127
127
127
127
100
109
120
127
127
127
127
127
127
127
126
123
65
68
75
86
103
127
127
117
110
106
104
103
42
42
42
42
43
50
52
52
54
57
61
64
38
38
37
37
36
33
33
37
39
40
42
43
40
40
40
41
40
33
32
38
39
37
38
37
40
40
41
41
38
32
32
38
40
40
41
40
40
40
40
40
36
32
32
35
41
40
40
40
41
39
40
38
33
32
32
33
40
41
40
40
41
39
39
37
32
32
32
32
37
41
41
40
40
38
40
36
32
32
32
32
36
40
40
40
127
127
127
127
127
127
127
127
127
127
127
127
127
127
127
127
127
127
127
127
127
127
127
127
127
127
127
127
127
127
127
127
127
127
127
127
127
127
127
127
127
127
127
127
127
127
127
127
127
127
127
127
127
127
127
127
127
127
127
127
127
127
127
127
127
127
127
127
127
127
127
127
99
113
127
127
127
127
127
127
127
127
127
122
65
68
72
86
109
127
127
125
111
104
103
103
43
43
43
43
44
52
54
53
54
58
61
65
39
39
39
38
37
32
32
37
40
41
43
44
40
40
42
42
40
32
32
39
40
38
39
38
41
41
42
42
38
32
33
39
41
40
42
41
41
40
41
40
36
32
31
37
43
41
41
41
42
40
40
38
33
32
32
33
41
42
41
41
42
40
40
37
31
32
32
32
38
42
41
41
41
39
40
36
31
32
32
32
37
41
41
41
