83
80
76
74
71
71
71
71
74
78
81
84
89
85
82
79
77
75
75
76
78
81
85
88
97
94
90
87
85
83
82
83
85
88
92
94
107
104
100
96
94
92
92
92
94
97
100
103
121
117
113
109
106
104
103
103
104
107
110
114
121
126
127
127
126
121
119
120
120
121
123
125
100
107
114
121
127
127
127
127
127
125
124
123
65
69
75
85
99
121
127
113
110
107
105
103
43
44
44
45
43
77
96
49
57
59
63
67
41
41
40
40
33
102
127
40
41
43
45
47
43
43
43
41
45
127
127
62
37
41
41
40
43
43
43
39
68
127
127
99
39
43
43
43
43
43
43
39
100
127
127
127
48
41
42
43
44
44
41
47
127
127
127
127
75
39
43
43
44
44
40
68
127
127
127
127
115
41
43
43
43
44
39
89
127
127
127
127
127
45
41
42
96
92
89
85
83
82
82
83
85
88
92
95
101
98
94
91
89
87
87
88
90
92
96
99
110
106
103
99
96
95
95
96
98
100
104
106
120
117
113
110
106
105
104
105
107
110
113
115
127
127
127
122
119
116
116
116
118
120
123
126
125
127
127
127
127
127
127
127
127
127
127
127
99
108
119
127
127
127
127
127
127
127
127
123
64
68
74
85
102
127
127
118
110
106
104
103
42
42
42
43
43
50
52
52
54
57
61
64
38
39
37
37
36
33
32
37
39
40
42
43
40
40
40
40
40
33
31
38
39
38
38
37
40
40
40
40
39
33
32
38
41
40
41
40
40
41
40
40
37
32
32
35
40
40
40
40
41
41
40
40
34
32
32
33
39
41
40
40
41
41
40
38
33
32
32
32
37
40
40
40
41
41
40
37
32
32
32
32
34
40
40
39
127
127
127
127
127
127
127
127
127
127
127
127
127
127
127
127
127
127
127
127
127
127
127
127
127
127
127
127
127
127
127
127
127
127
127
127
127
127
127
127
127
127
127
127
127
127
127
127
127
127
127
127
127
127
127
127
127
127
127
127
127
127
127
127
127
127
127
127
127
127
127
127
98
112
127
127
127
127
127
127
127
127
127
122
64
67
72
85
108
127
127
125
111
104
102
103
43
43
43
43
44
52
54
52
54
58
61
65
40
39
38
38
37
33
31
37
40
41
43
44
41
40
40
41
41
33
31
39
40
39
40
38
41
41
40
41
40
33
32
38
42
41
42
42
41
42
40
42
37
32
32
35
42
41
40
40
42
42
40
41
35
32
32
33
40
42
41
40
43
42
40
39
33
32
32
32
37
41
41
40
42
42
41
37
32
32
32
32
34
40
40
40
