83
80
76
74
71
71
71
71
74
76
80
83
89
85
82
79
77
75
75
76
78
82
85
88
97
94
90
87
85
83
82
83
85
89
92
95
107
104
100
96
94
92
92
92
94
97
100
103
121
117
113
108
106
103
103
103
104
106
110
115
123
127
127
127
125
120
119
119
120
121
124
125
103
110
116
123
127
127
127
127
126
125
124
123
67
71
78
89
104
127
121
113
110
106
105
103
43
44
44
46
43
102
71
52
57
61
64
68
41
41
40
38
43
127
91
36
43
44
44
46
43
43
43
38
71
127
127
42
40
41
40
40
43
43
43
39
107
127
127
61
40
43
42
43
45
45
41
50
127
127
127
92
37
42
41
45
44
43
39
79
127
127
127
127
44
41
43
43
43
42
42
120
127
127
127
127
64
40
44
43
44
42
49
127
127
127
127
127
85
39
46
44
96
92
89
85
83
82
82
83
85
89
92
96
101
98
94
91
89
87
87
88
90
93
97
100
110
106
103
99
96
95
95
96
98
100
104
107
120
117
113
109
106
104
104
105
107
109
113
116
127
127
127
121
119
116
116
116
117
120
123
127
127
127
127
127
127
127
127
127
127
127
127
127
103
112
123
127
127
127
127
127
127
127
125
123
66
70
77
90
109
127
127
115
110
105
103
103
42
42
42
43
46
51
51
52
54
58
63
66
38
39
37
37
36
31
34
38
39
41
43
43
40
40
40
40
38
31
34
40
39
38
37
37
40
40
41
40
37
32
33
40
40
40
40
40
40
41
41
40
33
32
32
37
40
40
39
40
41
40
41
38
33
32
32
35
40
40
40
40
41
40
40
35
32
32
32
33
40
41
41
40
40
40
40
33
32
32
32
32
38
41
42
40
127
127
127
127
127
127
127
127
127
127
127
127
127
127
127
127
127
127
127
127
127
127
127
127
127
127
127
127
127
127
127
127
127
127
127
127
127
127
127
127
127
127
127
127
127
127
127
127
127
127
127
127
127
127
127
127
127
127
127
127
127
127
127
127
127
127
127
127
127
127
127
127
102
116
127
127
127
127
127
127
127
127
127
120
65
68
75
91
118
127
127
120
110
103
103
103
43
43
43
43
47
54
54
52
55
59
63
67
39
40
38
37
36
30
33
38
40
42
43
44
40
41
41
41
39
30
34
40
40
39
38
37
40
41
42
41
37
32
33
40
41
40
40
40
42
42
43
40
33
32
32
37
41
40
40
42
42
41
43
38
32
32
32
35
41
41
40
41
42
40
41
35
32
32
32
33
40
42
42
41
42
40
40
33
32
32
32
32
39
42
43
42
