84
81
78
75
72
71
72
73
75
78
82
85
89
86
82
80
78
76
76
77
79
82
85
89
98
94
90
88
85
84
83
84
86
89
92
95
108
104
100
97
95
92
92
92
95
97
99
103
121
117
113
109
106
104
103
103
105
107
110
116
123
127
127
127
126
120
120
120
121
121
124
126
103
110
117
124
127
127
127
127
126
125
124
123
67
71
78
89
104
127
122
113
110
106
105
103
43
44
44
46
43
103
70
52
57
61
64
68
41
41
41
37
48
127
82
36
43
43
46
47
43
43
43
38
83
127
113
37
42
41
41
40
43
43
41
44
127
127
127
47
43
44
43
43
43
45
40
70
127
127
127
69
39
43
42
43
44
46
40
115
127
127
127
96
38
41
42
43
45
43
61
127
127
127
127
125
43
40
42
43
45
40
88
127
127
127
127
127
52
39
41
43
96
92
89
86
84
82
83
84
86
89
92
96
102
99
95
92
89
88
88
89
91
93
97
100
111
108
104
99
97
96
96
96
99
101
105
107
121
118
114
110
107
105
105
106
107
110
113
116
127
127
127
122
119
117
116
116
119
120
123
127
127
127
127
127
127
127
127
127
127
127
127
127
103
112
123
127
127
127
127
127
127
127
125
122
66
70
77
89
109
127
126
115
110
105
103
103
42
42
42
43
45
51
52
52
54
58
63
66
38
39
38
37
35
31
34
38
39
40
43
44
40
40
40
40
37
30
34
39
39
38
37
37
40
40
40
40
35
31
34
40
40
41
40
40
40
40
41
39
33
32
33
40
41
40
40
40
40
40
41
36
32
32
32
38
40
40
39
41
40
41
40
33
32
32
32
36
40
39
39
41
41
42
38
32
32
32
32
34
40
39
38
40
127
127
127
127
127
127
127
127
127
127
127
127
127
127
127
127
127
127
127
127
127
127
127
127
127
127
127
127
127
127
127
127
127
127
127
127
127
127
127
127
127
127
127
127
127
127
127
127
127
127
127
127
127
127
127
127
127
127
127
127
127
127
127
127
127
127
127
127
127
127
127
127
102
117
127
127
127
127
127
127
127
127
127
120
65
68
75
92
117
127
127
120
110
103
103
103
43
43
43
43
47
54
54
52
55
59
63
67
39
40
39
37
36
30
33
38
40
42
43
45
40
41
41
41
38
30
34
40
40
40
39
38
41
40
40
41
35
31
34
41
42
42
40
41
40
42
42
40
33
32
32
40
42
40
40
41
41
43
42
37
31
32
32
38
41
40
40
42
42
43
41
33
31
32
32
35
41
39
40
42
42
43
39
32
32
32
31
33
40
40
39
41
