83
80
76
74
71
71
71
71
74
78
81
84
89
85
82
79
77
75
75
76
78
81
85
88
97
94
90
87
85
83
82
83
85
88
92
94
107
104
100
96
94
92
92
92
94
97
100
103
121
117
113
109
106
103
103
103
104
106
110
115
122
126
127
127
126
121
120
120
120
121
124
125
101
109
116
123
127
127
127
127
127
125
124
123
66
69
76
87
101
127
123
113
110
106
105
103
44
43
44
45
41
95
79
51
57
60
64
68
41
40
41
37
44
127
92
35
42
43
45
47
43
43
43
38
81
127
118
37
42
42
40
40
43
43
40
45
127
127
127
45
43
44
43
43
45
43
37
79
127
127
127
60
40
43
42
42
44
42
43
127
127
127
127
79
37
43
41
41
43
40
78
127
127
127
127
103
38
43
42
41
43
40
117
127
127
127
127
120
41
43
44
42
96
92
89
85
83
82
82
83
85
88
92
96
101
98
94
91
89
87
87
88
90
92
96
100
110
106
103
99
96
95
95
96
98
100
103
107
120
117
113
110
106
105
104
105
107
110
112
116
127
127
127
121
119
116
116
116
118
120
123
126
127
127
127
127
127
127
127
127
127
127
127
127
101
110
120
127
127
127
127
127
127
127
127
123
65
69
75
87
105
127
127
116
110
106
104
103
42
42
42
43
45
51
51
52
54
57
62
65
38
38
38
37
36
32
34
37
39
40
42
43
40
40
40
40
37
31
34
39
39
38
38
37
40
40
40
40
34
31
34
40
40
40
41
40
41
40
40
39
32
32
33
39
41
41
40
40
40
40
40
35
32
32
32
37
40
40
39
39
40
40
38
33
32
32
32
36
40
40
40
39
40
40
36
32
32
32
32
35
40
40
41
40
127
127
127
127
127
127
127
127
127
127
127
127
127
127
127
127
127
127
127
127
127
127
127
127
127
127
127
127
127
127
127
127
127
127
127
127
127
127
127
127
127
127
127
127
127
127
127
127
127
127
127
127
127
127
127
127
127
127
127
127
127
127
127
127
127
127
127
127
127
127
127
127
100
114
127
127
127
127
127
127
127
127
127
121
64
68
74
88
113
127
127
123
110
103
103
103
43
43
43
43
45
54
53
51
54
58
62
66
39
39
39
38
36
30
33
38
40
41
43
44
40
40
41
41
38
30
34
40
40
40
39
38
41
40
40
40
34
31
34
41
42
42
42
40
43
40
41
39
32
32
33
40
42
42
40
40
42
41
41
35
32
32
32
37
41
41
40
39
41
41
39
33
32
32
32
36
40
41
40
40
41
41
36
32
32
32
32
35
41
41
42
40
