83
80
76
74
71
71
71
71
74
78
81
84
89
85
82
79
77
75
75
76
78
81
85
88
97
94
90
87
85
83
83
83
85
88
92
94
107
105
100
96
94
92
92
92
94
97
100
103
121
117
113
109
106
104
103
103
104
107
110
114
121
124
127
127
126
121
120
120
120
121
123
125
99
106
114
121
127
127
127
127
127
125
125
123
64
69
75
85
99
123
126
113
110
107
105
103
43
44
44
45
43
75
98
49
57
59
63
66
41
42
41
40
33
96
127
43
40
43
45
46
43
43
43
42
43
127
127
68
37
41
41
40
43
43
43
40
62
127
127
106
40
43
43
43
43
45
44
38
93
127
127
127
50
40
42
43
44
45
43
45
127
127
127
127
79
37
42
43
45
45
40
64
127
127
127
127
120
40
42
43
45
45
39
84
127
127
127
127
127
47
41
43
96
92
89
85
83
82
82
83
85
88
92
95
101
98
94
91
89
87
87
88
90
92
96
99
110
106
103
99
96
95
95
96
98
100
104
106
120
117
113
110
106
105
104
105
107
110
113
115
127
127
127
122
119
116
116
116
118
120
123
126
125
127
127
127
127
127
127
127
127
127
127
127
99
107
118
127
127
127
127
127
127
127
127
123
64
68
73
84
101
127
127
117
110
106
104
103
42
42
42
43
43
52
50
51
54
57
61
64
38
38
38
37
36
33
31
37
39
40
42
43
40
40
40
40
40
33
31
38
39
38
37
37
40
40
40
40
40
33
32
37
41
41
40
40
40
40
41
41
37
32
32
34
40
40
40
40
40
41
41
41
35
32
32
32
37
40
40
40
40
42
41
40
33
32
32
32
34
38
40
40
41
43
40
38
32
32
32
32
33
37
40
40
127
127
127
127
127
127
127
127
127
127
127
127
127
127
127
127
127
127
127
127
127
127
127
127
127
127
127
127
127
127
127
127
127
127
127
127
127
127
127
127
127
127
127
127
127
127
127
127
127
127
127
127
127
127
127
127
127
127
127
127
127
127
127
127
127
127
127
127
127
127
127
127
97
111
127
127
127
127
127
127
127
127
127
123
64
67
71
85
107
127
127
127
112
105
103
103
43
43
42
43
44
54
53
52
54
57
61
65
39
40
39
37
37
33
31
37
39
41
43
44
40
41
41
40
40
34
31
39
40
40
39
38
41
40
40
41
40
33
32
37
42
41
40
41
40
42
42
42
38
32
32
34
41
41
40
41
41
42
42
42
35
31
32
33
38
40
40
41
43
42
42
40
33
31
32
32
34
39
40
41
43
43
41
39
32
32
32
32
33
38
41
41
