83
80
76
74
71
71
71
71
74
78
81
84
89
85
82
79
77
75
75
76
78
81
85
88
97
94
90
87
85
83
83
83
85
88
92
94
107
105
100
96
94
92
92
92
94
97
100
103
121
117
113
109
106
104
103
103
104
107
110
113
120
124
127
127
126
121
120
120
120
121
123
125
99
106
113
121
127
127
127
127
127
125
125
123
64
68
75
85
99
123
125
113
110
107
105
103
44
43
44
45
45
69
102
50
56
59
63
66
41
40
41
40
35
77
127
52
37
43
44
46
43
43
43
43
37
103
127
91
37
42
41
40
43
43
43
43
41
127
127
127
50
42
44
43
43
43
42
40
53
127
127
127
88
37
44
44
43
43
43
40
72
127
127
127
127
47
43
45
43
43
43
41
96
127
127
127
127
85
42
44
43
43
43
43
114
127
127
127
127
126
42
43
96
92
89
85
83
82
82
83
85
88
92
95
101
98
94
91
89
87
87
88
90
92
96
99
110
106
103
99
96
95
95
96
98
100
104
106
120
117
113
110
106
105
104
105
107
110
113
115
127
127
127
122
119
116
116
116
118
120
123
126
124
127
127
127
127
127
127
127
127
127
127
127
99
107
117
127
127
127
127
127
127
127
127
124
64
68
73
84
101
127
127
117
110
106
104
103
42
42
42
43
43
52
50
51
54
57
61
64
38
38
37
37
36
35
30
37
39
40
41
43
40
40
40
40
40
35
30
36
39
39
37
37
40
40
40
40
40
35
31
34
40
40
40
40
39
40
39
40
40
33
32
32
38
40
41
40
40
40
40
40
39
33
32
32
34
40
42
41
40
40
40
41
37
33
32
32
32
37
42
41
40
40
40
41
36
32
32
32
32
35
41
41
127
127
127
127
127
127
127
127
127
127
127
127
127
127
127
127
127
127
127
127
127
127
127
127
127
127
127
127
127
127
127
127
127
127
127
127
127
127
127
127
127
127
127
127
127
127
127
127
127
127
127
127
127
127
127
127
127
127
127
127
127
127
127
127
127
127
127
127
127
127
127
127
97
110
127
127
127
127
127
127
127
127
127
123
64
67
71
84
107
127
127
127
112
105
103
103
43
43
42
43
44
54
52
52
54
57
61
64
39
39
39
38
37
35
30
37
39
41
42
43
40
40
41
41
41
36
30
37
40
40
39
38
41
41
41
41
40
35
31
34
40
41
42
41
40
41
40
41
40
33
32
32
38
41
42
42
40
40
40
43
40
33
32
32
34
40
43
42
40
40
41
43
38
32
32
32
32
38
43
42
40
41
41
43
37
32
32
32
32
36
42
42
