83
80
76
74
71
71
71
72
75
78
81
84
89
85
82
79
77
75
75
76
78
82
85
88
97
94
90
87
85
83
82
83
85
89
92
94
107
105
100
96
94
92
92
92
94
97
100
103
121
117
113
109
106
104
103
103
104
107
110
113
120
124
127
127
126
121
120
120
120
121
123
125
99
106
113
121
127
127
127
127
127
125
125
123
64
68
75
85
99
124
125
113
110
107
105
103
43
44
44
45
45
69
103
49
56
59
63
66
41
42
40
40
36
71
127
56
37
43
45
46
43
43
43
43
37
92
127
100
38
40
41
40
43
43
43
43
39
115
127
127
57
39
43
42
43
44
43
41
43
127
127
127
106
37
43
43
44
43
43
40
54
127
127
127
127
61
39
42
44
43
43
38
71
127
127
127
127
109
43
40
44
43
43
37
84
127
127
127
127
127
54
38
96
92
89
85
83
82
82
83
85
88
92
95
101
98
94
91
89
87
87
88
90
92
96
99
110
106
103
99
96
95
95
96
98
100
104
106
120
117
113
110
106
105
104
105
107
110
113
115
127
127
127
122
119
116
116
116
118
120
123
126
124
127
127
127
127
127
127
127
127
127
127
127
99
107
117
127
127
127
127
127
127
127
127
124
64
68
73
84
101
127
127
117
110
106
104
103
42
42
42
43
44
53
50
51
54
57
61
64
38
39
37
37
37
36
30
37
40
40
41
43
40
40
40
40
40
36
30
36
39
39
37
37
40
40
40
40
40
36
32
34
40
40
40
39
40
41
40
40
40
34
32
32
37
40
40
40
41
40
40
40
40
33
32
32
33
38
40
39
41
40
40
40
39
33
32
32
32
36
40
39
41
40
40
40
37
32
32
32
32
33
39
38
127
127
127
127
127
127
127
127
127
127
127
127
127
127
127
127
127
127
127
127
127
127
127
127
127
127
127
127
127
127
127
127
127
127
127
127
127
127
127
127
127
127
127
127
127
127
127
127
127
127
127
127
127
127
127
127
127
127
127
127
127
127
127
127
127
127
127
127
127
127
127
127
97
110
127
127
127
127
127
127
127
127
127
123
64
67
71
84
108
127
127
126
112
105
103
103
43
43
42
43
45
54
50
52
54
57
61
64
40
40
38
37
37
35
30
37
40
41
42
44
41
41
40
41
42
36
30
37
40
40
38
37
40
41
41
41
42
36
31
34
40
41
41
40
41
42
41
40
41
35
32
32
37
40
41
40
42
41
41
41
40
34
32
32
33
39
40
40
42
40
41
41
39
33
32
32
32
37
40
39
42
40
41
41
38
33
32
32
32
34
39
39
