83
80
77
74
71
71
71
72
75
78
81
84
89
85
82
79
77
75
75
76
78
82
85
88
97
94
90
87
85
83
82
83
85
89
92
94
107
105
100
96
94
92
92
92
94
97
100
103
121
117
113
109
106
104
103
103
104
107
110
113
121
125
127
127
126
121
120
120
120
121
123
124
99
107
114
121
127
127
127
127
127
125
125
123
64
68
75
85
100
125
124
113
110
107
105
103
43
43
44
45
45
71
101
49
56
59
63
66
41
40
40
40
36
71
127
57
37
43
43
46
43
43
43
44
38
90
127
103
38
40
40
41
43
43
43
44
38
109
127
127
60
40
43
44
44
44
43
42
40
127
127
127
115
39
43
43
43
43
43
41
47
127
127
127
127
70
39
43
43
43
42
39
59
127
127
127
127
120
48
43
43
43
42
37
70
127
127
127
127
127
67
40
96
92
89
85
83
82
82
83
85
88
92
95
101
98
94
91
89
87
87
88
90
92
96
99
110
106
103
99
96
95
95
96
98
100
104
106
120
117
113
110
106
105
104
105
107
110
113
115
127
127
127
122
119
116
116
116
118
120
123
126
124
127
127
127
127
127
127
127
127
127
127
127
99
107
118
127
127
127
127
127
127
127
127
124
64
68
74
85
103
127
127
117
110
106
104
103
42
42
42
43
44
53
50
52
54
57
61
64
38
38
37
37
37
35
30
37
40
40
42
43
40
40
40
40
41
36
30
36
40
39
37
37
40
40
40
40
41
37
32
33
40
40
40
40
42
40
40
40
40
34
32
32
36
40
40
40
40
40
40
41
39
33
32
32
33
39
40
41
40
40
40
41
39
33
32
32
32
35
40
41
41
40
39
40
38
33
32
32
32
33
40
42
127
127
127
127
127
127
127
127
127
127
127
127
127
127
127
127
127
127
127
127
127
127
127
127
127
127
127
127
127
127
127
127
127
127
127
127
127
127
127
127
127
127
127
127
127
127
127
127
127
127
127
127
127
127
127
127
127
127
127
127
127
127
127
127
127
127
127
127
127
127
127
127
97
110
127
127
127
127
127
127
127
127
127
123
64
67
71
85
110
127
127
125
112
105
103
103
43
43
42
43
45
54
50
52
54
57
61
64
39
39
38
37
37
35
30
37
40
41
42
43
40
40
40
40
42
36
30
36
40
40
38
38
41
41
41
41
42
37
32
33
40
41
40
42
42
41
41
41
40
34
32
32
37
41
41
41
41
40
40
42
40
33
32
32
33
39
41
41
41
40
40
42
38
33
32
32
32
36
41
42
42
41
40
41
38
33
32
32
32
33
40
43
