83
80
76
74
71
71
71
71
74
78
81
84
89
85
82
79
77
75
75
76
78
81
85
88
97
94
90
87
85
83
82
83
85
88
92
94
107
105
100
96
94
92
92
92
94
97
100
103
121
117
113
109
106
103
103
103
104
107
110
114
121
124
127
127
126
121
120
120
120
121
123
125
99
106
114
121
127
127
127
127
127
125
125
123
65
69
75
85
102
127
123
113
110
107
105
103
43
44
44
45
45
75
99
48
57
60
63
66
41
42
40
40
35
77
127
54
37
43
45
47
43
43
43
43
37
94
127
99
38
40
41
41
44
43
43
43
37
112
127
127
60
41
43
43
42
42
43
43
40
127
127
127
113
39
43
43
44
44
44
42
48
127
127
127
127
71
39
43
45
45
44
40
60
127
127
127
127
121
49
40
43
44
43
38
69
127
127
127
127
127
67
37
96
92
89
85
83
82
82
83
85
88
92
96
101
98
94
91
89
87
87
88
90
92
96
100
110
106
103
99
96
95
95
96
98
100
103
108
120
117
113
109
106
105
104
105
107
110
112
116
127
127
127
121
119
116
116
116
118
120
123
126
125
127
127
127
127
127
127
127
127
127
127
127
99
108
119
127
127
127
127
127
127
127
127
123
64
68
74
85
105
127
126
117
110
106
104
103
42
42
42
43
46
53
50
52
54
57
61
64
38
39
38
37
37
35
30
37
39
40
42
43
40
40
40
40
40
36
30
36
39
38
37
37
40
40
40
40
40
37
32
33
40
41
40
40
40
40
40
41
40
34
32
32
36
40
41
40
40
41
41
41
40
33
32
32
33
39
41
40
40
42
41
41
40
33
32
32
32
35
40
40
40
41
40
40
39
33
32
32
32
33
39
40
127
127
127
127
127
127
127
127
127
127
127
127
127
127
127
127
127
127
127
127
127
127
127
127
127
127
127
127
127
127
127
127
127
127
127
127
127
127
127
127
127
127
127
127
127
127
127
127
127
127
127
127
127
127
127
127
127
127
127
127
127
127
127
127
127
127
127
127
127
127
127
127
97
111
127
127
127
127
127
127
127
127
127
123
64
67
72
85
113
127
127
125
111
104
102
103
43
43
43
43
46
55
50
53
54
57
61
65
39
40
38
37
37
35
30
37
40
41
43
44
40
41
40
40
41
36
30
36
40
40
38
38
41
41
41
41
41
37
32
34
41
42
41
41
40
40
41
42
40
34
32
32
37
42
42
41
42
42
42
42
41
33
32
32
33
40
42
40
42
43
42
42
40
33
32
32
32
36
41
40
40
42
41
41
39
33
32
32
32
33
39
40
