83
80
76
74
71
71
71
71
74
78
80
84
89
85
82
79
77
75
75
76
78
82
85
88
97
94
90
87
85
83
82
83
85
89
92
94
107
104
100
96
94
92
92
92
94
97
100
103
121
117
113
109
106
103
103
103
104
107
110
114
121
126
127
127
125
120
120
120
120
121
123
125
100
107
114
122
127
127
127
127
126
125
124
123
65
68
75
86
103
127
122
113
110
107
105
103
44
43
44
45
46
79
94
48
57
60
63
67
41
40
40
40
34
84
127
50
38
43
45
46
43
43
43
43
37
103
127
92
38
40
40
40
43
43
43
43
40
122
127
127
55
39
43
42
43
44
43
43
45
127
127
127
105
36
43
43
42
44
45
41
54
127
127
127
127
62
40
46
43
44
44
38
67
127
127
127
127
112
47
44
43
43
43
36
77
127
127
127
127
127
60
40
96
92
89
85
83
82
82
83
85
89
92
96
101
98
94
91
89
87
87
88
90
93
97
100
110
106
103
99
96
95
95
96
98
101
104
108
120
117
113
109
106
105
104
105
107
110
112
116
127
127
127
121
119
116
116
116
117
120
123
126
126
127
127
127
127
127
127
127
127
127
127
127
100
109
120
127
127
127
127
127
127
127
126
123
65
68
75
86
107
127
125
116
110
106
104
103
42
42
42
42
46
53
49
52
54
57
61
64
39
38
37
37
37
34
30
37
40
40
42
43
40
40
40
40
40
35
30
36
39
38
37
37
40
40
40
40
40
36
32
34
40
40
40
40
40
41
40
41
40
34
32
32
37
40
40
40
40
42
40
41
40
33
32
32
33
39
40
41
40
42
40
40
39
32
32
32
32
36
40
41
41
41
40
40
37
32
32
32
32
33
40
40
127
127
127
127
127
127
127
127
127
127
127
127
127
127
127
127
127
127
127
127
127
127
127
127
127
127
127
127
127
127
127
127
127
127
127
127
127
127
127
127
127
127
127
127
127
127
127
127
127
127
127
127
127
127
127
127
127
127
127
127
127
127
127
127
127
127
127
127
127
127
127
127
98
113
127
127
127
127
127
127
127
127
127
122
65
68
73
87
115
127
127
123
110
104
103
103
43
43
43
43
47
55
50
53
54
58
61
65
40
39
38
37
37
34
30
37
40
42
43
43
41
40
40
40
41
35
30
37
40
39
38
37
41
40
41
40
42
36
31
34
41
40
40
40
40
42
41
42
41
34
32
32
37
41
40
41
40
43
42
42
40
33
32
32
33
39
41
42
41
43
41
41
39
33
32
32
32
36
41
42
42
42
40
40
38
33
32
32
32
33
40
41
