96
92
89
84
80
77
75
75
75
76
78
82
100
96
92
87
83
80
78
78
79
81
83
87
106
103
98
93
89
86
85
84
85
88
91
95
114
110
106
101
97
94
92
92
94
96
100
103
124
120
115
110
106
103
103
102
104
108
113
117
124
127
127
126
122
116
116
120
122
123
123
120
106
113
118
123
126
127
123
120
116
112
106
100
74
77
84
93
103
123
113
94
85
75
69
65
48
47
48
47
45
92
79
41
45
44
43
43
43
41
41
40
34
104
124
41
38
41
40
41
43
42
43
42
38
123
127
79
38
43
43
43
43
43
43
42
43
127
127
127
48
41
43
43
42
44
44
40
50
127
127
127
93
37
43
43
43
44
43
39
61
127
127
127
127
57
40
45
44
44
44
40
74
127
127
127
127
106
47
43
44
44
46
41
85
127
127
127
127
127
57
41
109
106
101
96
92
89
87
86
87
88
90
94
113
110
105
99
96
93
91
90
91
93
96
99
120
116
111
106
102
99
97
96
98
101
104
107
127
123
119
114
110
106
105
105
107
110
113
116
127
127
127
123
119
116
115
114
117
121
126
127
127
127
127
127
127
127
127
127
127
127
127
124
106
115
123
127
127
127
127
127
123
116
107
99
74
77
83
93
107
126
117
97
84
74
68
64
47
47
45
45
47
51
48
43
43
42
42
42
40
39
38
37
37
33
31
36
37
37
38
38
40
39
40
40
40
33
31
37
40
40
40
40
40
40
40
40
40
34
31
33
40
40
40
40
40
41
40
40
40
33
32
32
37
41
41
40
40
40
40
40
39
33
32
32
33
40
41
40
40
40
40
40
39
33
32
32
32
36
40
40
41
40
40
41
38
32
32
32
32
33
40
41
127
127
127
127
127
127
127
127
127
127
127
127
127
127
127
127
127
127
127
127
127
127
127
127
127
127
127
127
127
127
127
127
127
127
127
127
127
127
127
127
127
127
127
127
127
127
127
127
127
127
127
127
127
127
127
127
127
127
127
127
127
127
127
127
127
127
127
127
127
127
127
127
105
120
127
127
127
127
127
127
127
127
111
98
73
75
82
96
118
127
127
103
84
71
67
64
47
47
46
45
47
54
50
43
43
42
42
42
40
40
39
37
37
33
31
37
38
39
39
40
40
40
40
40
41
34
31
38
41
41
40
42
40
41
41
40
41
35
31
34
41
42
41
42
40
42
42
40
40
33
32
32
37
43
41
41
41
42
41
41
40
33
32
32
33
40
42
42
42
42
42
43
40
32
32
32
32
37
41
42
42
42
43
43
39
32
32
32
32
34
40
42
