83
80
76
74
71
71
71
71
74
76
80
83
89
85
82
79
77
75
75
76
78
82
85
88
97
94
90
87
85
83
82
83
85
89
92
95
107
104
100
96
94
92
92
92
94
97
100
103
121
117
113
108
106
103
103
103
104
106
110
115
123
127
127
127
124
120
120
119
120
121
124
125
102
110
116
123
127
127
127
127
126
125
124
123
66
70
78
89
109
127
119
113
110
106
105
103
43
44
44
45
46
96
75
50
57
61
64
68
41
41
40
40
36
120
110
37
42
44
44
46
43
43
43
41
49
127
127
57
38
41
40
40
43
43
44
40
69
127
127
96
38
42
43
44
43
45
43
37
93
127
127
127
50
41
43
44
43
44
42
41
120
127
127
127
89
39
44
43
43
43
40
52
127
127
127
127
127
50
43
43
41
41
39
63
127
127
127
127
127
67
41
44
96
92
89
85
83
82
82
83
85
89
92
96
101
98
94
91
89
87
87
88
90
93
97
100
110
106
103
99
96
95
95
96
98
100
104
107
120
117
113
109
106
104
104
105
107
109
113
116
127
127
127
121
119
116
116
116
117
120
123
127
127
127
127
127
127
127
127
127
127
127
127
127
102
111
123
127
127
127
127
127
127
127
125
123
66
70
77
89
113
127
123
115
110
106
104
103
42
42
42
43
49
51
50
52
54
58
63
66
38
38
37
37
37
32
33
39
39
41
43
43
40
40
40
40
39
32
33
39
39
38
37
37
40
40
40
41
39
33
32
37
40
40
40
40
40
41
41
41
37
32
32
33
40
41
40
40
40
41
40
40
35
32
32
32
37
41
40
40
40
40
40
39
33
32
32
32
34
40
41
40
38
39
40
39
33
32
32
32
32
38
40
41
127
127
127
127
127
127
127
127
127
127
127
127
127
127
127
127
127
127
127
127
127
127
127
127
127
127
127
127
127
127
127
127
127
127
127
127
127
127
127
127
127
127
127
127
127
127
127
127
127
127
127
127
127
127
127
127
127
127
127
127
127
127
127
127
127
127
127
127
127
127
127
127
101
116
127
127
127
127
127
127
127
127
127
120
65
68
75
91
124
127
127
121
110
103
103
103
43
43
43
43
50
54
50
52
55
59
62
66
40
39
38
37
37
31
32
39
40
41
42
43
41
40
40
41
40
32
33
39
39
38
38
38
40
41
41
42
39
33
32
37
40
40
41
42
41
42
42
41
37
32
32
33
40
42
41
42
41
42
41
40
35
32
32
32
38
42
42
41
40
40
40
40
33
32
32
32
34
41
42
41
39
39
40
40
33
32
32
32
32
39
42
42
