83
81
78
75
72
72
72
73
75
78
82
83
89
86
82
79
77
76
76
77
79
82
85
88
97
94
90
87
85
83
83
84
86
89
92
95
108
104
100
97
95
92
92
92
95
97
100
103
121
117
113
109
106
104
103
103
105
107
110
116
123
127
127
127
124
120
120
120
121
121
124
125
103
110
118
124
127
127
127
127
126
125
124
122
67
71
78
90
113
127
118
113
109
106
104
103
44
44
44
44
51
106
61
54
57
61
64
68
42
41
40
33
72
127
54
40
42
43
45
47
43
43
41
47
124
127
64
39
41
41
40
40
43
43
40
82
127
127
77
39
43
43
43
43
43
40
49
127
127
127
93
40
45
43
43
43
42
40
102
127
127
127
107
39
45
44
43
43
40
68
127
127
127
127
121
40
44
44
45
43
40
106
127
127
127
127
127
41
43
45
45
44
96
92
89
86
84
82
82
84
86
89
92
96
102
98
94
92
89
88
88
89
91
93
97
100
111
107
103
99
97
96
96
96
99
101
105
107
121
118
113
110
107
105
105
105
107
110
113
116
127
127
127
122
119
116
116
116
118
120
123
127
127
127
127
127
127
127
127
127
127
127
127
127
103
113
123
127
127
127
127
127
127
127
125
122
67
71
78
91
118
127
122
115
109
106
103
103
42
42
42
43
50
49
51
52
55
59
64
67
39
38
37
37
35
30
37
38
40
40
43
44
40
40
40
40
34
30
38
40
39
38
37
37
40
40
41
37
33
32
38
40
40
40
40
40
40
40
39
34
32
32
37
41
41
41
40
40
40
40
36
32
32
32
36
40
40
41
41
40
41
38
33
32
32
32
35
40
40
41
41
40
40
37
32
32
32
32
34
40
40
40
42
41
127
127
127
127
127
127
127
127
127
127
127
127
127
127
127
127
127
127
127
127
127
127
127
127
127
127
127
127
127
127
127
127
127
127
127
127
127
127
127
127
127
127
127
127
127
127
127
127
127
127
127
127
127
127
127
127
127
127
127
127
127
127
127
127
127
127
127
127
127
127
127
127
103
119
127
127
127
127
127
127
127
127
127
119
65
68
75
92
127
127
127
120
109
103
103
103
43
43
43
43
51
51
52
52
55
60
63
68
40
39
38
38
34
30
36
38
40
42
43
45
41
40
41
40
34
30
39
40
40
39
38
38
41
41
42
38
33
32
39
41
41
41
41
41
40
41
40
34
32
31
38
43
42
42
40
40
41
41
36
32
32
32
37
43
42
42
41
41
42
39
33
32
32
32
35
41
42
42
43
41
41
37
32
32
32
32
34
40
41
42
43
42
