83
80
76
74
71
71
71
71
74
78
81
84
89
85
82
79
77
75
75
76
78
81
85
88
97
94
90
87
85
83
82
83
85
88
92
94
107
104
100
96
94
92
92
92
94
97
100
103
121
117
113
109
106
103
103
103
104
107
110
115
122
126
127
127
124
120
120
120
120
121
123
125
101
109
116
122
127
127
127
127
127
125
124
123
66
69
76
85
109
125
120
114
110
106
105
103
44
43
44
45
45
94
78
52
57
60
63
68
41
40
40
37
46
127
89
35
42
43
45
47
43
43
43
39
85
127
113
36
42
42
41
40
43
43
41
49
127
127
127
42
43
43
43
44
43
43
37
89
127
127
127
52
40
43
44
45
43
42
51
127
127
127
127
68
39
43
43
44
43
43
94
127
127
127
127
87
38
43
43
43
42
46
127
127
127
127
127
102
39
43
43
41
96
92
89
85
83
82
82
83
85
88
92
96
101
98
94
91
89
87
87
88
90
92
96
100
110
106
103
99
96
95
95
96
98
100
104
106
120
117
113
110
106
105
104
105
107
110
113
115
127
127
127
121
119
116
116
116
118
120
123
126
127
127
127
127
127
127
127
127
127
127
127
127
101
110
120
127
127
127
127
127
127
127
126
123
65
69
75
86
113
127
123
117
110
106
104
103
42
42
42
42
49
50
50
52
54
57
62
65
38
38
37
37
37
30
33
38
38
40
42
43
40
40
40
40
37
30
34
40
38
38
37
37
40
40
40
40
34
31
34
40
40
40
40
40
40
40
40
37
32
32
33
40
40
40
41
41
40
42
40
34
32
32
33
40
41
40
40
41
40
41
37
32
32
32
33
37
41
40
40
40
40
40
35
32
32
32
32
36
42
41
40
38
127
127
127
127
127
127
127
127
127
127
127
127
127
127
127
127
127
127
127
127
127
127
127
127
127
127
127
127
127
127
127
127
127
127
127
127
127
127
127
127
127
127
127
127
127
127
127
127
127
127
127
127
127
127
127
127
127
127
127
127
127
127
127
127
127
127
127
127
127
127
127
127
99
114
127
127
127
127
127
127
127
127
127
121
64
67
73
86
123
127
127
123
110
103
103
103
43
43
43
42
50
50
50
52
54
58
62
66
39
40
38
37
37
30
33
38
40
41
43
44
40
41
40
41
37
31
35
40
40
39
38
38
41
41
41
40
34
31
34
41
41
41
41
42
40
41
41
37
32
32
33
40
41
40
41
42
41
43
40
34
32
32
33
40
42
40
41
42
41
43
38
32
32
32
32
38
42
41
41
40
42
40
35
32
32
32
32
37
43
42
41
39
