83
80
77
74
71
71
71
71
74
78
81
82
89
85
82
79
77
75
75
76
78
81
85
87
97
94
90
87
85
83
83
83
85
88
92
94
107
105
100
96
94
92
92
92
94
97
100
103
121
117
113
109
106
104
103
103
104
107
110
113
121
125
127
127
125
121
120
120
120
121
123
124
99
106
113
120
127
127
127
127
127
125
125
123
64
68
75
83
105
123
122
114
110
107
105
103
43
44
44
45
47
73
98
50
57
59
63
66
42
41
40
40
34
96
127
42
40
43
43
46
43
43
43
42
45
127
127
64
37
41
40
40
43
43
44
40
70
127
127
96
37
43
43
43
43
43
43
39
107
127
127
127
44
42
43
43
43
43
39
50
127
127
127
127
65
41
44
43
43
42
37
82
127
127
127
127
99
42
44
43
43
41
37
113
127
127
127
127
127
43
43
43
96
92
89
85
83
82
82
83
85
88
92
95
101
98
94
91
89
87
87
88
90
92
96
99
110
106
103
99
96
95
95
96
98
100
104
106
120
117
113
110
106
105
104
105
107
110
113
115
127
127
127
122
119
116
116
116
117
120
123
126
124
127
127
127
127
127
127
127
127
127
127
127
99
107
118
127
127
127
127
127
127
127
127
124
64
68
74
83
109
127
123
119
110
106
104
103
42
42
42
42
47
52
48
52
54
57
61
64
38
38
37
37
37
33
31
37
39
40
41
43
40
40
40
40
40
33
32
38
39
37
37
37
41
40
40
40
39
33
32
37
40
40
40
40
40
40
41
40
36
32
32
34
40
41
41
40
40
40
39
39
33
32
32
33
39
41
42
41
40
40
38
37
32
32
32
31
37
41
42
41
40
38
39
37
32
32
32
31
36
41
41
40
127
127
127
127
127
127
127
127
127
127
127
127
127
127
127
127
127
127
127
127
127
127
127
127
127
127
127
127
127
127
127
127
127
127
127
127
127
127
127
127
127
127
127
127
127
127
127
127
127
127
127
127
127
127
127
127
127
127
127
127
127
127
127
127
127
127
127
127
127
127
127
127
97
110
127
127
127
127
127
127
127
127
127
123
64
67
71
82
117
127
127
126
113
105
103
103
43
43
42
42
49
53
50
53
54
57
61
64
40
39
38
37
37
33
30
37
39
40
42
43
41
40
40
41
40
33
31
39
40
38
38
38
42
40
41
42
40
33
32
37
41
40
41
41
41
41
42
40
37
32
32
35
40
42
42
41
41
41
40
40
34
32
32
33
40
43
43
42
41
40
39
38
33
32
32
32
38
43
42
42
40
39
40
37
32
32
32
31
36
43
41
41
