83
81
78
75
72
72
72
73
75
76
80
84
89
86
82
80
78
76
76
77
79
82
85
88
97
94
90
88
85
83
83
84
86
89
92
94
108
105
101
97
95
92
92
92
95
97
100
103
122
118
114
110
106
104
103
103
105
107
110
113
119
123
127
127
125
121
120
120
121
122
123
125
97
104
112
120
127
127
127
127
127
126
125
124
64
68
72
82
108
123
122
114
111
108
106
104
44
43
44
45
51
56
103
63
51
59
62
64
41
40
41
40
40
39
119
108
40
40
45
45
43
43
43
43
43
38
126
127
79
38
40
41
43
43
43
43
43
39
113
127
127
60
41
44
43
42
43
42
44
40
107
127
127
127
48
40
45
43
43
42
46
40
100
127
127
127
107
45
46
44
43
43
47
40
93
127
127
127
127
90
44
44
43
43
46
40
89
127
127
127
127
127
96
92
89
86
84
82
82
84
86
89
92
96
102
98
94
92
89
88
88
89
91
94
97
100
111
107
103
99
97
96
96
96
99
102
105
107
120
118
114
110
107
106
105
105
107
110
113
116
127
127
127
122
120
117
116
116
118
120
123
127
122
127
127
127
127
127
127
127
127
127
127
127
96
105
115
127
127
127
127
127
127
127
127
124
64
67
71
81
112
127
122
118
112
107
105
103
42
42
43
43
48
52
48
51
54
56
60
63
38
38
38
38
37
37
32
33
39
40
41
43
40
40
40
40
40
40
33
32
36
39
38
37
40
40
40
40
40
40
36
32
33
39
40
40
40
40
40
39
40
41
37
32
32
34
40
41
41
40
40
40
41
41
37
32
32
32
37
41
42
41
40
40
41
41
37
32
32
32
33
38
41
40
40
40
40
40
37
32
32
32
32
33
127
127
127
127
127
127
127
127
127
127
127
127
127
127
127
127
127
127
127
127
127
127
127
127
127
127
127
127
127
127
127
127
127
127
127
127
127
127
127
127
127
127
127
127
127
127
127
127
127
127
127
127
127
127
127
127
127
127
127
127
127
127
127
127
127
127
127
127
127
127
127
127
93
106
124
127
127
127
127
127
127
127
127
126
64
65
70
81
121
127
127
126
115
106
103
103
43
43
42
43
50
54
49
51
54
57
60
64
39
39
39
38
37
37
31
33
39
41
42
43
41
40
40
41
40
40
33
31
37
40
39
38
42
41
41
41
40
41
36
31
33
40
42
41
41
40
41
40
41
42
37
32
32
35
41
43
42
41
40
41
42
42
38
32
32
33
37
43
43
42
40
41
43
42
38
32
32
32
33
38
42
42
41
41
42
42
38
32
32
32
32
33
