83
80
77
74
71
71
71
71
74
78
81
84
89
85
82
79
77
75
75
76
78
81
85
88
97
94
90
87
85
83
83
83
85
88
92
94
107
105
100
96
94
92
92
92
94
97
100
103
121
117
113
109
106
104
103
103
104
107
110
113
120
123
127
127
124
121
120
120
120
121
123
125
97
105
113
120
127
127
127
127
127
125
125
123
64
68
73
84
113
123
121
113
111
108
105
103
43
44
44
45
51
57
103
61
52
59
62
65
41
42
40
40
40
40
122
105
39
40
45
46
43
43
43
43
42
38
127
127
79
38
40
40
43
43
43
43
43
39
110
127
127
61
40
42
44
43
44
43
43
39
100
127
127
127
52
37
44
44
43
43
43
39
90
127
127
127
113
47
44
44
43
43
43
39
80
127
127
127
127
98
44
44
43
42
42
39
72
127
127
127
127
127
96
92
89
85
83
82
82
83
85
88
92
95
101
98
94
91
89
87
87
88
90
92
96
99
110
106
103
99
96
95
95
96
98
100
104
106
120
117
113
110
106
105
104
105
107
110
113
115
127
127
127
122
119
116
116
116
117
120
123
125
123
127
127
127
127
127
127
127
127
127
127
127
97
106
116
127
127
127
127
127
127
127
127
124
64
67
71
83
117
127
122
117
111
106
105
103
42
42
42
42
50
51
48
52
54
56
60
63
38
39
37
37
37
37
32
34
39
40
41
43
40
40
40
40
39
40
33
32
36
38
38
37
40
40
40
40
40
40
36
32
33
38
40
40
40
41
41
40
40
42
37
32
32
34
40
40
40
41
40
40
40
41
38
32
32
32
35
40
40
41
40
40
40
41
38
32
32
32
33
36
41
42
40
39
40
41
37
32
32
32
32
33
127
127
127
127
127
127
127
127
127
127
127
127
127
127
127
127
127
127
127
127
127
127
127
127
127
127
127
127
127
127
127
127
127
127
127
127
127
127
127
127
127
127
127
127
127
127
127
127
127
127
127
127
127
127
127
127
127
127
127
127
127
127
127
127
127
127
127
127
127
127
127
127
95
108
126
127
127
127
127
127
127
127
127
125
64
66
70
83
127
127
127
124
113
106
103
103
43
43
42
43
51
54
48
52
54
57
60
64
39
40
38
37
37
37
31
33
39
41
43
43
40
41
40
40
40
40
33
32
37
39
39
38
40
40
41
41
41
41
36
31
33
39
41
40
42
42
42
41
40
42
38
32
32
34
40
41
42
43
41
40
41
42
39
32
32
32
36
40
42
43
41
40
41
42
39
32
32
32
33
36
42
43
40
40
41
42
38
32
32
32
32
33
