83
80
76
74
71
71
71
71
74
78
81
84
89
85
82
79
77
75
75
76
78
81
85
88
97
94
90
87
85
83
82
83
85
88
92
94
107
105
100
96
94
92
92
92
94
97
100
103
121
117
113
109
106
103
103
103
104
107
110
113
120
124
127
127
123
121
120
120
120
121
123
125
99
106
113
122
127
127
127
127
127
125
125
123
64
68
74
88
117
123
120
113
110
107
105
103
44
43
44
46
53
62
105
55
54
60
63
65
41
40
40
40
40
43
127
95
37
40
44
46
43
43
43
43
42
40
127
127
72
37
39
41
43
43
43
43
43
40
123
127
127
55
41
44
43
44
43
43
42
37
112
127
127
124
47
39
43
43
43
43
43
37
101
127
127
127
106
44
42
43
42
43
43
37
91
127
127
127
127
91
41
44
43
42
43
37
84
127
127
127
127
127
96
92
89
85
83
82
82
83
85
88
92
96
101
98
94
91
89
87
87
88
90
92
96
100
110
106
103
99
96
95
95
96
98
100
103
108
120
117
113
110
106
105
104
105
107
110
112
116
127
127
127
122
119
116
116
116
117
120
123
126
123
127
127
127
127
127
127
127
127
127
127
127
97
106
117
127
127
127
127
127
127
127
127
124
64
67
72
88
122
127
121
116
111
106
105
103
42
42
42
43
50
51
48
52
54
57
61
64
38
38
37
37
37
37
31
34
40
40
41
43
40
40
40
40
40
40
33
32
37
38
37
37
40
40
40
40
41
40
35
32
33
39
40
41
41
41
40
40
40
40
36
32
32
35
40
40
41
40
40
40
40
39
36
32
32
33
36
40
40
40
39
40
40
39
37
32
32
32
33
37
39
41
40
40
40
40
38
32
32
32
32
33
127
127
127
127
127
127
127
127
127
127
127
127
127
127
127
127
127
127
127
127
127
127
127
127
127
127
127
127
127
127
127
127
127
127
127
127
127
127
127
127
127
127
127
127
127
127
127
127
127
127
127
127
127
127
127
127
127
127
127
127
127
127
127
127
127
127
127
127
127
127
127
127
96
109
127
127
127
127
127
127
127
127
127
123
64
67
70
89
127
127
127
123
113
105
103
102
43
43
42
44
53
52
48
53
54
57
61
64
39
40
38
37
37
37
30
34
40
41
42
43
40
41
40
40
40
40
33
33
37
40
38
38
41
41
41
41
42
41
35
32
34
40
41
42
42
42
41
41
40
40
36
32
32
35
41
41
42
40
40
41
41
40
36
32
32
33
36
40
40
40
40
41
41
40
37
32
32
32
33
37
40
42
40
40
41
40
39
32
32
32
32
33
