83
80
77
74
71
71
71
72
75
76
80
84
89
85
82
79
77
75
75
76
78
81
85
88
97
94
90
87
85
83
82
83
85
89
92
94
107
105
100
96
94
92
92
92
94
97
100
103
121
117
113
108
106
103
103
103
104
107
110
114
121
125
127
127
123
120
120
119
120
121
123
125
99
107
114
124
127
127
127
127
127
125
125
123
64
69
75
92
121
123
119
112
110
107
105
103
43
44
44
47
53
70
101
51
56
60
63
66
41
42
40
40
39
54
127
78
34
43
45
47
43
43
43
43
40
50
127
127
59
37
40
41
44
43
43
43
41
47
127
127
117
46
41
43
42
42
43
44
43
45
127
127
127
102
40
41
44
44
44
44
43
42
127
127
127
127
84
37
46
45
44
43
43
40
127
127
127
127
127
68
45
43
44
43
43
39
123
127
127
127
127
116
96
92
89
85
83
82
82
83
85
89
92
96
101
98
94
91
89
87
87
88
90
93
97
100
110
106
103
99
96
95
95
96
98
101
104
108
120
117
113
109
106
105
104
105
107
110
112
116
127
127
127
121
119
116
116
116
117
120
123
126
124
127
127
127
127
127
127
127
127
127
127
127
99
108
119
127
127
127
127
127
127
127
127
123
64
68
73
93
127
125
120
116
110
106
104
103
42
42
42
44
52
50
49
53
54
57
61
64
38
39
38
37
37
37
30
35
39
40
42
43
40
40
40
40
40
39
31
33
37
38
37
37
40
40
40
40
40
40
33
32
36
41
40
40
39
40
40
41
40
40
34
32
32
37
41
40
40
40
41
41
41
40
34
32
32
33
39
40
40
41
41
41
40
40
34
32
32
32
34
38
40
41
41
40
40
40
34
32
32
32
32
35
127
127
127
127
127
127
127
127
127
127
127
127
127
127
127
127
127
127
127
127
127
127
127
127
127
127
127
127
127
127
127
127
127
127
127
127
127
127
127
127
127
127
127
127
127
127
127
127
127
127
127
127
127
127
127
127
127
127
127
127
127
127
127
127
127
127
127
127
127
127
127
127
97
112
127
127
127
127
127
127
127
127
127
123
64
67
71
96
127
127
127
121
112
104
102
103
43
43
42
45
54
51
49
53
55
58
61
65
39
40
39
37
37
36
30
35
40
41
43
45
40
41
41
40
40
40
32
33
39
40
38
39
41
41
41
40
40
40
33
32
37
42
41
41
40
40
41
42
41
40
34
32
33
37
42
41
41
42
42
42
42
41
34
32
32
33
39
41
42
43
42
42
41
41
34
32
32
31
34
39
42
42
42
41
40
41
35
32
32
32
32
36
