83
80
76
74
71
71
71
71
74
76
80
83
89
85
82
79
77
75
75
76
78
82
85
88
97
94
90
87
85
83
82
83
85
89
92
95
107
104
100
96
94
92
92
92
94
97
100
103
121
117
113
108
106
103
103
103
104
107
110
114
122
126
127
127
123
120
120
119
120
121
123
125
101
109
116
127
127
127
127
127
126
125
124
123
65
69
76
99
124
122
116
112
110
106
105
103
44
43
44
49
53
80
92
50
57
61
63
67
41
40
40
40
37
73
127
61
36
43
45
46
43
43
43
43
38
75
127
113
47
37
40
40
43
43
43
43
40
74
127
127
87
39
42
43
43
44
44
44
40
73
127
127
127
64
37
44
42
44
44
44
40
72
127
127
127
127
54
40
43
44
43
43
38
72
127
127
127
127
103
47
43
43
42
41
38
73
127
127
127
127
127
64
96
92
89
85
83
82
82
83
85
89
92
96
101
98
94
91
89
87
87
88
90
93
97
100
110
106
103
99
96
95
95
96
98
100
104
108
120
117
113
109
106
104
104
105
107
109
113
116
127
127
127
121
119
116
116
116
117
120
123
126
127
127
127
127
127
127
127
127
127
127
127
127
100
110
120
127
127
127
127
127
127
127
127
123
65
69
75
101
127
123
120
115
110
106
104
103
42
42
42
46
53
50
50
54
55
58
62
65
38
38
37
37
37
35
31
37
40
41
42
43
40
40
40
40
40
37
30
34
38
38
37
37
40
40
40
40
41
39
32
33
37
40
40
40
40
41
40
41
41
39
32
32
33
39
40
41
40
42
41
41
40
37
32
32
32
34
40
42
40
42
40
40
40
38
32
32
32
32
37
41
41
41
40
38
40
40
32
32
32
32
33
39
127
127
127
127
127
127
127
127
127
127
127
127
127
127
127
127
127
127
127
127
127
127
127
127
127
127
127
127
127
127
127
127
127
127
127
127
127
127
127
127
127
127
127
127
127
127
127
127
127
127
127
127
127
127
127
127
127
127
127
127
127
127
127
127
127
127
127
127
127
127
127
127
99
114
127
127
127
127
127
127
127
127
127
122
64
67
73
106
127
127
127
120
110
103
103
103
43
43
43
47
54
50
49
54
55
58
62
66
39
40
38
37
37
34
30
37
40
42
43
44
40
41
40
40
40
38
30
35
40
39
38
37
41
40
41
40
42
40
32
33
38
40
40
40
40
42
41
42
42
40
32
32
33
39
41
42
40
43
42
42
41
38
32
32
32
34
41
43
41
43
41
40
41
39
32
32
32
32
38
42
42
42
40
39
40
40
32
32
32
32
33
40
