83
80
76
74
71
71
71
71
74
77
80
83
89
85
82
79
77
75
75
76
78
82
85
88
97
94
90
87
85
83
82
83
85
89
92
95
107
104
100
96
94
92
92
92
94
97
100
103
121
117
113
108
106
103
103
103
104
106
110
115
123
127
127
127
123
120
120
119
120
121
124
125
102
110
117
127
127
127
127
127
126
125
124
123
66
70
78
107
125
122
116
113
110
106
105
103
43
44
44
51
52
92
81
50
58
61
64
68
41
41
40
40
35
100
126
45
38
43
45
47
43
44
43
42
37
113
127
86
37
40
41
40
43
44
43
43
38
120
127
127
57
41
44
43
43
43
43
43
40
127
127
127
115
39
43
44
42
42
42
42
45
127
127
127
127
80
38
44
42
43
43
42
49
127
127
127
127
127
59
43
43
46
45
42
51
127
127
127
127
127
91
43
96
92
89
85
83
82
82
83
85
89
92
96
101
98
94
91
89
87
87
88
90
93
97
100
110
106
103
99
96
95
95
96
98
101
104
107
120
117
113
109
106
104
104
104
106
110
113
116
127
127
127
121
118
116
116
115
118
120
123
127
127
127
127
127
127
127
127
127
127
127
127
127
102
111
123
127
127
127
127
127
127
127
125
123
66
70
77
110
127
123
119
113
110
105
103
103
42
42
41
48
53
49
50
54
55
58
62
66
38
38
37
37
37
33
31
38
40
41
42
44
40
40
40
40
40
34
30
35
39
39
38
37
40
41
40
40
40
35
32
33
40
41
41
40
40
40
40
40
40
34
32
32
36
40
40
41
40
39
40
40
41
34
32
32
33
37
40
41
39
40
40
40
41
34
32
32
32
34
40
42
40
41
41
41
40
33
32
32
32
32
38
43
127
127
127
127
127
127
127
127
127
127
127
127
127
127
127
127
127
127
127
127
127
127
127
127
127
127
127
127
127
127
127
127
127
127
127
127
127
127
127
127
127
127
127
127
127
127
127
127
127
127
127
127
127
127
127
127
127
127
127
127
127
127
127
127
127
127
127
127
127
127
127
127
101
116
127
127
127
127
127
127
127
127
127
120
65
68
75
118
127
127
127
118
109
103
103
103
43
43
42
50
54
49
50
54
55
59
62
66
39
40
39
37
37
33
31
39
40
42
43
44
40
42
41
40
40
35
31
37
40
40
38
38
41
42
41
40
41
35
31
33
40
42
41
41
41
40
40
41
41
35
32
32
36
41
42
42
40
40
40
42
42
34
32
32
33
38
42
43
40
40
41
42
42
34
32
32
32
34
40
43
40
43
42
42
41
33
32
32
32
32
40
43
