83
80
76
74
71
71
71
71
74
77
80
83
89
85
82
79
77
75
75
76
78
82
85
88
97
94
90
87
85
82
82
83
85
89
92
95
107
103
99
96
94
92
92
92
94
97
100
103
120
116
112
108
106
103
103
103
104
106
110
116
123
127
127
126
123
121
120
120
120
121
124
126
103
111
119
127
127
127
127
127
125
125
124
123
67
71
80
115
123
121
114
112
109
106
105
103
44
43
44
53
53
101
68
53
58
61
64
68
41
41
40
40
40
127
102
37
43
44
45
47
43
43
43
40
48
127
127
57
38
42
40
40
43
42
43
39
63
127
127
103
40
43
42
43
43
44
43
37
78
127
127
127
59
39
43
42
43
43
43
38
98
127
127
127
112
40
43
43
43
43
43
43
118
127
127
127
127
68
40
42
43
44
44
47
127
127
127
127
127
106
38
41
96
92
89
85
83
82
82
83
85
89
92
96
101
98
94
91
89
87
87
88
90
93
97
100
110
106
103
99
96
95
95
96
98
101
104
107
120
117
113
109
106
104
104
104
106
110
113
116
127
127
125
121
118
116
115
115
118
120
123
127
127
127
127
127
127
127
127
127
127
127
127
127
103
113
125
127
127
127
127
127
127
127
125
122
67
71
79
120
127
122
118
113
109
106
103
103
42
42
42
51
53
48
51
54
56
59
63
67
38
39
37
37
37
31
33
39
40
41
43
43
40
40
40
39
38
32
32
37
39
38
37
37
40
40
40
40
39
33
32
36
40
40
39
40
40
41
40
40
38
33
32
33
39
40
40
40
40
41
40
41
38
32
32
32
36
40
40
40
40
41
41
41
37
32
32
32
33
39
40
40
41
42
43
40
35
32
32
32
32
36
40
39
127
127
127
127
127
127
127
127
127
127
127
127
127
127
127
127
127
127
127
127
127
127
127
127
127
127
127
127
127
127
127
127
127
127
127
127
127
127
127
127
127
127
127
127
127
127
127
127
127
127
127
127
127
127
127
127
127
127
127
127
127
127
127
127
127
127
127
127
127
127
127
127
103
120
127
127
127
127
127
127
127
127
127
120
65
68
79
127
127
127
126
116
107
103
103
103
43
43
42
52
54
48
51
54
55
60
63
67
39
40
38
37
37
30
33
39
40
42
43
44
40
41
40
40
40
33
32
38
40
39
38
37
41
40
41
40
40
33
32
37
41
41
40
40
40
42
41
41
38
33
32
33
40
41
41
40
40
42
41
42
37
32
32
32
36
41
41
40
40
42
42
42
37
32
32
32
33
40
41
40
41
42
43
42
35
32
32
32
32
37
40
40
