83
80
76
74
71
71
71
71
74
78
82
85
89
85
82
78
76
75
75
76
78
82
85
89
98
94
90
86
84
82
82
83
85
89
92
95
107
103
99
96
94
92
91
92
94
97
100
103
120
116
112
108
106
103
103
103
103
106
110
117
125
127
127
125
123
120
120
120
120
121
124
125
105
113
123
127
127
127
127
127
126
124
124
121
68
73
89
126
122
120
114
112
110
106
104
103
44
43
46
54
62
103
56
57
58
62
65
69
41
41
40
35
71
127
55
40
43
44
46
47
43
43
42
38
108
127
83
37
41
41
41
40
43
43
40
54
127
127
120
40
43
43
44
42
43
43
38
87
127
127
127
54
40
43
42
42
43
43
43
127
127
127
127
82
38
43
43
43
43
41
69
127
127
127
127
115
42
43
43
44
43
39
99
127
127
127
127
127
49
42
43
43
96
92
88
85
83
82
82
83
85
89
92
96
101
98
94
91
89
87
87
88
90
93
97
100
110
107
103
99
96
95
95
96
98
101
104
107
120
117
113
109
106
104
104
104
106
110
113
116
127
127
125
121
118
116
115
115
118
120
123
127
127
127
127
127
127
127
127
127
127
127
127
127
106
116
127
127
127
127
127
127
127
127
125
121
67
71
89
127
126
121
117
112
109
106
104
103
42
42
43
54
50
49
53
54
57
60
64
68
38
38
37
37
35
31
37
39
40
42
43
44
40
40
40
40
36
30
37
39
39
38
37
37
40
40
40
40
34
31
36
41
40
40
41
40
40
40
41
37
32
32
33
40
40
40
40
40
40
40
41
35
32
32
33
38
41
40
40
40
40
41
40
33
32
32
31
36
42
40
40
41
40
41
38
32
32
32
31
34
41
41
40
40
127
127
127
127
127
127
127
127
127
127
127
127
127
127
127
127
127
127
127
127
127
127
127
127
127
127
127
127
127
127
127
127
127
127
127
127
127
127
127
127
127
127
127
127
127
127
127
127
127
127
127
127
127
127
127
127
127
127
127
127
127
127
127
127
127
127
127
127
127
127
127
127
107
124
127
127
127
127
127
127
127
127
125
119
66
69
91
127
127
127
123
114
106
103
102
103
43
42
44
57
51
48
53
54
57
61
64
68
39
39
37
38
35
30
37
39
40
43
43
45
40
41
40
40
36
30
37
40
40
39
39
37
41
40
40
40
34
31
36
42
41
41
42
40
41
40
42
39
32
32
33
40
41
41
40
40
40
41
42
35
32
32
33
39
42
41
40
41
40
42
40
32
32
32
31
37
42
41
40
42
40
42
37
31
32
32
31
34
42
42
40
41
