83
80
76
74
71
71
71
71
74
78
82
85
89
85
82
78
76
75
75
76
78
82
85
89
98
94
90
86
84
82
82
83
85
89
92
95
107
103
99
96
94
92
92
92
94
97
100
103
120
116
112
108
106
103
103
103
104
106
111
117
125
127
127
124
123
121
120
120
120
121
124
125
106
113
125
127
127
127
127
127
126
124
124
121
68
73
92
127
121
120
114
112
110
106
104
103
43
43
47
54
65
101
55
57
58
63
66
69
41
41
40
34
86
127
45
41
43
45
45
47
43
43
40
47
127
127
60
39
41
41
40
40
43
43
39
79
127
127
83
38
43
43
43
44
44
43
43
127
127
127
108
36
43
43
43
44
45
39
80
127
127
127
127
41
42
43
44
43
43
50
127
127
127
127
127
56
40
44
44
43
40
69
127
127
127
127
127
71
39
43
45
45
96
92
89
85
83
82
82
83
85
89
92
96
101
98
94
91
89
87
87
88
90
93
97
100
110
106
103
99
96
95
95
96
98
101
104
107
120
116
113
109
106
104
104
104
106
110
113
116
127
127
125
121
118
116
115
115
118
120
123
127
127
127
127
127
127
127
127
127
127
127
127
127
106
117
127
127
127
127
127
127
127
127
124
121
68
71
94
127
125
121
117
111
108
106
104
103
42
42
44
55
50
48
53
54
56
61
64
68
38
37
37
37
34
31
38
40
40
42
43
44
40
40
40
39
33
31
38
40
38
38
37
37
40
40
41
39
33
32
38
40
40
40
40
41
40
41
40
35
32
32
35
39
40
40
40
40
40
41
38
33
32
32
34
40
40
41
41
40
41
40
35
32
32
32
33
40
40
41
41
40
42
40
33
32
32
32
33
39
40
40
40
41
127
127
127
127
127
127
127
127
127
127
127
127
127
127
127
127
127
127
127
127
127
127
127
127
127
127
127
127
127
127
127
127
127
127
127
127
127
127
127
127
127
127
127
127
127
127
127
127
127
127
127
127
127
127
127
127
127
127
127
127
127
127
127
127
127
127
127
127
127
127
127
127
109
126
127
127
127
127
127
127
127
127
125
118
67
69
96
127
127
127
123
113
106
103
103
103
43
42
45
57
51
48
53
54
57
61
64
68
39
39
37
38
33
30
38
40
41
43
43
45
40
41
41
40
33
31
39
40
39
39
37
37
40
41
42
39
33
32
39
41
40
40
40
42
42
43
41
35
32
32
35
40
41
41
41
42
42
43
38
33
32
32
34
40
41
42
42
41
42
41
35
32
32
32
33
40
41
42
42
42
43
40
33
32
32
32
33
40
41
41
41
43
