83
80
76
74
71
71
71
71
74
76
80
83
89
85
82
79
77
75
75
76
78
82
85
88
97
95
91
87
85
83
82
83
85
89
92
95
106
104
100
96
94
92
92
92
94
97
100
103
120
116
112
108
106
103
103
103
104
106
110
117
125
127
127
125
123
121
120
120
120
122
124
126
106
114
127
127
127
127
127
127
126
125
124
122
68
73
95
127
122
120
114
112
110
106
105
103
44
43
47
54
64
101
56
57
59
63
66
70
42
40
40
34
92
127
43
41
43
44
45
47
43
43
38
60
127
127
46
40
40
40
40
40
43
42
42
113
127
127
50
41
42
43
43
44
43
36
80
127
127
127
54
40
44
45
44
43
38
57
127
127
127
127
61
40
43
45
45
43
47
107
127
127
127
127
68
40
43
44
45
43
64
127
127
127
127
127
71
40
43
42
45
44
96
92
89
85
83
82
82
83
85
89
92
96
101
98
94
91
89
87
87
88
90
93
97
100
110
106
103
99
96
95
95
96
98
101
104
107
120
116
113
109
106
104
104
104
106
110
113
116
127
127
125
121
118
116
116
116
117
120
123
127
127
127
127
127
127
127
127
127
127
127
127
127
106
118
127
127
127
127
127
127
127
127
125
121
68
72
96
127
126
120
116
112
109
106
105
103
42
42
45
56
51
48
53
54
57
61
65
68
38
37
37
38
33
31
38
39
40
41
43
45
40
40
40
37
33
32
39
39
37
37
37
37
40
41
40
36
32
33
40
40
40
40
40
40
40
40
38
32
32
33
40
39
40
41
41
40
40
39
34
32
32
32
40
40
40
41
40
40
40
37
32
32
32
32
40
40
40
40
40
40
39
33
32
32
32
32
39
40
41
40
40
40
127
127
127
127
127
127
127
127
127
127
127
127
127
127
127
127
127
127
127
127
127
127
127
127
127
127
127
127
127
127
127
127
127
127
127
127
127
127
127
127
127
127
127
127
127
127
127
127
127
127
127
127
127
127
127
127
127
127
127
127
127
127
127
127
127
127
127
127
127
127
127
127
109
127
127
127
127
127
127
127
127
127
126
119
66
70
99
127
127
127
123
113
107
104
103
103
43
42
46
57
53
48
53
54
57
61
64
68
40
38
37
38
33
30
38
40
40
42
43
45
41
40
41
38
33
32
40
40
38
38
37
38
41
41
41
36
32
33
40
40
40
41
41
41
41
41
38
32
32
33
40
40
41
42
42
41
40
40
34
32
32
32
40
40
41
42
42
41
40
36
32
32
32
32
40
41
41
41
42
41
40
33
32
32
32
32
40
41
42
40
42
41
