83
80
76
74
71
71
71
71
74
76
80
84
89
85
82
79
77
75
75
76
78
81
85
88
97
95
91
87
85
83
82
83
85
89
92
94
106
104
100
96
94
92
92
92
94
97
100
103
120
116
112
108
106
103
103
103
104
106
110
116
125
127
127
125
123
121
120
120
120
122
123
125
106
113
125
127
127
127
127
127
126
126
125
122
68
73
92
127
123
120
114
111
110
107
106
103
44
43
47
54
61
103
57
57
59
63
66
70
41
40
40
33
80
127
50
40
43
45
46
47
43
43
40
51
127
127
57
39
41
41
40
40
43
43
40
96
127
127
63
40
43
43
44
43
43
37
64
127
127
127
70
39
43
43
45
43
42
48
123
127
127
127
78
39
43
43
43
43
45
92
127
127
127
127
88
39
43
43
42
43
50
127
127
127
127
127
94
39
44
41
41
43
96
92
89
85
83
82
82
83
85
89
92
96
101
98
94
91
89
87
87
88
90
93
97
100
110
106
103
99
96
95
95
96
98
101
104
107
120
116
113
109
106
104
104
105
107
110
112
116
127
127
125
121
119
116
116
116
117
120
123
127
127
127
127
127
127
127
127
127
127
127
127
127
106
117
127
127
127
127
127
127
127
127
125
122
67
71
94
127
127
121
117
112
109
106
104
103
42
42
43
55
52
48
53
54
57
61
64
68
38
37
37
38
34
30
37
39
40
42
43
45
40
40
40
38
33
30
38
39
38
38
37
37
40
40
40
36
32
32
39
40
40
40
40
40
40
40
39
33
32
32
39
41
40
40
41
41
42
40
34
32
32
32
38
41
40
41
41
40
41
37
32
32
32
32
38
41
40
40
40
40
40
34
32
32
32
32
37
42
41
38
38
40
127
127
127
127
127
127
127
127
127
127
127
127
127
127
127
127
127
127
127
127
127
127
127
127
127
127
127
127
127
127
127
127
127
127
127
127
127
127
127
127
127
127
127
127
127
127
127
127
127
127
127
127
127
127
127
127
127
127
127
127
127
127
127
127
127
127
127
127
127
127
127
127
108
126
127
127
127
127
127
127
127
127
126
120
66
69
96
127
127
127
123
113
106
104
103
103
43
42
44
57
54
48
53
54
57
61
64
68
39
39
38
38
34
30
37
39
40
43
43
45
40
40
41
39
33
31
39
40
40
39
38
38
41
41
41
37
32
32
40
41
41
41
42
41
41
41
40
33
32
32
40
42
40
41
43
42
43
41
35
32
32
32
39
42
40
42
42
41
42
38
32
32
32
32
38
42
41
41
40
41
40
34
32
32
32
32
37
43
42
39
39
41
