83
80
76
74
71
71
71
71
74
78
81
84
89
85
82
79
77
75
75
76
78
81
85
88
97
95
91
87
85
83
82
83
85
88
92
94
106
104
100
96
94
92
92
92
94
97
100
103
120
116
112
108
106
103
103
103
104
106
110
116
125
127
127
125
123
121
120
120
120
122
123
125
105
113
124
127
127
127
127
127
126
126
125
122
68
73
91
127
124
120
113
112
110
107
106
103
43
43
46
55
57
103
60
57
59
63
66
70
40
41
40
34
67
127
61
40
43
45
45
47
43
43
41
42
113
127
77
38
42
41
40
39
43
43
39
72
127
127
92
39
43
43
43
42
45
43
44
127
127
127
106
37
43
43
42
42
44
40
93
127
127
127
119
37
43
43
41
42
41
64
127
127
127
127
127
40
43
43
42
42
38
97
127
127
127
127
127
43
42
44
43
43
96
92
89
85
83
82
82
83
85
88
92
96
101
98
94
91
89
87
87
88
90
92
96
100
110
106
103
99
96
95
95
96
98
100
104
107
120
117
113
109
106
105
104
105
107
110
113
115
127
127
125
121
119
116
116
116
118
120
123
127
127
127
127
127
127
127
127
127
127
127
127
127
106
116
127
127
127
127
127
127
127
127
125
123
67
71
91
127
127
121
117
112
109
107
106
104
42
42
43
54
53
48
52
54
57
61
64
68
38
38
37
37
35
30
37
40
40
42
42
45
40
40
40
39
34
30
37
40
38
38
37
37
40
40
41
39
33
32
37
41
40
40
40
40
40
41
40
35
32
32
37
40
40
40
39
39
40
41
37
33
32
32
36
40
40
40
39
40
40
40
34
32
32
32
34
39
40
40
40
40
40
37
32
32
32
32
33
38
40
41
41
40
127
127
127
127
127
127
127
127
127
127
127
127
127
127
127
127
127
127
127
127
127
127
127
127
127
127
127
127
127
127
127
127
127
127
127
127
127
127
127
127
127
127
127
127
127
127
127
127
127
127
127
127
127
127
127
127
127
127
127
127
127
127
127
127
127
127
127
127
127
127
127
127
106
125
127
127
127
127
127
127
127
127
127
120
65
69
93
127
127
127
123
114
107
104
103
103
43
42
44
56
54
48
52
55
57
61
64
68
39
39
37
37
35
30
37
40
40
43
43
45
40
41
41
39
35
30
37
40
39
39
38
37
41
40
42
38
33
31
38
42
41
40
41
40
42
42
41
35
32
32
37
41
40
41
40
40
42
43
38
33
32
32
35
40
41
40
40
40
41
40
34
32
32
32
33
39
41
41
40
40
40
37
32
32
32
32
33
39
41
42
42
40
