83
80
76
74
71
71
71
71
74
78
81
82
89
85
82
79
77
75
75
76
78
81
85
87
97
95
91
87
85
83
83
83
85
88
92
94
106
104
100
96
94
92
92
92
94
97
100
103
120
116
112
109
106
104
103
103
104
107
110
116
124
127
127
126
123
122
120
120
120
122
123
125
104
113
123
127
127
127
127
127
127
126
125
123
68
72
89
123
125
120
114
113
110
108
106
104
44
43
45
55
55
101
65
55
59
62
66
69
41
41
40
37
47
127
85
37
43
43
45
47
43
43
43
37
76
127
121
38
41
40
41
40
43
43
42
42
120
127
127
50
41
43
44
43
43
42
40
66
127
127
127
71
38
45
44
43
43
43
41
113
127
127
127
96
38
44
43
43
43
43
64
127
127
127
127
123
43
43
43
43
43
41
92
127
127
127
127
127
50
41
43
42
96
92
89
85
83
82
82
83
85
88
92
95
101
98
94
91
89
87
87
88
90
92
96
99
110
106
103
99
96
95
95
96
98
100
104
106
120
117
113
110
106
105
104
105
107
110
113
115
127
127
125
121
119
116
116
116
118
120
123
127
127
127
127
127
127
127
127
127
127
127
127
127
104
115
127
127
127
127
127
127
127
127
127
123
66
71
89
127
127
121
116
113
110
108
106
104
42
43
43
52
54
48
51
54
57
61
64
68
38
38
37
37
37
31
35
39
40
41
43
44
40
40
40
40
37
31
33
39
39
37
37
37
40
40
40
40
36
31
33
40
40
40
40
40
40
40
40
38
33
32
33
38
40
41
41
40
40
40
40
36
32
32
32
37
41
41
40
40
40
40
40
33
32
32
32
35
41
41
40
40
40
40
37
32
32
32
32
34
40
41
40
39
127
127
127
127
127
127
127
127
127
127
127
127
127
127
127
127
127
127
127
127
127
127
127
127
127
127
127
127
127
127
127
127
127
127
127
127
127
127
127
127
127
127
127
127
127
127
127
127
127
127
127
127
127
127
127
127
127
127
127
127
127
127
127
127
127
127
127
127
127
127
127
127
106
124
127
127
127
127
127
127
127
127
127
120
66
70
90
127
127
127
123
115
108
106
104
104
43
43
43
54
56
48
52
55
57
61
64
68
39
39
38
37
37
30
34
40
40
43
43
45
40
40
41
40
37
31
33
40
40
39
38
38
41
40
40
41
36
31
33
40
41
41
42
41
41
40
42
40
33
32
33
39
42
42
41
41
41
41
43
37
32
32
32
37
42
42
41
40
41
42
40
33
32
32
32
35
41
42
41
40
40
42
37
32
32
32
32
34
40
42
41
40
