83
80
77
74
71
71
71
71
74
78
81
82
89
85
82
79
77
75
75
76
78
81
85
87
97
95
90
87
85
83
83
84
85
88
92
94
106
104
100
96
94
92
92
92
94
96
100
103
120
116
112
109
106
104
103
103
105
106
110
116
125
127
127
127
123
122
121
120
120
122
124
126
105
113
125
127
127
127
127
127
127
126
126
124
68
72
92
121
127
120
114
113
110
108
106
105
44
43
46
52
56
100
67
54
60
63
66
70
41
41
40
39
40
127
100
37
43
44
46
47
43
43
43
39
53
127
127
50
39
41
40
40
43
43
43
37
78
127
127
86
39
44
43
43
42
44
43
40
110
127
127
127
45
43
44
43
43
45
42
50
127
127
127
127
70
40
44
43
46
44
42
71
127
127
127
127
111
42
43
43
47
43
41
92
127
127
127
127
127
47
41
42
96
92
89
85
83
82
82
83
85
88
92
95
101
98
94
91
89
87
87
88
90
92
96
99
110
106
103
99
96
95
95
96
98
100
104
106
120
117
113
110
106
105
104
105
107
110
113
115
127
127
125
122
119
117
116
116
119
120
123
127
127
127
127
127
127
127
127
127
127
127
127
127
106
116
127
127
127
127
127
127
127
127
127
123
67
71
93
127
127
121
116
113
110
108
106
105
42
42
43
50
54
48
51
55
57
61
64
68
38
37
37
37
37
32
33
40
40
41
43
45
40
40
40
40
38
32
32
38
38
38
37
37
40
40
40
40
38
32
32
38
40
41
40
40
40
40
40
41
37
32
32
35
40
40
41
40
40
40
41
40
34
32
32
33
40
41
41
40
41
40
42
39
33
32
32
32
37
41
40
40
41
40
42
38
32
32
32
32
34
41
40
40
127
127
127
127
127
127
127
127
127
127
127
127
127
127
127
127
127
127
127
127
127
127
127
127
127
127
127
127
127
127
127
127
127
127
127
127
127
127
127
127
127
127
127
127
127
127
127
127
127
127
127
127
127
127
127
127
127
127
127
127
127
127
127
127
127
127
127
127
127
127
127
127
106
125
127
127
127
127
127
127
127
127
127
121
65
70
96
127
127
127
123
114
108
105
105
105
43
43
43
52
56
48
52
55
57
61
65
68
39
40
37
37
37
30
33
40
41
42
43
45
40
41
41
40
39
32
32
39
40
39
38
38
41
41
40
41
39
33
32
38
42
42
41
41
40
40
41
42
37
32
32
35
41
42
42
41
42
41
42
41
34
32
32
33
40
42
42
40
43
42
43
40
33
32
32
32
37
42
41
40
43
41
43
38
32
32
32
32
34
41
40
40
