84
81
78
75
72
71
71
72
75
78
79
84
89
86
83
80
78
76
76
77
79
82
85
88
97
95
91
88
85
84
84
85
86
89
92
94
107
104
100
97
95
93
92
93
95
97
99
103
120
116
112
110
107
105
104
104
105
107
111
117
127
127
127
127
123
123
122
120
121
123
125
126
108
117
127
127
127
127
127
127
127
127
126
123
68
77
103
120
127
119
113
112
110
108
106
106
43
44
47
50
68
100
55
57
60
64
68
71
40
41
40
34
64
127
65
38
43
44
47
48
43
43
43
37
89
127
103
37
41
40
40
40
43
43
42
43
124
127
127
50
42
43
43
43
43
43
40
61
127
127
127
78
38
44
43
43
45
44
40
94
127
127
127
115
42
43
43
43
46
43
46
127
127
127
127
127
58
41
43
43
44
42
56
127
127
127
127
127
76
40
43
42
96
93
89
86
84
83
83
84
86
89
92
96
102
99
95
92
89
88
88
89
91
94
97
100
111
108
104
101
99
96
96
96
99
102
105
107
121
117
113
110
108
106
106
106
108
110
113
116
127
127
125
122
120
118
117
117
120
121
124
127
127
127
127
127
127
127
127
127
127
127
127
127
110
122
127
127
127
127
127
127
127
127
125
123
68
75
105
126
127
120
116
112
109
108
106
105
42
42
45
50
53
49
53
56
57
62
66
70
38
38
36
37
36
31
37
40
40
42
43
45
40
40
40
40
36
30
35
38
38
37
37
37
40
40
40
40
35
31
34
40
41
40
40
40
40
40
41
40
33
32
32
37
40
40
41
40
40
40
42
38
32
32
32
36
40
41
41
40
41
41
41
35
32
32
32
34
40
41
41
40
41
41
40
33
32
32
32
33
38
41
40
39
127
127
127
127
127
127
127
127
127
127
127
127
127
127
127
127
127
127
127
127
127
127
127
127
127
127
127
127
127
127
127
127
127
127
127
127
127
127
127
127
127
127
127
127
127
127
127
127
127
127
127
127
127
127
127
127
127
127
127
127
127
127
127
127
127
127
127
127
127
127
127
127
113
127
127
127
127
127
127
127
127
127
126
120
68
75
112
127
127
127
120
112
107
106
105
105
43
42
45
51
54
49
53
55
58
63
66
70
39
39
37
37
36
30
37
40
40
43
44
46
40
41
40
40
36
30
36
40
39
39
37
38
41
41
41
41
35
31
34
41
42
42
40
41
40
40
42
40
33
32
32
39
42
42
42
40
42
41
43
38
32
32
32
36
42
42
42
41
43
42
42
35
32
32
32
34
41
42
42
40
42
42
40
33
32
32
32
33
39
42
41
40
