83
80
77
74
71
71
71
71
74
76
78
83
89
85
82
79
77
75
75
76
78
81
84
87
97
94
90
87
85
83
83
84
86
88
91
93
106
103
99
97
95
92
92
92
95
96
99
103
118
115
112
109
106
105
104
104
105
109
115
123
127
127
127
127
124
123
121
121
121
124
126
126
116
126
127
127
127
127
127
127
126
126
123
120
76
89
106
116
123
116
113
110
108
107
106
106
44
43
39
76
93
53
57
59
63
68
72
77
34
35
74
127
73
37
41
43
44
46
48
50
49
80
127
127
54
40
41
42
41
40
40
40
91
127
127
83
37
43
43
44
44
43
43
43
127
127
127
43
41
43
45
44
43
43
42
43
127
127
75
37
42
43
43
42
42
43
43
42
127
116
43
40
42
43
43
40
42
43
43
41
127
74
36
43
43
43
43
40
43
43
42
42
95
92
89
85
83
82
82
83
85
89
92
94
101
98
94
91
89
88
87
88
90
93
96
99
110
107
103
99
97
96
95
96
98
101
104
106
119
116
113
110
107
105
105
105
107
110
113
115
127
127
125
122
120
117
116
117
119
122
124
127
127
127
127
127
127
127
127
127
127
127
127
127
120
127
127
127
127
127
127
127
127
127
123
120
75
90
111
119
123
119
113
110
108
107
106
106
42
43
46
45
47
53
54
57
61
66
71
75
38
37
33
30
34
37
39
40
41
43
46
47
40
37
33
34
39
39
39
39
38
37
37
37
37
33
31
39
40
40
40
40
41
40
40
40
33
32
35
41
40
40
41
40
40
40
40
40
32
33
40
40
40
41
40
40
40
40
40
40
32
36
41
40
40
41
40
38
39
40
40
39
33
38
40
40
40
40
40
38
40
41
40
40
127
127
127
127
127
127
127
127
127
127
127
127
127
127
127
127
127
127
127
127
127
127
127
127
127
127
127
127
127
127
127
127
127
127
127
127
127
127
127
127
127
127
127
127
127
127
127
127
127
127
127
127
127
127
127
127
127
127
127
127
127
127
127
127
127
127
127
127
127
127
127
127
127
127
127
127
127
127
127
127
127
127
120
117
73
92
120
127
127
127
115
109
106
106
106
106
43
43
47
46
47
53
54
57
61
66
71
75
39
37
33
30
33
38
39
41
42
44
46
48
40
38
34
34
40
40
40
40
39
38
37
37
37
33
31
39
42
41
41
42
42
41
40
41
33
32
36
41
41
41
43
41
41
40
40
41
32
33
40
40
40
41
41
40
40
41
41
40
32
36
41
40
40
41
40
39
40
41
41
40
33
38
41
41
40
41
41
38
40
42
40
40
