83
80
76
75
72
71
71
71
74
76
79
82
89
85
82
80
78
76
75
76
78
81
84
87
97
95
92
88
85
84
83
84
86
89
91
94
106
104
101
97
95
93
92
93
95
97
100
103
118
114
112
110
107
105
105
105
106
109
115
123
127
127
127
127
125
123
122
121
123
124
125
126
116
125
127
127
127
127
127
127
127
126
123
120
75
87
104
114
120
116
113
110
108
107
106
106
44
42
39
81
89
52
56
59
63
68
72
77
32
40
86
121
64
38
41
43
44
47
48
50
57
94
127
116
46
41
42
41
40
40
40
40
114
127
127
55
39
45
44
44
43
43
44
43
127
127
80
39
43
44
45
44
43
42
43
43
127
112
46
42
44
44
44
43
43
43
44
43
127
61
38
45
44
44
43
43
43
43
43
43
86
37
43
43
43
43
41
42
42
43
43
44
96
92
89
86
84
82
82
83
85
89
92
94
101
98
95
92
89
88
88
89
91
93
96
99
110
107
103
100
98
96
96
96
99
100
104
107
120
116
113
110
108
106
106
106
108
110
113
116
127
127
125
122
120
118
117
117
120
122
126
127
127
127
127
127
127
127
127
127
127
127
127
127
120
127
127
127
127
127
127
127
127
127
123
120
75
88
109
118
121
119
113
110
108
107
106
106
42
43
45
45
46
52
54
57
61
66
71
75
38
37
33
30
34
37
39
40
41
43
46
47
39
37
33
35
40
39
39
39
37
37
37
37
35
33
33
40
40
40
40
41
40
40
41
41
32
33
38
40
40
40
41
41
40
40
40
40
31
36
42
41
41
41
41
41
40
40
41
40
34
39
43
41
41
41
40
40
40
40
41
40
37
41
41
40
40
41
39
40
39
40
40
41
127
127
127
127
127
127
127
127
127
127
127
127
127
127
127
127
127
127
127
127
127
127
127
127
127
127
127
127
127
127
127
127
127
127
127
127
127
127
127
127
127
127
127
127
127
127
127
127
127
127
127
127
127
127
127
127
127
127
127
127
127
127
127
127
127
127
127
127
127
127
127
127
127
127
127
127
127
127
127
127
127
127
120
117
72
89
116
127
127
127
115
109
106
106
106
106
43
43
46
45
47
53
54
57
61
67
71
76
40
38
33
30
34
37
39
41
42
44
46
48
40
38
34
36
40
40
40
40
38
38
38
37
36
32
34
41
41
41
42
42
41
41
42
42
32
33
39
41
41
41
42
42
40
40
41
40
32
36
42
42
42
42
41
42
40
41
42
40
35
39
43
42
42
42
40
41
40
41
42
42
38
41
42
41
41
42
40
40
40
41
41
42
