82
78
76
74
71
71
71
71
74
76
79
82
88
84
82
79
77
76
75
76
78
82
85
87
96
93
89
87
85
84
83
84
86
89
92
95
105
103
99
96
94
93
93
94
96
98
100
103
118
115
111
109
106
106
106
106
108
110
113
116
121
125
127
127
127
125
125
124
124
125
126
126
101
109
116
124
127
127
127
127
127
127
127
124
66
70
78
92
106
116
116
113
110
109
106
106
43
44
44
46
42
87
76
52
58
61
65
69
41
41
40
36
44
127
92
36
43
43
45
47
43
43
42
40
91
127
110
36
42
41
40
40
43
43
40
61
127
127
113
38
44
44
43
43
44
42
42
124
127
127
119
39
43
43
43
43
42
40
92
127
127
127
123
38
43
43
43
43
40
68
127
127
127
127
127
39
43
43
43
43
40
108
127
127
127
127
127
40
43
42
43
42
94
92
89
85
83
82
82
83
85
87
91
94
99
98
94
91
89
88
88
89
91
93
96
99
108
106
103
99
97
96
96
96
99
102
105
107
118
115
112
110
107
106
106
106
109
111
114
116
127
127
125
122
120
119
118
119
120
123
126
127
126
127
127
127
127
127
127
127
127
127
127
127
102
111
122
127
127
127
127
127
127
127
127
124
66
70
78
93
110
117
120
116
110
108
106
106
42
42
42
43
45
44
47
53
56
59
64
68
38
38
37
37
36
30
33
38
40
40
43
43
40
40
40
40
37
32
36
40
39
38
37
37
40
40
40
39
33
32
36
40
40
41
40
40
41
41
40
35
32
32
36
40
40
40
40
40
41
41
37
33
32
32
35
40
40
40
40
40
40
39
33
32
32
32
33
39
40
40
40
40
39
37
32
32
32
32
33
40
41
40
40
40
127
127
127
127
127
127
127
127
127
127
127
127
127
127
127
127
127
127
127
127
127
127
127
127
127
127
127
127
127
127
127
127
127
127
127
127
127
127
127
127
127
127
127
127
127
127
127
127
127
127
127
127
127
127
127
127
127
127
127
127
127
127
127
127
127
127
127
127
127
127
127
127
100
116
127
127
127
127
127
127
127
127
127
123
65
68
75
96
118
127
127
121
110
105
105
106
43
43
43
43
46
44
47
54
56
60
64
68
40
39
38
37
36
30
32
39
40
42
43
44
41
40
41
42
38
32
36
40
40
40
38
37
41
41
42
40
33
32
37
41
42
42
41
40
42
42
41
36
32
32
36
41
41
40
41
40
41
42
38
33
32
32
35
40
40
41
41
40
40
40
34
32
32
32
33
40
41
41
41
40
40
37
32
32
32
32
33
40
42
40
41
40
