82
78
76
74
71
71
71
71
74
76
79
82
87
84
82
79
77
76
75
77
79
82
85
87
95
92
89
87
85
84
83
85
87
89
92
95
105
102
99
96
94
93
93
94
96
99
101
103
119
114
112
109
106
106
106
106
108
110
113
116
120
124
127
127
127
125
125
124
124
125
126
127
99
107
114
123
127
127
127
127
127
127
127
125
65
69
76
89
103
113
116
114
111
110
107
106
44
43
44
45
45
64
94
50
57
61
64
68
41
40
40
40
33
81
127
50
40
43
44
47
43
43
43
42
41
120
127
77
37
41
40
40
43
44
43
40
59
127
127
110
40
43
43
43
43
42
42
37
99
127
127
127
47
40
42
42
42
42
40
50
127
127
127
127
68
40
42
43
44
43
39
85
127
127
127
127
97
40
42
43
47
45
40
120
127
127
127
127
122
41
43
43
94
92
89
85
83
82
82
83
85
88
91
94
99
97
93
91
89
88
88
89
91
93
96
99
108
105
102
99
97
96
96
96
99
102
105
107
117
115
112
110
107
106
106
106
109
111
114
116
127
127
125
122
120
119
119
119
121
123
126
127
123
127
127
127
127
127
127
127
127
127
127
127
99
108
120
127
127
127
127
127
127
127
127
126
64
68
75
90
107
116
119
117
111
108
106
106
42
42
42
43
45
45
44
52
56
58
62
67
38
38
37
37
37
33
29
37
40
41
41
43
40
40
40
40
40
35
30
37
39
38
37
37
40
40
40
40
40
33
31
37
40
40
40
40
40
40
40
40
37
32
32
33
40
40
40
40
39
39
40
40
34
32
32
33
40
40
39
40
40
40
40
38
32
32
32
32
37
40
39
40
41
40
40
37
32
32
32
32
36
40
40
40
127
127
127
127
127
127
127
127
127
127
127
127
127
127
127
127
127
127
127
127
127
127
127
127
127
127
127
127
127
127
127
127
127
127
127
127
127
127
127
127
127
127
127
127
127
127
127
127
127
127
127
127
127
127
127
127
127
127
127
127
127
127
127
127
127
127
127
127
127
127
127
127
97
112
127
127
127
127
127
127
127
127
127
124
64
67
74
92
114
127
127
124
111
106
104
106
43
43
43
43
46
45
45
53
56
59
63
67
39
40
38
37
37
33
29
37
40
42
42
44
40
41
40
41
41
36
31
38
40
39
37
38
41
41
41
42
40
33
31
37
41
41
40
41
41
40
40
41
38
32
32
33
40
41
40
40
40
40
40
40
34
32
32
33
40
41
40
40
41
41
40
39
32
32
32
32
38
41
40
40
43
42
41
37
32
32
32
32
36
42
40
40
