82
78
76
74
71
71
71
71
74
76
79
82
87
85
82
79
77
76
76
77
79
82
85
87
95
92
89
87
85
84
84
85
87
89
92
95
105
101
99
96
94
93
93
94
96
99
102
104
119
114
111
109
106
106
106
106
108
110
113
116
119
123
127
127
127
125
125
125
124
125
126
127
99
106
114
122
127
127
127
127
127
127
127
125
64
68
75
87
101
113
117
113
112
110
107
106
43
44
44
45
46
55
98
55
56
61
64
67
41
41
41
40
39
47
127
82
37
43
45
46
43
43
43
43
41
57
127
127
48
38
40
40
43
43
43
43
39
74
127
127
85
38
43
43
43
43
45
43
38
99
127
127
127
46
43
45
43
44
45
43
40
122
127
127
127
91
38
46
45
45
44
43
50
127
127
127
127
127
54
43
46
44
43
40
60
127
127
127
127
127
81
38
94
92
89
85
83
82
82
83
85
88
91
94
99
97
94
91
89
88
88
89
91
93
97
99
108
105
102
99
97
96
96
96
99
102
105
107
117
115
112
110
107
106
106
106
109
111
113
116
127
127
125
122
120
119
119
119
121
123
126
127
122
127
127
127
127
127
127
127
127
127
127
127
98
107
118
127
127
127
127
127
127
127
127
126
64
68
74
88
105
115
119
118
112
108
106
106
42
42
42
43
44
46
43
50
55
58
62
66
38
38
37
37
37
35
30
34
40
41
42
43
40
40
40
40
40
39
32
33
38
38
37
37
40
40
40
40
40
38
32
33
37
40
40
40
40
40
40
40
41
37
32
32
33
39
41
40
40
40
41
41
41
36
32
32
32
37
41
41
40
40
42
42
41
34
32
32
32
34
40
41
40
41
41
41
40
33
32
32
32
33
38
40
127
127
127
127
127
127
127
127
127
127
127
127
127
127
127
127
127
127
127
127
127
127
127
127
127
127
127
127
127
127
127
127
127
127
127
127
127
127
127
127
127
127
127
127
127
127
127
127
127
127
127
127
127
127
127
127
127
127
127
127
127
127
127
127
127
127
127
127
127
127
127
127
96
110
127
127
127
127
127
127
127
127
127
125
64
67
72
89
113
126
127
127
113
106
104
105
43
43
43
43
44
46
44
51
56
59
63
66
39
40
39
37
37
35
29
35
40
42
43
44
40
41
41
40
41
40
32
34
39
39
38
37
40
41
40
40
41
39
32
33
37
40
41
40
41
40
42
40
42
37
32
32
34
40
42
42
42
41
43
42
42
36
32
32
32
37
42
43
42
42
43
43
42
34
32
32
32
34
40
42
42
41
42
42
41
33
32
32
32
33
38
41
