82
78
76
74
71
71
71
71
74
76
79
82
87
85
82
79
77
76
76
77
79
82
85
87
95
92
89
87
85
84
84
85
87
89
92
95
105
101
99
96
94
93
93
94
96
99
102
104
119
114
111
109
106
106
106
106
108
110
113
116
119
123
127
127
127
125
125
125
124
125
126
127
99
106
114
122
127
127
127
127
127
127
127
125
64
69
75
88
101
112
117
113
111
110
107
106
43
44
44
45
46
54
97
60
52
61
64
67
42
41
40
40
39
38
106
114
46
37
45
46
43
43
43
43
43
37
103
127
95
43
37
40
43
43
43
44
43
38
82
127
127
81
42
43
43
44
43
44
43
39
70
127
127
127
73
35
44
44
43
43
42
40
61
127
127
127
127
68
43
43
43
43
43
41
52
127
127
127
127
126
43
43
43
44
44
41
47
127
127
127
127
127
94
92
89
85
83
82
82
83
85
88
91
94
99
97
94
91
89
88
88
89
91
93
97
99
108
105
102
99
97
96
96
96
99
102
105
107
117
115
112
110
107
106
106
106
109
111
113
116
127
127
125
122
120
119
119
119
121
123
126
127
122
127
127
127
127
127
127
127
127
127
127
127
98
107
118
127
127
127
127
127
127
127
127
125
64
68
74
87
103
114
118
118
111
108
106
106
42
42
42
43
44
46
43
50
56
58
62
66
38
38
37
37
36
36
31
32
39
41
42
43
40
40
40
40
40
40
36
31
35
38
38
37
40
40
40
40
41
41
37
32
33
38
41
40
40
41
40
41
40
40
39
33
32
33
39
41
41
41
40
40
40
40
40
33
32
32
34
39
41
40
40
41
40
40
40
33
32
32
32
35
40
40
41
42
40
40
39
33
32
32
32
32
127
127
127
127
127
127
127
127
127
127
127
127
127
127
127
127
127
127
127
127
127
127
127
127
127
127
127
127
127
127
127
127
127
127
127
127
127
127
127
127
127
127
127
127
127
127
127
127
127
127
127
127
127
127
127
127
127
127
127
127
127
127
127
127
127
127
127
127
127
127
127
127
96
110
127
127
127
127
127
127
127
127
127
125
64
67
72
89
111
124
127
127
112
106
104
105
43
43
43
43
44
46
44
50
56
59
63
66
40
39
38
37
36
35
31
32
40
42
43
44
41
40
40
41
41
41
37
31
36
39
39
38
41
41
41
42
42
41
38
31
33
39
42
41
41
42
41
42
40
41
40
33
32
33
40
42
42
42
40
41
40
41
40
33
32
32
34
40
42
41
41
42
40
41
40
33
32
32
31
35
41
40
42
43
41
41
40
33
32
32
32
32
