82
78
76
74
71
71
71
71
74
76
79
82
87
84
82
79
77
76
76
77
79
82
85
87
95
92
89
87
85
84
84
85
87
89
92
95
105
102
99
96
94
93
93
94
96
99
102
104
119
114
112
109
106
106
106
106
108
110
113
116
120
123
127
127
127
125
125
125
124
125
126
127
99
106
114
123
127
127
127
127
127
127
127
125
64
69
76
89
101
112
117
113
110
110
107
106
44
43
44
45
46
55
96
58
52
61
64
68
41
40
40
40
39
39
103
115
50
36
45
46
43
43
43
43
43
37
93
127
103
49
37
39
44
43
44
43
43
39
63
127
127
98
45
41
43
43
43
43
43
41
48
127
127
127
100
39
42
42
43
43
43
42
39
118
127
127
127
100
42
42
41
43
43
42
37
95
127
127
127
127
41
42
41
42
43
43
38
78
127
127
127
127
94
92
89
85
83
82
82
83
85
88
91
94
99
97
93
91
89
88
88
89
91
93
97
99
108
105
102
99
97
96
96
96
99
102
105
107
117
115
113
110
107
106
106
106
109
111
113
116
127
127
125
122
120
119
119
119
121
123
126
127
123
127
127
127
127
127
127
127
127
127
127
127
98
108
119
127
127
127
127
127
127
127
127
125
64
68
75
89
104
113
118
117
111
108
106
106
42
42
42
43
44
46
43
49
56
58
62
66
38
38
37
37
37
36
31
32
39
41
42
43
40
40
40
40
40
40
37
31
34
37
38
37
40
40
40
40
40
40
40
32
32
37
40
40
40
40
40
40
40
40
39
34
32
33
37
40
40
39
40
41
40
40
39
35
32
32
33
37
40
39
39
40
40
40
40
37
32
32
32
33
39
39
39
40
41
40
41
38
33
32
32
32
127
127
127
127
127
127
127
127
127
127
127
127
127
127
127
127
127
127
127
127
127
127
127
127
127
127
127
127
127
127
127
127
127
127
127
127
127
127
127
127
127
127
127
127
127
127
127
127
127
127
127
127
127
127
127
127
127
127
127
127
127
127
127
127
127
127
127
127
127
127
127
127
96
111
127
127
127
127
127
127
127
127
127
125
64
67
73
89
111
123
127
126
112
106
104
106
43
43
43
43
44
46
43
50
56
59
63
67
39
40
38
37
37
35
31
31
40
42
43
43
41
41
40
40
41
41
38
31
35
38
39
37
42
41
41
41
41
41
40
32
32
37
41
40
41
40
41
41
40
41
40
34
32
33
37
40
40
40
40
42
41
40
40
36
32
32
33
37
40
40
40
41
41
40
40
37
32
32
32
33
40
40
40
40
42
41
42
39
32
32
32
32
