82
79
76
74
71
71
71
71
74
76
80
82
88
85
82
79
77
76
75
76
78
81
84
87
96
93
90
87
85
84
83
84
86
89
91
95
105
103
99
97
95
93
93
94
96
98
101
104
117
115
111
109
106
106
106
106
107
109
113
118
124
127
127
127
127
125
125
123
123
124
126
127
106
113
120
126
127
127
127
127
127
127
125
123
68
75
83
94
103
113
112
113
110
108
106
105
44
44
45
43
55
98
49
53
60
64
67
71
42
41
40
37
49
127
85
35
43
45
46
47
43
43
43
40
54
127
127
59
37
41
40
40
43
43
43
39
57
127
127
112
43
41
43
43
43
43
43
40
60
127
127
127
85
37
43
43
44
43
43
40
63
127
127
127
127
63
38
43
43
43
44
40
66
127
127
127
127
116
51
42
42
44
45
38
68
127
127
127
127
127
73
39
94
92
89
85
83
82
82
83
85
87
91
94
99
97
94
91
89
88
88
89
91
92
96
99
109
106
103
99
97
96
96
96
99
102
105
107
119
116
113
110
107
106
106
106
109
111
114
116
127
127
124
122
120
119
118
119
121
123
125
127
127
127
127
127
127
127
127
127
127
127
127
127
107
117
127
127
127
127
127
127
127
127
125
123
68
73
83
95
106
113
118
116
109
106
106
105
42
43
43
43
43
42
46
52
57
61
66
69
38
38
37
37
36
30
33
38
40
42
43
44
40
40
40
40
40
33
33
38
39
37
37
37
40
40
40
40
39
33
32
36
40
40
40
40
40
40
40
40
40
33
32
32
38
42
40
40
41
40
40
41
39
33
32
32
33
40
41
40
40
40
40
41
39
33
32
32
32
36
40
40
40
40
41
41
39
33
32
32
32
33
39
40
127
127
127
127
127
127
127
127
127
127
127
127
127
127
127
127
127
127
127
127
127
127
127
127
127
127
127
127
127
127
127
127
127
127
127
127
127
127
127
127
127
127
127
127
127
127
127
127
127
127
127
127
127
127
127
127
127
127
127
127
127
127
127
127
127
127
127
127
127
127
127
127
110
127
127
127
127
127
127
127
127
127
126
120
66
71
83
99
113
123
127
120
106
105
105
105
43
42
43
43
44
43
47
52
57
62
66
70
40
38
37
37
36
29
32
38
41
43
44
45
41
40
40
41
40
33
33
38
40
38
38
37
41
41
40
40
40
33
32
36
41
40
40
41
41
41
41
41
40
33
32
32
38
43
41
42
42
41
41
42
40
33
32
32
33
40
42
41
41
41
41
42
40
33
32
32
32
36
41
41
40
41
42
41
39
33
32
32
32
33
39
41
