82
79
76
74
71
71
71
71
74
76
80
82
88
85
82
79
77
76
75
76
78
81
84
86
96
93
90
87
85
84
83
84
86
89
91
94
105
103
99
97
95
93
93
94
96
98
101
104
117
115
111
109
106
106
106
106
107
109
113
119
125
127
127
127
127
125
125
123
123
124
126
126
107
114
121
126
127
127
127
127
127
127
125
123
69
75
84
94
104
112
112
113
110
107
106
106
44
44
45
43
67
90
46
54
61
64
68
72
41
41
40
33
78
127
52
37
44
45
46
48
43
43
43
37
100
127
97
38
40
41
40
40
43
43
42
41
119
127
127
56
40
44
43
43
43
43
41
48
127
127
127
103
38
42
43
43
43
43
40
60
127
127
127
127
60
39
43
43
43
44
40
77
127
127
127
127
106
43
42
43
43
46
43
92
127
127
127
127
127
50
40
42
94
92
89
85
83
82
82
83
85
87
91
94
99
97
94
91
89
88
88
89
91
92
96
99
109
106
103
99
97
96
96
96
99
102
104
107
119
116
113
110
107
106
106
106
109
111
113
116
127
127
124
122
120
119
118
119
121
123
125
127
127
127
127
127
127
127
127
127
127
127
127
127
109
119
127
127
127
127
127
127
127
127
125
122
68
75
84
96
106
113
117
115
109
106
106
106
42
43
43
43
43
43
47
51
57
62
67
71
38
38
37
37
33
29
34
38
40
42
43
45
40
40
40
40
36
31
37
40
38
37
37
37
40
40
40
40
35
31
34
40
40
40
40
40
41
40
40
40
34
32
32
37
41
40
40
40
40
41
40
40
33
32
32
33
40
40
40
40
40
41
40
38
32
32
32
32
37
40
40
40
40
42
41
37
32
32
32
32
34
40
38
39
127
127
127
127
127
127
127
127
127
127
127
127
127
127
127
127
127
127
127
127
127
127
127
127
127
127
127
127
127
127
127
127
127
127
127
127
127
127
127
127
127
127
127
127
127
127
127
127
127
127
127
127
127
127
127
127
127
127
127
127
127
127
127
127
127
127
127
127
127
127
127
127
113
127
127
127
127
127
127
127
127
127
125
120
68
72
83
99
113
123
127
120
106
105
105
106
43
43
43
43
43
43
48
52
58
63
67
71
40
39
37
37
33
29
34
38
41
43
44
46
41
41
40
41
37
31
37
40
39
38
37
37
40
41
41
41
36
31
34
41
41
41
40
41
42
41
41
41
34
32
32
37
42
41
40
41
41
42
42
40
33
32
32
34
40
41
41
41
41
43
43
39
32
32
32
32
37
41
40
40
41
43
43
39
32
32
32
32
34
40
39
40
