82
79
76
74
71
71
71
71
74
76
80
82
88
85
82
79
77
76
75
76
78
81
84
86
96
93
90
87
85
84
83
84
86
89
91
93
105
103
99
97
95
93
93
93
96
98
100
103
117
115
111
109
106
106
106
106
107
109
113
120
126
127
127
127
127
125
125
123
123
124
126
127
109
115
121
126
127
127
127
127
127
127
125
122
70
76
84
93
103
110
112
113
110
107
106
105
43
44
45
40
82
74
47
54
61
65
68
73
40
40
37
43
127
92
35
40
43
46
47
48
43
43
37
81
127
120
39
42
41
41
40
39
43
42
45
127
127
127
43
43
43
43
43
43
43
37
81
127
127
127
56
42
42
41
43
43
40
48
127
127
127
127
75
39
43
42
43
43
40
85
127
127
127
127
101
38
44
43
43
44
44
124
127
127
127
127
121
41
45
44
43
43
94
92
89
85
83
82
82
83
85
87
91
94
99
97
94
91
89
88
88
89
91
92
96
99
109
106
103
99
97
96
96
96
99
102
104
107
118
116
113
110
107
106
106
106
109
111
113
116
127
127
124
122
120
119
118
119
121
123
126
127
127
127
127
127
127
127
127
127
127
127
127
127
111
120
127
127
127
127
127
127
127
127
124
121
69
75
84
95
105
112
116
114
109
106
106
106
42
43
43
43
42
43
46
51
58
63
68
71
38
37
37
36
30
33
36
38
40
42
44
46
40
40
40
38
32
35
40
39
38
37
37
36
40
41
41
34
32
34
40
40
40
40
40
40
40
40
38
32
32
33
40
41
39
39
40
40
40
40
34
32
32
32
37
40
40
40
41
40
40
37
32
32
32
32
36
40
41
40
41
40
41
35
32
32
32
32
36
42
42
40
41
40
127
127
127
127
127
127
127
127
127
127
127
127
127
127
127
127
127
127
127
127
127
127
127
127
127
127
127
127
127
127
127
127
127
127
127
127
127
127
127
127
127
127
127
127
127
127
127
127
127
127
127
127
127
127
127
127
127
127
127
127
127
127
127
127
127
127
127
127
127
127
127
127
115
127
127
127
127
127
127
127
127
127
123
118
68
73
83
99
111
121
127
121
106
105
105
106
43
43
43
43
42
43
47
51
59
64
68
72
39
39
38
37
30
32
36
38
41
43
45
47
40
42
42
38
32
35
41
40
39
39
38
37
41
42
42
34
32
34
41
41
41
41
41
40
40
41
38
32
32
33
40
42
40
39
41
40
41
40
34
32
32
32
38
40
40
40
42
41
41
37
32
32
32
32
37
41
42
41
42
42
42
35
32
32
32
32
36
43
43
41
42
41
