82
80
77
74
71
71
71
71
74
76
80
82
88
85
82
79
77
76
75
76
78
81
84
86
96
93
90
87
85
84
83
84
86
89
91
94
105
103
99
97
95
93
93
94
96
98
101
104
117
115
111
109
106
106
106
106
107
110
114
120
126
127
127
127
127
125
125
124
123
124
126
127
109
114
121
125
126
127
127
127
127
127
125
122
70
75
83
92
101
110
111
112
110
107
106
105
44
44
44
40
83
72
47
52
61
65
69
73
41
40
34
53
127
78
35
40
43
45
47
49
43
41
41
104
127
91
37
42
41
40
39
40
42
39
68
127
127
98
38
42
43
43
42
43
39
46
127
127
127
110
40
43
43
44
43
43
40
96
127
127
127
120
40
43
43
44
44
43
69
127
127
127
127
127
42
43
43
44
44
43
110
127
127
127
127
127
43
43
43
43
43
43
94
92
89
85
83
82
82
83
85
87
91
94
99
97
94
91
89
88
88
89
91
92
96
99
109
106
103
99
97
96
96
96
99
102
104
107
118
116
113
110
107
106
106
106
109
111
113
116
127
127
124
122
120
119
118
119
121
123
126
127
127
127
127
127
127
127
127
127
127
127
127
127
110
119
127
127
127
127
127
127
127
127
124
121
69
75
82
94
103
110
116
115
110
106
106
106
42
43
43
43
41
43
46
50
58
63
68
71
38
38
38
36
30
33
36
37
40
42
43
46
40
40
40
37
32
37
40
40
37
37
37
37
40
40
38
33
32
37
40
40
40
40
40
40
40
40
34
32
32
36
41
41
40
41
40
40
41
37
32
32
32
35
42
41
40
40
40
40
40
34
32
32
32
35
42
41
40
40
41
40
37
32
32
32
32
34
41
41
40
40
41
41
127
127
127
127
127
127
127
127
127
127
127
127
127
127
127
127
127
127
127
127
127
127
127
127
127
127
127
127
127
127
127
127
127
127
127
127
127
127
127
127
127
127
127
127
127
127
127
127
127
127
127
127
127
127
127
127
127
127
127
127
127
127
127
127
127
127
127
127
127
127
127
127
115
127
127
127
127
127
127
127
127
127
123
118
68
73
83
97
110
120
127
123
108
105
105
106
43
43
43
44
42
43
47
50
58
63
68
72
40
38
38
36
30
33
36
37
41
43
44
47
41
40
41
37
31
37
40
40
39
39
37
37
41
41
39
33
31
37
41
40
40
41
40
40
40
40
35
32
32
37
42
41
41
42
41
40
42
37
33
32
31
36
43
42
40
42
42
41
40
34
32
32
31
35
43
42
40
42
42
41
37
32
32
32
32
34
42
42
41
41
42
42
