82
80
77
75
72
71
71
72
75
77
80
82
88
85
82
80
78
76
76
77
79
82
85
87
96
93
91
88
85
84
84
85
87
89
92
94
105
103
100
97
95
94
94
94
96
99
101
104
117
114
111
110
107
106
106
106
108
110
115
122
125
127
127
127
127
126
126
125
124
125
126
127
107
113
119
122
123
127
127
127
127
127
124
121
68
74
80
87
97
106
109
111
110
108
106
105
43
44
40
45
87
65
47
48
56
64
69
74
40
33
43
105
113
46
38
40
42
45
47
48
37
52
98
127
106
39
42
43
41
40
40
39
47
100
127
127
63
38
43
43
42
43
43
43
120
127
127
127
42
42
43
44
43
43
46
45
127
127
127
84
39
43
43
43
43
43
43
45
127
127
127
52
41
43
43
43
43
43
43
44
127
127
122
38
43
43
43
43
43
43
44
43
95
92
89
86
84
83
83
84
86
89
92
94
100
97
95
92
89
89
89
89
92
94
96
100
109
106
103
100
98
96
96
97
99
103
104
108
118
116
113
110
108
106
106
107
110
112
114
116
127
127
125
122
120
119
119
119
121
123
126
127
127
127
127
127
127
127
127
127
127
127
127
127
109
116
124
127
127
127
127
127
127
127
124
120
68
72
80
89
99
106
112
115
113
107
106
105
42
43
43
43
40
43
45
45
52
63
68
72
38
39
37
33
32
36
36
35
38
42
43
46
40
40
37
33
37
40
40
40
39
37
37
36
40
37
32
32
39
40
40
40
40
40
40
40
36
33
32
35
41
40
40
41
40
40
40
41
33
32
32
38
41
40
40
41
40
40
40
41
32
32
33
40
41
40
40
41
40
40
40
40
32
32
36
40
40
40
40
41
40
40
41
40
127
127
127
127
127
127
127
127
127
127
127
127
127
127
127
127
127
127
127
127
127
127
127
127
127
127
127
127
127
127
127
127
127
127
127
127
127
127
127
127
127
127
127
127
127
127
127
127
127
127
127
127
127
127
127
127
127
127
127
127
127
127
127
127
127
127
127
127
127
127
127
127
112
126
127
127
127
127
127
127
127
127
123
117
68
71
78
90
103
113
121
127
116
105
106
105
43
42
43
43
41
43
46
46
54
63
68
73
39
40
38
33
31
35
36
36
39
43
45
47
41
40
37
33
37
41
40
41
40
38
38
37
40
37
32
32
40
41
40
41
40
40
41
41
36
33
32
35
42
41
41
42
41
41
42
42
33
32
32
38
42
41
41
42
40
41
41
42
32
32
33
40
42
41
41
42
40
41
41
42
32
31
36
41
41
40
41
42
41
41
42
41
