82
79
76
74
71
71
71
71
74
76
79
82
87
85
82
79
77
76
76
77
79
82
85
87
95
92
89
87
85
84
84
85
87
89
92
95
104
101
99
96
94
93
93
94
96
99
102
104
117
113
111
109
106
106
106
106
108
110
113
117
121
124
126
127
127
126
125
126
127
127
126
127
102
108
113
118
121
123
127
127
127
127
127
124
66
70
75
80
88
99
106
107
110
110
107
106
43
44
44
38
57
88
55
48
48
52
64
69
42
40
33
62
121
85
39
39
39
40
45
47
40
40
63
123
127
70
38
43
43
43
40
40
40
57
124
127
127
43
41
43
43
43
43
43
61
127
127
127
98
38
43
41
42
42
43
42
127
127
127
127
67
38
43
42
42
43
43
42
127
127
127
127
47
42
43
43
43
45
44
43
127
127
127
110
40
45
44
43
44
45
45
43
94
92
89
85
83
82
82
83
85
88
91
94
99
96
94
91
89
88
88
89
91
93
96
99
108
105
102
99
97
96
96
96
99
103
105
107
117
116
112
110
107
106
106
106
109
112
114
116
127
127
124
122
120
119
119
119
121
123
126
127
127
127
127
127
127
127
127
127
127
127
127
127
103
110
117
125
127
127
127
127
127
127
127
124
67
69
74
82
90
99
106
111
113
112
107
106
42
42
42
43
42
40
43
45
46
50
63
68
38
39
38
37
32
33
36
36
36
37
42
43
40
40
39
35
33
38
40
40
40
40
37
37
40
39
35
31
34
40
40
40
40
40
40
40
39
34
32
32
37
41
40
39
40
40
40
40
34
32
32
33
38
41
40
40
40
40
40
39
32
32
32
34
40
41
40
41
40
41
40
40
32
32
32
36
42
42
40
40
40
41
41
40
127
127
127
127
127
127
127
127
127
127
127
127
127
127
127
127
127
127
127
127
127
127
127
127
127
127
127
127
127
127
127
127
127
127
127
127
127
127
127
127
127
127
127
127
127
127
127
127
127
127
127
127
127
127
127
127
127
127
127
127
127
127
127
127
127
127
127
127
127
127
127
127
101
113
127
127
127
127
127
127
127
127
127
123
65
68
71
80
92
104
113
120
124
119
106
106
43
43
42
43
43
41
44
46
46
50
63
68
39
40
40
37
31
33
36
37
35
37
43
45
40
41
40
35
33
39
41
41
41
40
38
37
41
40
35
31
34
40
41
41
41
41
41
40
40
34
32
32
37
42
40
39
41
40
41
40
35
32
32
33
39
41
41
40
41
41
41
40
32
32
32
34
41
42
41
41
41
42
42
40
32
32
32
36
43
43
41
41
42
42
43
41
