82
79
76
74
71
71
71
71
74
76
79
82
87
85
82
79
77
76
76
77
79
82
85
87
95
92
89
87
85
84
84
85
87
89
92
95
105
102
99
96
94
93
93
94
96
99
102
104
118
115
112
109
106
106
106
106
108
110
113
116
120
123
125
127
127
127
126
126
127
127
126
127
101
106
112
117
121
122
127
127
127
127
127
125
66
69
74
79
86
96
105
106
109
110
109
106
43
43
44
39
47
87
63
48
48
50
61
68
42
40
32
51
112
101
43
40
40
40
43
46
41
38
56
110
127
89
37
43
43
43
40
40
40
50
111
127
127
51
40
42
43
43
42
43
54
121
127
127
116
41
43
43
45
43
42
44
123
127
127
127
84
38
43
43
44
43
43
43
127
127
127
127
57
40
43
43
44
43
43
43
127
127
127
127
42
43
43
43
44
43
43
43
94
92
89
85
83
82
82
83
85
89
92
94
99
97
94
91
89
88
88
89
91
94
97
99
108
105
102
99
97
96
96
97
99
103
105
107
117
115
112
110
107
106
106
107
110
112
114
116
127
127
125
122
120
119
119
119
121
123
126
127
125
127
127
127
127
127
127
127
127
127
127
127
101
108
116
123
127
127
127
127
127
127
127
126
66
68
72
79
87
96
104
110
113
113
108
106
42
42
43
43
43
40
43
45
46
47
57
67
38
39
39
37
32
32
36
37
36
37
40
43
40
40
40
36
32
37
40
40
40
40
37
37
40
39
36
32
33
40
40
40
40
40
40
40
40
36
32
32
35
41
40
40
41
40
40
40
36
33
32
33
38
42
40
40
41
40
40
40
33
32
32
33
40
42
40
40
41
40
41
40
32
32
32
34
40
42
40
40
42
41
40
40
127
127
127
127
127
127
127
127
127
127
127
127
127
127
127
127
127
127
127
127
127
127
127
127
127
127
127
127
127
127
127
127
127
127
127
127
127
127
127
127
127
127
127
127
127
127
127
127
127
127
127
127
127
127
127
127
127
127
127
127
127
127
127
127
127
127
127
127
127
127
127
127
99
111
124
127
127
127
127
127
127
127
127
125
65
67
71
78
89
101
111
118
123
122
109
106
43
43
42
43
43
40
43
45
46
47
58
67
39
40
40
37
32
33
35
37
36
37
41
44
40
41
40
37
33
38
41
41
41
41
38
38
40
40
36
32
33
40
41
40
41
41
40
41
40
36
32
32
36
42
41
40
42
41
40
42
36
33
32
33
39
43
41
41
42
42
41
41
33
32
32
33
40
43
41
41
42
42
41
40
32
32
32
34
41
43
41
41
42
41
41
40
