82
79
76
74
71
71
71
71
74
76
79
82
87
85
82
79
77
76
76
77
79
82
85
87
95
92
89
87
85
84
84
85
87
89
92
95
105
102
99
96
94
93
93
94
96
99
102
104
118
115
112
109
106
106
106
106
108
110
113
116
120
123
124
126
127
127
126
126
127
127
127
127
99
105
110
116
120
121
127
127
127
127
127
126
65
68
72
78
84
93
103
106
108
109
109
107
44
43
45
40
40
81
73
48
49
48
55
67
42
41
34
41
97
116
50
39
40
40
41
46
43
39
48
93
127
116
39
43
43
43
41
40
42
45
91
127
127
71
38
43
43
42
43
43
42
101
127
127
127
50
41
44
43
43
44
45
106
127
127
127
110
40
42
43
44
43
43
44
127
127
127
127
79
37
43
42
44
44
44
43
127
127
127
127
58
38
43
43
43
46
47
44
94
92
89
85
83
82
82
83
85
89
92
94
99
97
94
91
89
88
88
89
91
94
97
99
108
105
102
99
97
96
96
97
99
103
106
108
117
116
112
110
107
106
106
107
110
112
115
117
127
127
125
123
120
119
119
119
121
123
126
127
123
127
127
127
127
127
127
127
127
127
127
127
99
106
114
121
127
127
127
127
127
127
127
127
65
68
71
78
85
94
103
108
112
113
110
106
42
42
43
42
43
41
42
45
45
46
54
64
38
38
39
37
33
32
35
36
36
36
39
43
40
40
40
37
33
36
40
40
40
40
38
37
40
40
37
33
32
40
40
40
40
40
40
40
40
37
33
32
34
41
40
41
40
40
40
40
36
33
32
32
37
40
40
40
41
40
41
40
33
32
32
33
38
40
40
40
41
41
41
40
32
32
32
33
40
40
41
41
40
42
42
41
127
127
127
127
127
127
127
127
127
127
127
127
127
127
127
127
127
127
127
127
127
127
127
127
127
127
127
127
127
127
127
127
127
127
127
127
127
127
127
127
127
127
127
127
127
127
127
127
127
127
127
127
127
127
127
127
127
127
127
127
127
127
127
127
127
127
127
127
127
127
127
127
97
108
122
127
127
127
127
127
127
127
127
127
64
66
70
76
86
99
110
116
121
123
113
104
43
43
42
43
43
41
43
45
45
46
54
64
40
39
40
38
33
31
36
36
36
36
39
43
41
41
40
37
33
36
41
40
41
40
40
38
41
41
37
32
32
40
41
40
41
40
40
41
41
37
33
32
33
42
41
42
41
41
41
42
37
33
32
32
37
42
40
41
41
41
42
41
33
32
32
33
39
41
41
40
41
42
43
41
32
32
32
33
40
41
42
41
41
43
43
42
