82
79
76
74
71
71
71
71
74
76
79
82
87
85
82
79
77
76
76
77
79
82
85
87
95
92
89
87
85
84
84
85
87
89
92
95
105
102
99
96
94
93
93
94
96
99
102
104
118
115
112
109
106
106
106
106
108
110
112
115
119
122
124
126
126
127
126
126
127
127
127
127
99
104
110
115
120
121
124
127
127
127
127
127
64
68
71
77
83
90
101
106
107
108
108
107
44
43
44
43
38
68
84
50
49
48
52
64
41
41
37
34
75
127
67
38
40
39
40
44
43
40
40
73
127
127
50
40
43
43
43
40
43
41
65
127
127
113
38
43
43
43
44
43
37
68
127
127
127
82
38
43
44
44
44
45
75
127
127
127
127
58
39
43
44
44
43
45
127
127
127
127
127
45
41
43
43
43
42
43
127
127
127
127
113
40
43
43
41
42
41
42
94
92
89
85
83
82
82
83
85
89
92
94
99
97
94
91
89
88
88
89
91
94
97
99
108
105
102
99
97
96
96
97
99
103
106
108
117
116
113
110
107
106
106
107
110
112
115
117
127
127
125
123
120
119
119
119
121
123
125
127
122
127
127
127
127
127
127
127
127
127
127
127
98
104
113
120
127
127
127
127
127
127
127
127
64
67
71
76
83
92
100
107
110
113
110
106
42
42
42
42
43
42
41
44
45
45
49
61
38
38
38
38
35
31
34
36
36
36
37
41
40
40
40
39
34
33
40
40
40
40
40
37
40
41
39
33
31
35
40
40
40
40
41
40
41
40
34
32
32
38
40
41
41
41
40
41
39
35
32
32
33
39
40
41
41
41
40
41
35
32
32
32
35
40
40
41
40
40
40
40
32
32
32
31
37
41
40
40
38
39
39
39
127
127
127
127
127
127
127
127
127
127
127
127
127
127
127
127
127
127
127
127
127
127
127
127
127
127
127
127
127
127
127
127
127
127
127
127
127
127
127
127
127
127
127
127
127
127
127
127
127
127
127
127
127
127
127
127
127
127
127
127
127
127
127
127
127
127
127
127
127
127
127
127
95
105
119
127
127
127
127
127
127
127
127
127
64
65
68
75
84
96
107
114
119
123
116
105
43
43
42
43
43
42
42
45
45
46
50
62
39
40
39
40
35
31
35
36
36
36
37
43
40
42
40
39
34
33
40
41
40
41
41
39
41
42
40
33
31
36
41
41
40
41
42
42
43
40
34
32
32
38
41
41
42
42
41
43
40
35
32
32
33
39
40
41
42
42
41
43
35
32
32
32
34
40
40
41
41
40
40
41
32
32
32
31
36
42
41
41
39
40
40
40
