82
79
76
74
71
71
71
71
74
76
79
82
87
85
82
79
77
76
76
77
79
82
85
87
95
92
89
87
85
84
84
85
87
89
92
95
105
103
99
96
94
93
93
94
96
99
101
104
120
117
113
110
106
106
106
106
108
110
112
114
114
118
121
123
125
126
127
127
127
127
127
127
92
98
103
110
115
120
123
123
127
127
127
127
63
64
67
71
78
85
91
99
105
105
106
106
43
43
44
44
44
43
47
89
62
47
47
47
41
41
41
41
40
35
75
127
57
37
39
40
43
43
43
43
43
40
122
127
76
38
43
43
43
43
43
43
41
59
127
127
110
39
44
43
43
43
43
45
38
99
127
127
127
47
42
44
44
43
44
42
48
127
127
127
127
78
40
45
44
44
44
39
75
127
127
127
127
119
43
44
43
44
43
38
103
127
127
127
127
127
50
42
94
92
89
85
83
82
82
83
85
89
92
94
99
97
94
91
89
88
88
89
91
94
96
99
108
106
102
99
96
96
96
97
99
103
105
108
117
116
112
110
107
106
106
107
110
112
115
117
127
127
125
123
120
119
119
119
121
123
125
127
116
121
127
127
127
127
127
127
127
127
127
127
91
97
105
113
120
127
127
127
127
127
127
127
63
64
67
71
77
85
94
100
105
109
110
110
43
42
42
43
42
43
43
41
43
44
45
45
39
38
38
38
37
37
34
30
35
36
36
36
40
40
40
40
40
40
34
32
38
40
40
40
40
40
40
40
40
40
33
32
36
40
40
40
40
40
40
41
41
37
32
32
33
40
40
40
41
40
41
41
40
34
32
32
33
38
41
40
41
40
41
41
38
33
32
32
32
36
40
40
40
41
41
40
36
32
32
32
32
33
40
41
127
127
127
127
127
127
127
127
127
127
127
127
127
127
127
127
127
127
127
127
127
127
127
127
127
127
127
127
127
127
127
127
127
127
127
127
127
127
127
127
127
127
127
127
127
127
127
127
127
127
127
127
127
127
127
127
127
127
127
127
120
127
127
127
127
127
127
127
127
127
127
127
88
95
106
120
127
127
127
127
127
127
127
127
63
64
65
69
75
84
96
106
112
116
118
118
43
43
43
43
43
43
43
41
44
45
45
46
39
40
39
39
38
38
34
30
35
36
36
36
40
41
40
40
40
41
35
32
39
40
41
40
41
41
41
40
41
40
33
32
36
40
42
41
41
41
41
42
43
37
32
32
33
40
42
42
42
41
42
41
41
34
32
32
33
39
42
42
42
41
42
41
39
33
32
32
32
37
41
42
41
42
42
41
37
32
32
32
32
33
40
42
