82
79
76
74
71
71
71
71
74
76
79
82
87
85
82
79
77
76
76
77
79
82
85
87
95
92
89
87
85
84
84
85
87
89
92
95
105
103
99
96
94
93
93
94
96
99
101
104
121
118
113
110
107
106
106
106
108
110
112
114
112
116
120
123
124
126
126
127
127
127
127
127
89
96
102
108
113
119
123
123
127
127
127
127
62
64
66
70
75
82
89
96
103
105
106
106
43
43
44
43
44
45
42
74
82
46
47
47
41
42
41
40
40
40
37
109
123
37
38
40
43
43
43
43
43
42
46
127
127
68
39
43
43
43
43
43
44
41
54
127
127
123
45
42
43
44
44
44
43
39
61
127
127
127
85
36
43
43
43
43
43
40
72
127
127
127
127
57
43
43
42
42
43
40
84
127
127
127
127
109
43
43
43
42
43
40
93
127
127
127
127
127
94
92
89
85
83
82
82
83
85
89
92
94
99
97
94
91
89
88
88
89
91
94
96
99
108
106
102
99
96
96
96
97
99
103
105
108
117
115
113
110
107
106
106
107
110
112
115
117
127
127
126
123
121
119
119
119
121
123
125
127
113
120
125
127
127
127
127
127
127
127
127
127
89
96
103
110
118
125
127
127
127
127
127
127
62
64
66
70
75
82
91
99
103
106
109
109
43
43
42
42
43
43
43
41
42
44
45
45
39
39
38
38
38
37
37
32
30
36
36
36
40
40
40
40
40
40
40
34
32
39
40
40
40
40
40
40
40
41
40
33
32
35
41
40
40
40
41
41
40
40
38
33
32
32
38
40
40
40
40
41
41
40
38
32
32
32
34
39
40
40
39
40
41
42
38
32
32
32
32
36
41
40
40
39
41
42
37
32
32
32
32
33
127
127
127
127
127
127
127
127
127
127
127
127
127
127
127
127
127
127
127
127
127
127
127
127
127
127
127
127
127
127
127
127
127
127
127
127
127
127
127
127
127
127
127
127
127
127
127
127
127
127
127
127
127
127
127
127
127
127
127
127
116
127
127
127
127
127
127
127
127
127
127
127
86
92
102
116
127
127
127
127
127
127
127
127
62
64
66
68
73
82
93
103
110
114
116
117
42
43
43
43
43
43
43
42
42
45
45
46
39
40
39
39
38
38
37
31
30
36
37
36
40
41
40
40
41
41
41
34
33
40
42
40
41
41
41
41
42
41
40
33
32
36
42
41
41
41
42
42
41
41
39
33
32
32
39
42
41
40
40
42
42
42
39
32
32
32
34
39
41
40
40
40
42
42
39
32
32
32
32
36
42
40
40
40
42
43
38
32
32
32
32
33
