82
79
76
74
71
71
71
71
74
76
79
82
87
85
82
79
77
76
76
77
79
82
85
87
95
92
89
87
85
84
84
85
87
89
92
95
106
102
99
96
94
93
93
94
96
99
101
104
122
119
114
110
107
106
106
106
108
110
112
114
111
115
119
122
123
126
126
127
127
127
127
127
87
93
100
106
112
118
122
126
125
127
127
127
61
64
65
69
74
80
88
95
102
104
105
105
43
43
44
43
44
44
44
49
99
54
45
47
41
41
41
40
41
40
37
47
127
94
34
37
43
43
43
43
44
43
41
48
127
127
74
40
43
43
43
43
44
43
42
41
127
127
127
62
42
43
42
42
42
44
43
36
109
127
127
127
43
42
42
43
42
43
43
37
89
127
127
127
43
43
44
43
43
43
43
40
68
127
127
127
42
45
47
43
44
46
44
41
56
127
127
127
94
92
89
85
83
82
82
83
85
89
92
94
99
97
94
91
89
88
88
89
91
94
97
99
108
105
102
99
97
96
96
97
99
103
106
108
118
114
113
110
108
106
106
107
110
112
115
117
127
127
126
123
121
119
119
119
121
123
124
127
111
117
123
127
127
127
127
127
127
127
127
127
86
92
100
108
116
123
127
127
127
127
127
127
61
64
65
68
73
80
89
96
102
106
108
108
42
43
42
42
43
43
43
43
40
43
44
45
39
39
38
38
38
38
37
37
30
32
36
37
40
40
40
40
40
40
40
40
33
33
38
40
40
40
40
40
40
40
40
40
34
32
34
39
40
40
40
40
40
41
40
40
35
32
32
34
40
39
39
40
40
40
41
40
37
32
32
32
40
40
40
40
40
40
41
40
39
32
32
32
40
41
42
39
41
42
41
41
40
33
32
32
127
127
127
127
127
127
127
127
127
127
127
127
127
127
127
127
127
127
127
127
127
127
127
127
127
127
127
127
127
127
127
127
127
127
127
127
127
127
127
127
127
127
127
127
127
127
127
127
127
127
127
127
127
127
127
127
127
127
127
127
113
123
127
127
127
127
127
127
127
127
127
127
85
90
99
111
126
127
127
127
127
127
127
127
61
64
65
68
71
78
90
100
108
113
115
116
42
43
43
43
42
43
43
43
41
44
45
45
40
39
40
39
39
39
37
37
30
32
37
36
40
40
41
40
42
41
40
41
33
33
39
40
41
41
41
41
42
41
40
41
35
32
34
39
40
40
40
40
40
42
41
40
35
32
32
34
40
40
40
40
40
40
42
40
37
32
32
32
40
40
42
40
41
41
42
42
40
32
32
32
40
43
44
40
42
43
42
42
40
33
32
32
