82
80
77
75
72
71
71
72
75
77
80
82
87
85
82
80
78
77
77
78
80
82
85
88
97
93
89
88
85
85
85
85
88
90
93
96
110
103
99
98
96
94
94
95
97
99
102
105
122
121
116
112
110
107
106
107
109
110
113
115
106
111
116
119
123
124
126
127
127
127
127
127
82
88
95
102
108
113
120
124
127
127
127
127
61
61
64
66
70
76
83
91
96
104
103
103
43
43
43
44
43
44
45
46
46
95
75
38
41
41
41
41
41
40
40
40
37
74
117
91
43
43
43
43
43
43
43
43
41
51
111
127
43
43
43
43
43
43
43
43
43
37
50
123
44
43
44
45
44
44
43
43
44
42
42
53
43
43
44
45
44
43
43
43
43
43
41
40
44
43
44
44
44
43
43
43
43
43
44
43
45
44
44
43
44
43
43
42
43
46
47
45
95
92
89
86
84
83
83
84
86
89
92
95
100
98
95
92
89
89
89
89
92
95
98
100
110
106
103
100
98
97
97
98
101
103
106
108
120
116
113
111
109
108
107
108
110
113
115
117
123
126
127
125
122
121
120
120
121
123
125
127
106
112
117
124
127
127
127
127
127
127
127
127
82
87
93
102
110
119
127
127
127
127
127
127
61
61
64
66
69
75
83
92
98
103
106
106
42
42
42
42
42
42
43
43
43
41
42
45
39
39
38
38
38
38
37
37
37
34
30
33
40
40
40
40
40
40
40
40
40
40
35
33
40
40
40
40
40
40
40
40
40
40
40
35
41
40
40
40
41
41
40
40
41
40
40
40
40
40
41
40
41
40
40
40
41
40
40
40
40
40
41
40
41
40
40
40
41
41
40
41
40
42
41
41
42
40
40
39
40
43
41
42
127
127
127
127
127
127
127
127
127
127
127
127
127
127
127
127
127
127
127
127
127
127
127
127
127
127
127
127
127
127
127
127
127
127
127
127
127
127
127
127
127
127
127
127
127
127
127
127
127
127
127
127
127
127
127
127
127
127
127
127
105
113
124
127
127
127
127
127
127
127
127
127
82
85
91
102
116
127
127
127
127
127
127
127
61
61
64
66
68
73
83
95
103
109
113
114
43
42
43
43
43
43
43
43
43
41
43
46
40
40
39
40
39
39
37
37
37
34
30
33
40
40
40
41
40
41
40
40
41
40
36
34
41
41
40
40
41
41
41
40
41
40
40
36
42
41
41
42
42
42
41
41
42
41
41
41
41
41
42
41
42
41
41
40
42
41
40
42
41
42
42
41
42
41
41
40
42
42
41
42
42
43
42
42
43
40
40
40
41
43
43
43
