96
93
89
85
81
78
75
75
75
76
78
82
101
97
92
88
84
81
79
78
79
81
83
87
108
103
99
94
90
87
85
85
85
88
91
95
115
111
106
102
98
95
93
92
94
96
100
103
125
121
116
110
106
104
103
102
104
107
111
117
124
127
127
126
122
118
116
120
122
123
122
120
105
111
117
121
124
125
125
122
117
113
107
100
73
77
83
91
100
118
118
98
86
76
70
65
48
49
48
48
43
89
83
43
45
44
43
43
42
42
41
39
40
125
104
34
40
41
40
41
42
43
43
38
68
127
127
43
42
44
43
43
42
43
43
40
110
127
127
58
40
44
43
43
43
43
40
57
127
127
127
82
38
42
43
44
43
43
39
98
127
127
127
110
40
43
44
43
43
42
54
127
127
127
127
127
49
42
46
43
43
40
74
127
127
127
127
127
58
41
47
43
110
106
102
97
92
90
88
87
86
88
91
94
114
110
106
100
96
94
92
91
91
93
96
99
121
116
112
106
103
100
98
97
98
100
103
107
127
124
120
115
111
107
106
106
106
109
113
116
127
127
127
123
120
117
116
115
117
121
126
127
127
127
127
127
127
127
127
127
127
127
127
124
105
113
122
127
127
127
127
127
125
116
109
100
73
76
82
91
104
123
123
102
86
75
68
65
47
47
46
45
46
50
50
44
42
42
42
42
39
40
38
37
36
33
33
37
37
37
38
38
39
40
40
40
38
32
33
40
40
40
40
40
40
40
41
41
37
32
33
40
40
40
41
40
40
40
40
39
33
32
32
37
41
40
40
40
40
40
41
37
32
32
32
36
41
40
41
40
40
41
40
34
32
32
32
34
40
41
41
40
40
41
38
32
32
32
32
33
38
41
41
40
127
127
127
127
127
127
127
127
127
127
127
127
127
127
127
127
127
127
127
127
127
127
127
127
127
127
127
127
127
127
127
127
127
127
127
127
127
127
127
127
127
127
127
127
127
127
127
127
127
127
127
127
127
127
127
127
127
127
127
127
127
127
127
127
127
127
127
127
127
127
127
127
104
117
127
127
127
127
127
127
127
127
113
99
73
75
79
92
112
127
127
110
87
73
68
64
47
47
45
45
46
52
53
45
43
43
42
42
40
40
39
37
37
31
33
37
37
39
39
39
40
40
40
41
40
31
33
41
40
41
41
40
40
40
41
42
37
32
33
40
41
41
42
40
41
40
41
40
34
32
32
38
42
40
41
42
41
41
42
37
32
32
32
37
42
42
42
42
41
42
41
34
31
32
32
34
40
43
43
41
40
42
39
32
32
32
32
33
39
42
43
40
