80
78
76
73
71
70
70
71
73
75
78
81
102
87
78
78
76
75
75
75
78
80
83
86
120
106
94
86
84
82
82
83
85
88
91
94
119
123
114
100
94
93
92
92
95
97
100
103
102
109
118
120
114
108
105
105
106
108
110
113
87
92
101
109
115
120
122
125
126
127
127
127
73
75
79
85
96
104
112
120
123
126
127
127
58
59
60
61
64
68
75
84
92
96
102
106
43
43
43
43
43
44
44
45
46
45
51
69
40
41
41
41
41
41
40
40
40
39
41
48
42
43
43
43
43
43
43
44
43
43
43
41
43
44
43
43
43
44
43
44
43
43
43
43
43
43
43
43
42
42
43
43
42
43
43
43
43
44
43
42
40
43
43
43
42
42
42
43
43
44
43
43
41
43
43
43
42
42
43
43
42
43
43
43
43
43
45
43
42
43
47
46
92
90
88
85
82
82
82
82
85
86
90
93
110
98
92
90
88
87
87
88
90
92
96
99
123
113
105
99
96
95
95
96
98
101
104
106
118
124
120
111
107
106
106
106
108
110
113
116
101
109
117
123
123
120
120
118
120
120
123
126
87
92
99
110
117
125
127
127
127
127
127
127
73
75
79
85
94
105
116
126
127
127
127
127
58
58
61
61
64
68
74
83
93
99
103
104
43
43
42
42
43
42
43
42
43
43
43
43
39
39
39
39
39
38
38
37
37
36
36
36
39
39
40
40
40
40
40
41
40
40
40
40
40
40
40
40
41
40
40
41
40
40
40
40
40
40
40
40
40
40
40
40
40
40
40
40
41
41
40
40
38
40
40
40
40
40
39
40
40
41
40
40
39
40
40
40
40
39
40
40
40
40
40
40
40
40
42
40
40
40
41
41
127
127
127
127
127
127
127
127
127
127
127
127
127
127
127
127
127
127
127
127
127
127
127
127
127
127
127
127
127
127
127
127
127
127
127
127
115
126
127
127
127
127
127
127
127
127
127
127
101
108
118
127
127
127
127
127
127
127
127
127
87
92
98
109
124
127
127
127
127
127
127
127
73
75
79
84
91
107
127
127
127
127
127
127
58
59
61
61
64
66
72
83
96
105
110
112
43
43
43
42
43
43
43
43
43
44
44
43
40
40
40
40
39
39
39
38
37
37
37
36
40
40
40
41
41
40
40
42
41
40
42
41
41
42
41
41
42
41
41
42
41
40
42
41
41
41
40
41
40
40
40
41
40
41
41
40
42
42
41
40
39
40
40
41
40
40
40
40
41
42
41
40
40
41
41
41
40
40
41
41
40
41
41
41
41
40
43
41
40
40
43
43
