80
78
77
73
71
70
70
71
73
75
79
81
94
83
80
78
76
75
75
75
78
80
83
86
113
101
91
86
84
82
82
83
85
88
90
94
123
121
107
97
94
92
92
92
95
97
100
103
105
113
120
118
111
106
105
105
106
107
110
113
89
96
105
112
117
120
123
125
126
126
127
127
74
76
82
90
99
108
116
120
125
127
127
127
59
59
61
62
64
71
79
88
96
99
106
105
43
43
43
43
43
44
44
45
46
47
64
71
41
40
41
41
41
41
41
40
40
40
46
50
43
43
43
43
43
43
43
43
43
43
40
42
43
43
43
43
43
43
43
43
43
43
42
43
43
43
43
42
42
43
43
42
43
43
44
43
42
44
43
43
43
45
43
43
45
44
44
44
43
44
43
44
44
45
43
43
45
46
44
44
45
44
42
44
46
43
43
43
44
47
44
44
93
91
88
85
82
82
82
82
85
86
90
93
105
96
92
90
88
87
87
88
90
92
96
99
119
111
103
99
96
95
95
96
98
100
103
106
122
124
116
110
107
106
105
105
107
110
112
115
105
113
122
124
123
120
118
118
119
120
123
126
89
96
105
113
121
127
127
127
127
127
127
127
74
76
82
89
99
110
121
127
127
127
127
127
59
59
61
62
65
70
78
89
97
103
105
106
43
43
42
43
43
42
42
43
43
43
43
43
39
39
39
39
39
38
37
37
37
36
36
36
39
39
40
40
40
40
40
40
40
40
40
40
40
40
40
40
40
40
40
40
40
40
40
40
40
41
40
40
40
40
40
39
40
40
41
41
39
40
40
40
40
42
40
39
40
40
41
42
40
40
40
41
40
41
40
40
41
40
41
42
42
40
40
41
41
40
40
41
40
40
40
41
127
127
127
127
127
127
127
127
127
127
127
127
127
127
127
127
127
127
127
127
127
127
127
127
127
127
127
127
127
127
127
127
127
127
127
127
120
127
127
127
127
127
127
127
127
127
127
127
104
113
124
127
127
127
127
127
127
127
127
127
89
94
103
116
127
127
127
127
127
127
127
127
74
77
82
87
97
116
127
127
127
127
127
127
59
59
61
62
64
68
76
89
102
110
112
114
43
43
42
42
43
43
43
43
43
44
43
43
40
40
40
40
40
39
39
37
37
36
36
35
40
40
40
41
41
40
41
41
40
41
41
40
41
41
40
41
41
41
41
40
40
41
40
40
41
42
41
40
40
41
41
40
40
41
42
41
40
41
41
41
40
43
41
40
42
42
43
42
40
41
41
42
42
42
41
40
43
42
42
42
43
42
40
42
43
40
41
40
42
43
41
42
