81
78
77
73
71
70
70
71
73
75
79
81
92
83
80
78
76
75
75
75
78
80
83
86
112
100
90
86
84
82
82
83
85
88
90
94
124
120
106
97
94
92
92
92
95
97
100
103
106
115
121
117
110
106
105
104
106
107
110
113
90
97
106
113
118
121
124
125
125
126
126
127
75
78
83
91
101
109
116
122
124
127
127
127
59
59
61
62
65
71
81
89
96
102
107
105
43
43
43
43
44
43
44
45
45
49
67
70
41
40
41
41
42
40
40
40
39
40
47
50
43
43
43
43
43
43
43
43
43
43
40
43
43
43
43
43
43
43
43
42
43
43
42
43
42
43
43
42
43
43
42
43
44
44
44
43
43
44
43
43
44
44
43
43
46
44
44
43
44
43
43
44
45
44
43
43
47
44
44
44
44
43
43
43
45
43
43
43
46
45
43
45
93
91
88
85
82
82
82
82
85
86
90
93
104
96
92
90
88
87
87
88
90
92
96
99
118
110
103
99
96
95
95
96
98
100
103
106
124
123
116
110
107
106
105
105
107
110
112
115
106
115
123
125
123
120
118
117
119
120
123
125
90
97
106
114
123
127
127
127
127
127
127
127
75
78
83
90
101
112
123
127
127
127
127
127
59
59
61
62
65
71
80
90
98
103
106
107
43
42
42
42
42
43
43
43
43
44
43
43
39
39
39
39
38
38
38
37
36
36
35
35
39
40
40
40
40
40
40
40
40
40
40
40
40
40
40
40
40
40
40
40
40
40
40
40
40
40
40
40
40
40
40
40
40
41
41
40
40
41
40
40
41
40
40
40
41
41
42
41
40
41
40
40
41
40
40
40
41
40
42
41
41
40
40
40
41
40
40
40
40
40
41
41
127
127
127
127
127
127
127
127
127
127
127
127
127
127
127
127
127
127
127
127
127
127
127
127
127
127
127
127
127
127
127
127
127
127
127
127
123
127
127
127
127
127
127
127
127
127
127
127
106
113
127
127
127
127
127
127
127
127
127
127
90
96
104
118
127
127
127
127
127
127
127
127
75
78
82
88
99
119
127
127
127
127
127
127
59
59
61
62
65
69
78
92
103
111
113
115
43
43
42
42
43
43
43
43
43
44
43
43
40
40
40
40
40
39
39
37
37
37
36
34
40
40
40
41
41
40
41
41
41
41
41
40
41
41
40
40
40
41
41
40
41
40
40
41
40
41
41
40
41
41
40
40
41
42
42
41
40
42
40
41
41
42
40
41
42
42
43
42
42
42
40
42
42
42
40
41
43
42
42
42
42
41
40
41
43
41
41
40
43
42
41
42
