82
79
77
73
71
70
70
71
73
75
79
81
91
83
80
78
76
75
75
75
78
80
83
86
110
99
89
86
84
82
82
83
85
88
90
94
125
118
103
96
94
92
92
92
95
97
100
103
108
116
121
116
110
106
105
104
106
107
110
113
92
99
107
114
119
122
124
125
125
125
126
127
75
78
83
92
103
110
117
123
125
127
127
127
59
60
61
63
66
72
82
91
98
103
107
105
43
43
43
43
44
43
45
46
46
52
70
70
41
41
41
41
41
41
40
40
39
40
48
53
43
43
43
43
43
43
43
43
43
42
40
45
43
43
43
42
43
43
43
42
43
43
43
43
42
43
43
43
44
43
42
45
45
44
43
43
43
44
43
44
45
43
43
45
46
43
44
43
44
43
43
44
44
43
43
44
45
43
44
43
43
43
44
43
43
43
42
43
44
43
45
44
93
91
88
85
82
82
82
82
85
86
90
93
102
96
92
90
88
87
87
88
90
92
96
99
116
109
103
99
96
95
95
96
98
100
103
106
124
123
115
110
107
106
105
105
107
110
113
115
108
116
123
124
122
120
118
117
119
120
122
125
92
99
107
116
123
127
127
127
127
127
127
127
75
78
83
92
102
113
123
127
127
127
127
127
58
60
61
63
66
72
82
92
99
104
106
107
43
43
42
43
42
43
43
43
43
44
43
43
39
39
39
39
38
38
38
37
36
36
35
35
40
40
40
40
40
40
40
40
40
40
40
40
40
40
40
40
40
40
40
40
40
40
40
40
39
40
40
40
41
40
40
40
41
41
40
40
40
40
40
40
41
40
40
40
40
41
41
41
41
40
40
41
41
40
40
40
40
41
41
41
41
40
40
40
40
40
40
40
40
41
41
40
127
127
127
127
127
127
127
127
127
127
127
127
127
127
127
127
127
127
127
127
127
127
127
127
127
127
127
127
127
127
127
127
127
127
127
127
124
127
127
127
127
127
127
127
127
127
127
127
107
116
127
127
127
127
127
127
127
127
127
127
91
97
106
120
127
127
127
127
127
127
127
127
75
78
82
89
103
122
127
127
127
127
127
127
59
60
61
63
66
70
81
95
105
113
114
116
43
43
42
43
43
43
43
43
44
44
43
43
40
40
40
40
40
40
39
37
37
36
36
35
40
40
40
40
41
41
41
40
41
40
41
41
41
41
40
40
40
41
40
40
41
40
41
41
40
41
41
40
42
41
40
42
42
42
41
41
41
42
40
41
42
41
40
42
42
42
42
41
42
41
40
42
42
41
41
42
42
42
42
41
41
40
41
41
41
41
40
41
42
42
43
42
