82
79
76
73
71
70
70
71
73
75
79
81
87
83
82
78
76
75
75
75
78
80
83
86
103
95
89
86
84
82
82
83
85
88
90
94
122
110
100
97
95
92
92
92
94
96
99
102
114
121
120
113
108
105
104
104
105
106
109
112
97
105
112
118
121
123
123
123
123
123
126
127
78
82
89
99
107
114
120
124
127
127
127
127
59
61
62
64
70
78
88
96
103
109
106
106
43
43
43
43
44
44
45
46
48
71
71
65
42
41
41
41
41
40
40
40
40
48
54
61
43
43
43
43
43
43
43
43
43
41
46
54
43
43
43
43
43
43
44
43
43
43
43
41
43
43
43
44
43
43
45
44
43
43
43
44
43
43
43
43
43
43
45
45
43
43
42
43
43
43
44
43
44
44
45
45
43
43
42
42
43
43
46
46
45
45
44
45
43
43
42
43
94
91
87
85
82
82
82
82
85
86
90
93
99
96
93
90
88
87
86
87
89
92
96
99
113
107
103
99
96
95
94
95
97
100
103
106
125
120
113
110
107
105
104
105
107
110
113
115
114
122
126
124
121
118
117
116
118
120
123
125
97
104
113
121
127
127
127
127
127
127
127
127
78
82
89
98
110
120
127
127
127
127
127
127
59
61
62
64
69
77
88
98
104
106
109
110
43
42
43
42
42
42
43
43
44
43
43
44
39
39
39
38
38
38
37
36
36
36
35
35
40
40
40
40
40
40
40
40
40
40
40
40
40
40
40
40
40
40
40
41
40
40
40
40
40
40
40
41
40
40
40
41
41
40
40
41
40
40
41
40
41
40
40
41
40
40
40
40
40
40
41
40
41
40
40
41
40
40
40
39
40
40
42
41
42
40
40
41
41
40
40
40
127
127
127
127
127
127
127
127
127
127
127
127
127
127
127
127
127
127
127
127
127
127
127
127
127
127
127
127
127
127
127
127
127
127
127
127
127
127
127
127
127
127
127
127
127
127
127
127
113
125
127
127
127
127
127
127
127
127
127
127
96
103
115
127
127
127
127
127
127
127
127
127
78
81
86
96
114
127
127
127
127
127
127
127
59
61
62
64
68
76
89
103
112
116
118
120
43
43
42
43
43
43
43
43
44
43
43
45
40
40
40
39
40
39
37
37
36
35
34
34
40
40
40
40
41
41
40
41
41
41
40
40
41
41
40
40
41
40
41
41
41
41
41
42
42
41
41
42
40
41
42
42
42
41
40
42
41
40
42
41
40
41
42
43
41
41
41
40
41
40
43
41
41
41
42
43
41
41
41
40
40
41
43
43
43
41
41
43
41
40
41
40
