82
79
76
73
71
70
70
71
73
75
78
82
86
84
82
78
76
75
75
75
78
80
82
86
102
95
89
86
84
82
82
83
85
88
90
93
120
109
100
97
95
92
92
92
94
96
99
102
116
122
120
113
107
105
104
103
105
106
109
112
99
106
113
119
122
123
124
123
123
123
126
127
78
83
91
101
109
116
121
124
127
127
127
127
59
61
63
65
71
79
89
97
103
108
106
106
43
43
43
43
44
44
45
46
52
72
70
64
42
41
41
41
41
40
40
40
40
49
56
64
43
43
43
43
43
43
43
43
42
40
47
58
43
43
43
43
43
43
44
44
43
43
43
41
43
43
43
43
43
44
44
44
43
43
43
44
43
43
44
43
43
44
45
44
43
43
43
43
43
43
45
44
44
44
45
44
43
43
42
43
41
44
46
46
44
45
44
43
43
43
43
44
94
91
87
85
82
82
82
82
85
87
90
93
99
96
93
90
88
87
86
87
89
92
96
99
113
106
103
99
96
95
94
95
97
100
103
106
124
118
113
110
107
105
104
105
107
110
113
115
116
123
126
124
121
118
116
116
118
119
123
125
98
106
114
123
127
127
127
127
127
127
127
127
78
83
90
100
112
122
127
127
127
127
127
127
60
61
63
65
71
79
90
99
105
107
110
111
43
42
43
42
42
43
43
43
44
43
43
45
39
39
39
38
38
37
37
36
36
35
35
34
40
40
40
40
40
40
40
40
40
40
40
39
40
40
40
40
40
40
40
41
40
40
40
41
40
40
40
40
40
40
41
41
40
40
41
41
40
40
41
40
40
40
41
41
40
40
40
40
40
40
41
40
41
40
41
41
40
40
40
40
39
41
42
41
40
42
41
41
40
40
41
41
127
127
127
127
127
127
127
127
127
127
127
127
127
127
127
127
127
127
127
127
127
127
127
127
127
127
127
127
127
127
127
127
127
127
127
127
127
127
127
127
127
127
127
127
127
127
127
127
116
127
127
127
127
127
127
127
127
127
127
127
96
105
117
127
127
127
127
127
127
127
127
127
78
82
87
99
117
127
127
127
127
127
127
127
60
61
63
65
68
77
92
105
113
116
119
121
43
43
43
43
43
43
43
44
45
43
43
46
40
40
40
39
40
38
37
37
36
35
35
34
40
40
40
40
41
40
40
41
41
41
41
40
41
40
40
41
40
41
41
42
41
41
42
42
41
41
42
41
40
41
42
42
41
40
42
42
41
41
42
41
41
41
42
42
41
40
40
41
40
41
43
42
42
42
42
42
41
40
40
41
40
42
43
43
41
43
42
42
41
40
41
42
