83
80
77
74
71
71
71
73
75
78
82
84
89
85
82
78
76
75
75
77
79
82
85
89
97
93
89
86
84
82
82
83
85
88
92
96
108
104
100
96
93
92
91
92
94
96
100
103
122
117
113
108
105
103
102
102
104
107
110
113
118
123
126
127
125
123
120
120
120
122
123
125
96
103
111
117
122
124
125
123
126
124
123
123
64
67
72
80
89
98
108
107
108
103
99
100
43
44
43
44
45
45
72
84
57
47
53
61
41
41
41
41
40
38
49
71
89
89
65
43
43
43
43
43
43
43
40
55
85
103
99
85
42
43
43
42
44
44
43
40
37
61
112
127
43
44
43
43
43
44
44
43
42
43
46
68
43
43
43
43
44
44
44
43
43
41
37
43
43
44
44
45
45
44
43
42
43
43
42
39
43
46
47
46
44
44
41
41
42
43
41
42
96
92
88
85
83
82
82
85
87
90
94
96
101
97
93
91
89
87
87
89
91
94
98
101
110
106
103
99
96
95
95
96
98
101
105
109
120
117
113
109
106
104
103
104
106
110
113
116
127
127
127
121
118
116
115
115
116
120
123
127
120
127
127
127
127
127
127
127
127
127
127
127
95
103
113
124
127
127
127
127
127
127
126
123
64
67
71
80
91
100
106
110
113
105
100
99
42
42
43
43
43
43
43
43
46
52
57
61
38
38
38
38
37
36
35
33
33
36
40
42
40
40
40
40
40
40
40
39
37
35
35
34
40
40
40
40
40
41
40
40
40
39
35
33
40
41
40
40
40
41
41
40
40
41
39
39
40
41
40
41
40
41
41
40
40
41
40
40
40
42
40
41
40
41
40
40
40
40
40
40
40
43
42
41
41
41
38
38
40
40
39
39
127
127
127
127
127
127
127
127
127
127
127
127
127
127
127
127
127
127
127
127
127
127
127
127
127
127
127
127
127
127
127
127
127
127
127
127
127
127
127
127
127
127
127
127
127
127
127
127
127
127
127
127
127
127
127
127
127
127
127
127
127
127
127
127
127
127
127
127
127
127
127
127
92
103
122
127
127
127
127
127
127
127
127
125
64
65
70
78
92
106
116
121
127
108
98
99
43
43
42
43
43
44
43
44
47
52
57
61
39
40
39
39
37
36
35
33
33
35
40
43
40
41
40
41
41
41
41
40
38
36
34
35
40
41
41
40
42
42
41
41
42
40
35
33
40
42
41
41
42
42
42
40
41
42
40
39
41
41
40
42
42
42
42
40
41
42
40
40
41
42
41
42
42
42
40
40
40
41
40
40
40
43
43
43
42
42
39
39
40
41
40
40
