83
80
77
74
71
71
71
73
75
79
83
86
89
85
82
78
76
75
75
77
79
83
87
90
97
93
89
86
84
82
82
83
85
89
93
96
107
103
99
96
93
91
91
92
94
97
101
104
120
116
112
107
104
102
102
102
104
107
111
117
123
127
127
127
123
121
120
119
120
121
123
124
103
110
116
121
123
122
123
126
124
122
121
120
67
71
78
86
94
104
105
107
106
100
99
99
43
43
44
45
43
93
68
40
50
58
62
67
41
41
40
40
36
77
125
74
37
36
44
47
43
43
43
43
41
55
127
127
84
49
37
38
43
43
43
44
43
37
75
127
127
99
54
43
42
45
45
44
44
41
40
101
127
127
127
77
43
44
44
43
43
43
39
54
127
127
127
127
43
44
44
43
43
43
43
37
72
127
127
127
43
45
45
44
43
43
43
42
36
112
127
127
96
92
88
85
83
82
82
84
86
90
94
98
101
97
93
91
89
87
87
89
91
95
99
103
110
106
102
99
96
95
95
96
99
102
106
110
120
116
112
108
106
103
103
105
107
110
114
117
127
127
125
120
117
115
114
114
117
120
125
127
127
127
127
127
127
127
127
127
127
127
127
127
104
113
122
127
127
127
127
127
127
126
122
120
67
71
77
87
97
104
109
113
108
99
99
99
42
42
42
43
43
41
44
47
50
55
61
64
39
39
37
37
37
33
30
33
38
40
42
43
40
40
40
40
40
39
34
34
37
37
37
38
40
40
40
41
40
40
38
33
32
36
39
41
40
41
40
41
41
40
40
37
32
32
34
38
40
41
41
42
40
40
40
40
35
32
32
33
40
40
41
42
40
40
40
41
38
33
32
32
40
40
41
42
40
40
40
40
39
34
32
32
127
127
127
127
127
127
127
127
127
127
127
127
127
127
127
127
127
127
127
127
127
127
127
127
127
127
127
127
127
127
127
127
127
127
127
127
127
127
127
127
127
127
127
127
127
127
127
127
127
127
127
127
127
127
127
127
127
127
127
127
127
127
127
127
127
127
127
127
127
127
127
127
104
119
127
127
127
127
127
127
127
127
124
117
65
69
75
87
101
112
120
126
114
97
98
99
43
43
43
43
43
41
44
47
50
56
61
65
40
40
38
37
37
33
30
33
38
42
43
45
41
41
40
41
41
40
34
34
37
38
38
39
40
40
41
42
41
41
39
32
32
36
40
42
40
42
42
42
42
40
40
37
32
32
34
39
40
41
43
42
41
40
41
40
35
32
32
34
40
41
43
42
41
40
41
42
39
33
32
31
40
42
42
43
41
41
41
41
40
34
32
32
