83
80
77
74
71
71
71
74
76
79
83
85
89
85
82
78
76
75
75
77
79
83
87
90
97
93
89
86
84
82
82
83
85
89
93
97
106
103
99
96
92
91
91
92
94
97
101
104
120
116
111
107
104
102
101
102
104
107
112
119
125
127
127
127
124
121
120
119
119
121
123
123
105
111
116
120
120
123
124
125
127
121
118
115
68
71
77
84
92
102
104
106
111
99
94
95
43
44
40
41
81
71
49
48
51
55
60
65
41
33
43
101
113
50
39
40
40
43
43
47
39
53
97
127
110
40
42
43
43
43
40
40
49
100
127
127
65
38
43
44
44
43
43
42
117
127
127
127
43
42
43
43
44
43
41
43
127
127
127
93
39
43
43
43
43
43
41
42
127
127
127
60
41
45
43
42
42
43
43
42
127
127
127
43
43
45
43
42
42
43
44
42
96
92
88
85
83
82
82
84
88
92
96
99
101
97
93
90
88
87
87
89
92
96
99
103
110
106
102
98
96
95
95
96
99
102
106
110
120
116
112
108
106
103
103
105
107
110
114
117
127
127
125
120
116
115
114
114
117
120
125
127
127
127
127
127
127
127
127
127
127
127
127
126
106
114
121
127
127
127
127
127
127
127
118
115
67
71
77
85
94
100
106
110
116
99
94
95
42
42
42
43
41
42
45
45
48
53
59
63
38
39
37
33
32
36
36
36
37
40
42
43
40
40
37
33
35
40
40
40
40
39
37
37
40
37
32
32
39
40
40
40
40
40
40
40
35
33
32
34
41
40
40
40
41
40
39
40
33
32
32
37
41
41
40
40
40
40
39
40
32
32
33
40
40
41
40
40
40
40
40
39
32
32
34
41
40
41
41
40
40
40
41
40
127
127
127
127
127
127
127
127
127
127
127
127
127
127
127
127
127
127
127
127
127
127
127
127
127
127
127
127
127
127
127
127
127
127
127
127
127
127
127
127
127
127
127
127
127
127
127
127
127
127
127
127
127
127
127
127
127
127
127
127
127
127
127
127
127
127
127
127
127
127
127
127
107
120
127
127
127
127
127
127
127
127
119
112
65
69
75
85
96
107
116
122
127
99
92
95
43
43
43
43
40
42
45
47
50
54
58
64
40
40
38
33
32
35
36
37
37
40
42
44
42
40
37
33
37
41
41
42
41
40
38
38
41
37
32
32
40
41
41
42
42
41
40
40
36
33
32
35
43
41
40
41
42
41
40
41
33
32
32
38
43
42
41
40
41
40
40
40
32
32
33
40
42
42
41
40
40
40
40
40
32
32
34
42
41
42
42
40
40
40
42
40
