83
80
77
74
71
71
71
73
75
78
82
84
89
85
82
78
76
75
75
77
79
82
85
89
97
93
89
86
84
82
82
83
85
88
92
96
108
104
100
96
93
92
91
92
94
96
100
103
123
118
113
109
105
103
102
102
104
106
109
112
117
121
123
124
124
122
122
120
121
122
122
124
95
101
106
112
117
119
118
122
125
127
127
127
64
65
69
74
81
86
93
102
104
108
118
115
43
44
44
45
42
42
84
71
47
50
54
55
41
41
42
37
39
96
123
51
38
40
40
41
43
43
40
43
85
127
127
40
42
42
41
42
43
43
40
73
127
127
100
37
43
42
43
44
43
37
67
127
127
127
80
38
43
43
44
43
36
65
127
127
127
127
64
39
42
45
45
44
61
121
127
127
127
127
52
40
42
46
46
44
103
127
127
127
127
127
44
42
43
45
47
45
96
92
88
85
83
82
82
85
87
89
93
96
101
98
94
91
89
87
87
89
91
94
98
101
110
107
103
99
96
95
95
96
98
102
106
109
120
117
113
110
106
104
103
104
106
110
113
116
127
127
127
123
118
116
115
115
116
120
123
125
120
125
127
127
127
127
127
127
127
127
127
127
94
101
109
116
123
127
127
127
127
127
127
127
63
65
68
73
80
88
96
101
106
111
124
120
42
42
42
43
43
43
41
42
45
45
52
54
38
38
38
38
37
33
31
35
36
36
37
38
40
40
40
40
37
33
34
40
40
40
38
39
40
40
41
38
33
32
37
40
40
40
40
40
40
41
39
33
32
32
37
40
39
40
41
40
40
39
34
32
32
33
39
40
38
40
41
41
39
35
32
32
32
33
40
40
39
40
41
41
37
32
32
32
32
33
40
40
40
41
41
41
127
127
127
127
127
127
127
127
127
127
127
127
127
127
127
127
127
127
127
127
127
127
127
127
127
127
127
127
127
127
127
127
127
127
127
127
127
127
127
127
127
127
127
127
127
127
127
127
127
127
127
127
127
127
127
127
127
127
127
127
127
127
127
127
127
127
127
127
127
127
127
127
91
100
112
127
127
127
127
127
127
127
127
127
64
65
67
71
78
89
99
108
116
122
127
127
43
43
43
42
43
43
41
43
45
47
54
56
39
40
39
39
38
33
30
36
36
36
37
38
40
41
41
40
37
33
34
41
40
40
39
40
40
40
42
38
33
31
37
41
40
40
41
41
40
42
40
33
32
32
38
40
40
40
42
41
40
40
35
32
32
33
40
40
39
42
43
42
40
35
32
32
32
33
41
40
40
43
43
42
37
32
32
32
32
33
40
41
40
43
43
42
