83
80
76
74
71
71
71
73
75
78
82
85
89
85
82
78
76
75
75
77
79
82
85
89
97
93
89
86
84
82
82
83
85
88
92
95
108
104
100
96
93
92
91
92
94
96
100
103
122
119
114
109
106
103
102
102
104
106
109
112
115
119
123
123
123
123
122
121
121
122
123
123
92
99
105
110
114
118
120
119
123
126
127
127
63
64
68
72
78
85
90
98
103
106
113
122
43
43
43
43
44
41
54
90
57
47
51
57
41
42
40
41
38
40
113
113
42
38
40
42
43
44
43
43
40
79
127
127
41
42
43
43
44
44
43
40
53
127
127
127
45
43
43
43
43
43
41
38
106
127
127
127
49
40
45
44
43
42
37
71
127
127
127
127
54
41
46
43
42
42
53
125
127
127
127
127
61
40
45
43
43
43
76
127
127
127
127
127
68
38
43
43
96
92
88
85
83
82
82
85
87
90
94
96
101
98
94
91
89
87
87
89
91
94
98
101
110
107
103
99
96
95
95
96
98
101
105
108
120
117
113
110
106
104
103
104
106
110
113
116
127
127
127
123
119
116
115
115
116
120
122
124
116
123
127
127
127
127
127
127
127
127
127
127
91
98
106
113
120
125
127
127
127
127
127
127
63
64
67
71
77
85
92
99
103
109
118
127
43
43
42
43
42
43
43
40
43
45
49
54
39
39
39
38
38
37
32
31
36
36
36
37
40
40
40
40
40
38
33
34
40
40
39
39
40
41
40
40
39
33
31
34
40
40
40
40
40
40
40
40
36
32
32
34
40
40
41
40
39
39
40
38
33
32
32
33
39
41
42
40
39
40
40
34
32
32
32
33
39
41
41
40
40
41
39
32
32
32
32
33
38
39
40
41
127
127
127
127
127
127
127
127
127
127
127
127
127
127
127
127
127
127
127
127
127
127
127
127
127
127
127
127
127
127
127
127
127
127
127
127
127
127
127
127
127
127
127
127
127
127
127
127
127
127
127
127
127
127
127
127
127
127
127
127
122
127
127
127
127
127
127
127
127
127
127
127
89
96
106
121
127
127
127
127
127
127
127
127
63
64
66
69
75
85
96
105
113
120
127
127
43
43
43
43
43
43
43
41
44
46
50
57
39
39
40
39
39
38
32
31
36
36
37
38
40
41
41
40
41
39
33
34
41
41
41
40
41
42
41
40
40
34
31
35
41
42
41
41
41
41
40
41
37
32
31
34
40
41
42
41
40
40
41
39
33
32
32
33
40
43
43
41
40
40
42
35
32
32
32
33
40
42
43
41
40
43
41
32
32
32
32
33
39
40
40
42
