83
80
77
74
71
72
72
74
76
79
83
86
88
85
82
79
77
76
76
78
80
83
87
90
99
95
90
87
85
83
83
84
86
89
93
96
114
106
100
96
93
92
92
92
95
97
101
104
120
123
119
112
107
103
102
102
104
107
110
113
103
110
115
119
120
120
120
120
121
122
122
124
81
85
93
101
107
112
116
119
123
125
127
127
61
61
64
66
71
76
84
90
98
110
122
120
43
43
43
44
43
44
45
46
45
82
95
59
41
41
42
41
41
40
40
40
38
54
85
99
43
43
43
43
44
43
43
43
41
41
64
99
43
43
43
43
44
43
43
43
42
43
39
43
43
43
44
44
43
43
43
41
43
45
43
43
43
43
44
43
42
43
43
41
43
45
45
43
43
43
43
41
42
43
43
43
43
44
45
45
43
43
41
40
43
44
43
44
42
43
45
46
96
92
89
85
83
82
84
85
88
90
94
98
101
98
94
91
89
87
88
89
92
95
99
103
112
108
103
99
96
95
95
96
99
102
106
110
123
118
114
110
106
104
104
105
107
110
114
117
121
126
127
124
120
117
115
115
117
120
123
125
103
110
116
123
127
127
127
127
127
127
127
127
81
85
92
101
109
116
123
127
127
127
127
127
61
61
64
66
69
75
84
92
100
110
126
127
42
42
43
42
42
42
43
43
44
43
50
54
39
39
39
38
39
38
37
37
37
35
34
34
40
40
40
40
40
41
40
40
40
40
37
35
40
40
40
40
41
41
40
40
40
40
40
40
40
40
41
41
40
40
40
39
40
41
41
40
40
40
41
41
40
40
40
39
40
40
41
41
40
40
40
39
39
40
40
40
40
40
41
41
40
41
39
37
39
42
41
41
40
40
41
40
127
127
127
127
127
127
127
127
127
127
127
127
127
127
127
127
127
127
127
127
127
127
127
127
127
127
127
127
127
127
127
127
127
127
127
127
127
127
127
127
127
127
127
127
127
127
127
127
123
127
127
127
127
127
127
127
127
127
127
127
102
110
122
127
127
127
127
127
127
127
127
127
81
84
89
99
113
127
127
127
127
127
127
127
61
61
64
64
68
73
83
95
107
122
127
127
43
43
43
43
43
43
43
43
44
45
53
57
40
40
40
39
40
39
37
37
37
34
34
34
40
40
41
40
41
42
40
41
40
40
38
36
40
41
41
40
42
42
40
41
40
41
42
41
40
40
42
42
41
40
41
40
40
43
42
41
41
41
42
42
40
40
40
40
41
43
42
42
41
41
41
40
40
41
40
40
41
41
42
42
41
41
40
38
40
43
41
42
40
40
42
42
