83
80
76
74
71
71
72
74
76
80
84
87
88
85
82
78
76
75
76
78
80
84
88
91
99
94
89
86
84
82
82
84
86
90
94
97
113
105
99
96
92
91
91
92
95
98
102
105
121
122
117
110
105
102
101
102
105
108
111
113
104
110
115
119
120
120
120
120
120
120
123
127
81
86
94
102
108
113
116
120
123
127
127
127
61
61
64
66
71
78
86
93
103
122
120
105
43
43
43
44
44
44
45
46
50
98
81
48
41
41
41
41
41
40
40
40
40
63
85
95
43
43
43
43
44
43
43
43
42
43
71
99
43
43
43
42
44
43
43
44
43
41
37
45
43
44
44
43
43
43
44
44
43
43
42
40
43
44
44
43
43
43
43
43
42
42
43
41
45
44
44
43
43
43
43
43
42
40
43
43
45
43
43
43
43
43
43
43
42
40
41
43
96
92
88
85
83
82
82
85
88
91
96
100
101
97
93
90
88
87
87
89
92
96
100
104
112
107
103
98
96
95
95
96
99
103
106
110
122
117
113
109
106
103
103
105
107
111
115
118
122
127
126
123
119
116
114
114
117
120
123
126
103
111
117
123
127
127
127
127
127
127
127
127
81
86
93
103
110
118
124
127
127
127
127
127
61
61
64
67
71
77
87
96
105
122
127
110
42
42
42
42
42
42
43
43
45
50
52
47
39
39
38
38
39
37
37
37
37
36
34
33
40
40
40
40
40
40
40
40
40
38
37
37
40
40
40
40
40
40
40
40
40
40
40
40
40
40
41
40
40
40
41
41
40
40
40
39
41
41
41
41
40
40
41
41
40
39
40
39
41
41
41
41
40
40
41
41
40
38
40
40
41
42
40
40
40
40
40
40
40
37
39
41
127
127
127
127
127
127
127
127
127
127
127
127
127
127
127
127
127
127
127
127
127
127
127
127
127
127
127
127
127
127
127
127
127
127
127
127
127
127
127
127
127
127
127
127
127
127
127
127
123
127
127
127
127
127
127
127
127
127
127
127
102
111
123
127
127
127
127
127
127
127
127
127
81
85
90
102
117
127
127
127
127
127
127
127
61
61
64
66
68
75
86
101
116
127
127
120
43
42
43
43
43
43
43
43
45
50
55
48
40
40
39
39
40
38
38
37
37
35
34
33
40
40
40
40
41
40
41
41
41
39
37
37
41
41
40
40
41
41
41
42
41
40
41
40
40
42
42
41
40
41
42
42
41
40
41
40
41
42
42
42
40
40
41
42
40
40
41
40
43
42
42
41
40
40
41
42
40
39
40
41
43
43
41
40
40
41
41
41
40
38
40
42
