82
79
75
74
71
72
72
75
77
81
85
89
88
85
81
78
76
75
76
78
81
85
89
92
99
93
89
86
84
82
82
84
87
91
95
99
112
104
99
95
92
91
91
92
95
99
103
106
123
121
115
109
104
101
101
102
105
108
112
114
106
112
116
120
120
120
119
120
119
120
125
127
82
88
96
104
110
114
118
122
127
127
127
125
61
61
64
68
73
81
89
98
115
125
108
95
43
43
43
43
44
44
46
44
72
99
62
42
41
41
41
41
41
40
40
39
48
71
89
92
43
43
43
43
43
43
43
43
40
51
83
103
43
44
43
43
43
43
43
43
43
41
39
56
44
43
43
42
43
44
43
43
43
44
43
42
43
42
42
43
44
45
44
43
43
43
43
41
42
41
43
46
44
44
44
43
43
43
43
42
42
41
44
47
44
43
44
45
44
43
42
41
95
92
88
85
83
82
84
86
89
93
96
100
100
97
93
90
88
87
88
90
92
97
101
105
111
106
103
98
96
95
95
96
99
103
108
112
121
116
113
108
105
103
103
105
107
112
116
120
123
126
125
122
118
114
113
115
118
121
124
127
106
112
120
126
127
127
127
127
127
127
127
127
82
88
96
105
113
120
127
127
127
127
127
127
61
62
64
68
73
81
90
101
116
127
114
97
42
43
42
42
43
43
43
43
48
51
47
45
39
39
38
38
38
37
37
37
37
36
33
33
40
40
40
40
40
40
40
40
40
39
37
36
40
41
40
40
40
40
40
40
40
41
40
38
41
40
40
40
40
41
41
40
40
40
41
40
40
39
40
40
40
42
41
41
40
40
41
40
40
39
40
41
40
42
41
41
41
40
40
40
40
39
40
42
40
41
41
41
42
40
39
39
127
127
127
127
127
127
127
127
127
127
127
127
127
127
127
127
127
127
127
127
127
127
127
127
127
127
127
127
127
127
127
127
127
127
127
127
127
127
127
127
127
127
127
127
127
127
127
127
127
127
127
127
127
127
127
127
127
127
127
127
104
114
127
127
127
127
127
127
127
127
127
127
82
86
93
106
123
127
127
127
127
127
127
127
61
62
64
66
71
79
92
108
127
127
125
100
43
42
43
43
42
43
43
44
48
54
48
45
40
39
39
39
39
38
37
37
36
36
33
34
40
41
40
40
41
40
40
41
40
39
37
37
41
42
41
41
41
40
41
41
41
42
41
39
42
40
40
40
41
42
41
41
40
42
42
40
41
40
40
41
42
43
42
42
40
41
42
40
40
40
40
43
43
42
42
42
41
40
41
40
40
40
41
44
42
41
42
43
43
41
40
40
