82
79
75
74
71
72
73
75
78
82
86
90
87
85
81
78
76
76
76
78
82
85
90
94
97
92
89
86
84
82
82
85
88
92
96
100
110
103
99
95
92
91
91
93
96
100
104
108
123
120
113
107
103
101
101
103
106
109
113
116
108
113
118
120
120
120
119
119
118
122
127
127
84
91
99
107
112
116
120
123
127
127
125
122
61
63
64
70
76
85
93
105
125
114
99
89
43
43
44
44
44
45
45
50
95
81
49
40
41
41
41
41
40
40
40
40
59
81
94
81
43
43
43
43
43
43
43
42
41
66
98
107
43
44
44
44
43
43
43
43
43
37
46
85
43
44
44
43
43
42
43
45
44
43
42
43
44
44
43
43
43
41
44
47
44
43
43
40
43
43
42
43
43
42
43
45
45
44
45
44
42
41
42
43
43
43
42
43
47
45
43
44
95
92
88
85
83
84
85
87
90
95
99
103
100
97
93
90
88
88
89
91
94
99
103
106
110
106
101
98
96
95
95
97
100
105
110
113
121
115
112
107
105
103
103
106
109
113
117
121
125
127
124
120
117
114
113
116
118
121
125
127
108
115
121
127
127
127
127
127
127
127
127
127
84
90
99
108
116
123
127
127
127
127
127
127
61
63
64
68
75
84
95
109
127
121
102
89
42
43
42
42
42
43
43
46
51
49
45
46
39
39
38
38
37
37
37
37
37
34
33
35
40
40
40
40
40
40
40
40
39
38
37
36
40
40
41
41
40
40
40
40
40
40
40
38
40
40
41
40
40
39
40
41
41
41
40
41
41
41
40
40
40
39
40
41
41
40
41
40
40
40
40
40
40
40
40
40
41
40
41
40
40
39
39
40
40
40
40
40
40
40
40
41
127
127
127
127
127
127
127
127
127
127
127
127
127
127
127
127
127
127
127
127
127
127
127
127
127
127
127
127
127
127
127
127
127
127
127
127
127
127
127
127
127
127
127
127
127
127
127
127
127
127
127
127
127
127
127
127
127
127
127
127
107
119
127
127
127
127
127
127
127
127
127
127
83
88
96
112
127
127
127
127
127
127
127
127
61
63
64
68
73
84
100
120
127
127
106
89
43
43
43
43
43
43
43
46
54
50
45
47
40
39
39
39
38
38
37
36
37
34
33
35
40
41
41
41
40
41
40
40
40
38
37
36
40
42
42
42
40
41
40
41
41
41
41
39
41
42
42
41
40
40
40
42
42
41
40
42
42
42
41
41
41
39
41
43
42
42
41
41
41
41
40
41
41
40
40
42
42
42
42
41
40
40
40
40
41
40
40
40
43
42
41
42
