82
79
75
74
71
73
74
76
79
83
88
92
88
85
81
78
76
76
77
79
82
87
92
96
96
92
89
85
83
82
83
85
89
93
98
102
108
102
98
94
92
91
92
93
96
101
105
109
123
119
112
106
103
101
101
103
106
110
113
117
110
115
120
121
120
120
119
117
119
124
127
127
86
94
103
109
113
116
121
126
127
125
123
119
61
64
66
71
79
87
98
116
123
104
92
83
43
43
43
44
44
45
44
71
98
60
40
43
42
41
41
41
40
40
39
46
73
95
89
60
43
43
43
43
43
43
43
40
52
90
110
105
43
42
43
44
44
43
43
43
40
39
73
127
44
43
43
44
44
43
43
42
44
44
43
52
44
44
44
43
42
42
43
42
43
44
42
40
43
44
44
43
41
43
43
43
43
43
44
43
42
43
43
43
41
43
44
45
47
44
43
43
95
91
87
85
83
83
85
88
91
96
100
104
100
96
92
90
88
88
89
92
95
99
104
108
110
105
101
98
96
95
96
98
101
106
110
114
120
114
111
107
105
103
104
106
110
114
118
122
127
127
124
120
116
113
113
116
119
123
127
127
110
118
124
127
127
127
127
127
127
127
127
127
85
93
102
111
118
125
127
127
127
127
127
123
61
64
66
71
78
88
101
119
127
108
93
83
42
42
42
43
42
43
43
49
50
45
45
46
39
38
38
38
38
37
36
37
36
33
34
37
40
40
40
40
41
40
40
39
39
37
36
36
40
40
40
40
41
40
40
40
41
41
39
34
41
40
40
40
40
40
40
39
41
41
41
40
40
40
41
40
40
40
40
40
40
40
40
40
40
41
41
40
39
40
41
41
40
40
40
40
40
41
41
41
39
40
42
42
42
40
40
40
127
127
127
127
127
127
127
127
127
127
127
127
127
127
127
127
127
127
127
127
127
127
127
127
127
127
127
127
127
127
127
127
127
127
127
127
127
127
127
127
127
127
127
127
127
127
127
127
127
127
127
127
127
127
127
127
127
127
127
127
112
123
127
127
127
127
127
127
127
127
127
127
85
90
101
117
127
127
127
127
127
127
127
127
61
64
65
68
76
89
109
127
127
118
96
82
42
43
43
43
43
43
44
51
54
45
47
47
40
39
39
40
39
37
36
37
35
32
34
37
41
40
40
41
41
41
40
40
39
37
36
36
41
40
41
42
42
41
40
40
42
42
40
35
42
40
41
42
42
40
40
40
42
42
42
41
42
42
42
41
40
40
40
40
40
41
42
43
40
42
43
41
40
40
41
41
41
41
41
42
40
41
42
41
40
41
42
43
43
41
41
41
