82
78
77
73
73
73
74
76
80
85
89
92
88
84
81
78
77
77
78
80
83
88
92
96
96
92
88
85
83
83
84
86
89
94
99
103
106
102
97
94
92
91
92
94
97
102
106
110
122
117
110
106
103
101
101
104
106
111
115
119
113
116
120
121
120
119
118
117
120
126
127
127
89
96
105
110
114
118
123
127
125
124
120
116
62
64
68
73
82
91
105
124
114
97
87
81
43
43
43
45
44
45
48
92
84
43
40
46
42
42
40
41
40
40
39
58
92
100
67
37
43
43
42
43
44
43
42
41
76
115
113
91
43
43
43
43
44
44
43
41
36
62
127
127
43
43
43
43
44
43
41
43
43
43
52
97
43
43
43
43
43
43
41
42
43
42
40
54
43
43
42
43
43
43
42
41
43
44
44
38
43
43
43
43
42
43
43
42
43
43
44
43
94
91
87
85
85
85
86
89
92
97
102
106
99
96
92
90
89
89
90
92
96
101
106
110
109
105
101
98
96
96
96
99
102
107
112
116
119
114
111
106
104
104
104
106
110
115
120
123
127
127
124
119
115
113
114
116
120
123
127
127
113
120
127
127
127
127
127
127
127
127
127
127
89
96
106
114
121
127
127
127
127
127
127
120
62
64
67
73
81
92
109
127
119
101
88
79
43
42
42
43
43
43
46
51
48
45
46
45
39
39
38
38
38
37
37
36
33
33
36
39
40
40
40
40
40
40
40
38
37
35
34
37
40
40
40
40
40
41
40
40
40
39
35
33
40
40
40
40
41
40
40
40
40
40
40
37
41
40
40
40
41
40
39
40
40
41
41
40
41
40
40
40
40
40
40
39
40
41
41
41
40
40
40
40
40
40
40
39
40
41
40
40
127
127
127
127
127
127
127
127
127
127
127
127
127
127
127
127
127
127
127
127
127
127
127
127
127
127
127
127
127
127
127
127
127
127
127
127
127
127
127
127
127
127
127
127
127
127
127
127
127
127
127
127
127
127
127
127
127
127
127
127
116
127
127
127
127
127
127
127
127
127
127
127
86
94
106
123
127
127
127
127
127
127
127
127
62
64
66
71
80
96
119
127
127
105
88
77
42
43
43
43
42
43
47
54
50
46
46
46
40
40
39
39
38
37
37
37
33
33
37
40
41
41
40
40
42
41
41
39
38
36
36
37
40
41
41
40
42
42
40
40
41
40
35
33
41
41
41
41
42
41
40
41
41
42
40
37
42
41
40
41
42
41
40
40
41
42
42
40
42
41
40
41
41
41
40
40
41
42
42
42
41
40
41
40
40
41
41
40
41
42
42
40
