82
78
76
75
75
75
77
80
83
88
92
96
87
83
81
79
78
78
80
83
87
92
96
100
95
91
88
85
84
85
86
89
93
98
103
106
103
100
96
94
92
92
94
97
101
106
110
114
117
113
108
104
102
103
103
106
110
115
120
124
120
123
123
122
120
117
116
122
126
127
127
124
100
106
112
116
120
123
127
126
123
118
112
106
65
69
75
85
95
112
123
104
93
84
77
74
44
44
44
45
42
79
92
43
47
47
48
48
41
41
40
40
36
110
121
37
40
41
41
42
43
43
43
43
44
127
127
66
39
43
42
43
43
43
43
41
54
127
127
115
43
42
43
43
44
44
43
39
66
127
127
127
75
38
43
43
43
44
42
38
78
127
127
127
127
47
41
43
43
43
42
37
92
127
127
127
127
89
43
43
44
43
43
37
100
127
127
127
127
127
47
41
94
90
88
87
86
87
89
92
96
101
106
110
99
96
93
91
90
91
93
96
99
105
110
113
107
104
101
98
96
97
99
102
106
111
116
120
116
113
110
107
105
105
106
110
114
119
123
127
127
126
121
117
114
115
116
119
123
127
127
127
124
127
127
127
127
127
127
127
127
127
127
127
99
108
116
123
127
127
127
127
127
123
115
106
65
68
73
84
97
117
127
108
93
83
77
74
42
42
42
43
43
47
51
47
45
45
47
47
39
38
37
37
37
32
33
37
37
38
39
40
40
40
40
40
40
33
32
38
40
40
39
40
40
40
40
40
40
33
32
35
40
40
40
40
40
41
40
41
40
33
32
33
39
41
40
40
40
41
40
40
38
32
32
32
35
40
40
40
40
40
40
40
37
32
32
32
33
37
40
40
41
40
40
40
35
32
32
32
32
34
40
40
127
127
127
127
127
127
127
127
127
127
127
127
127
127
127
127
127
127
127
127
127
127
127
127
127
127
127
127
127
127
127
127
127
127
127
127
127
127
127
127
127
127
127
127
127
127
127
127
127
127
127
127
127
127
127
127
127
127
127
127
127
127
127
127
127
127
127
127
127
127
127
127
99
111
127
127
127
127
127
127
127
127
120
105
65
68
71
84
103
127
127
119
96
82
75
73
43
43
43
43
43
49
54
47
45
46
47
47
40
39
38
38
37
31
32
37
37
39
40
40
41
40
40
41
41
33
31
39
41
40
40
40
41
40
41
41
41
33
31
36
42
41
41
41
41
42
41
42
40
33
32
33
40
42
41
41
40
42
40
41
39
33
32
32
35
41
41
40
41
41
40
41
37
33
32
32
33
38
41
40
42
40
40
41
36
32
32
32
32
35
41
41
