82
78
76
75
75
75
77
80
84
89
92
96
87
83
81
79
78
78
80
83
87
92
96
100
95
91
88
85
84
85
86
89
93
98
103
106
103
100
96
94
92
92
94
97
101
106
110
114
117
113
108
104
102
103
103
106
110
115
120
124
120
123
123
122
120
117
116
122
126
127
127
124
100
106
112
116
120
123
127
126
123
118
112
106
65
69
75
85
94
113
123
103
93
84
77
74
43
44
44
45
41
79
91
45
47
47
48
48
41
41
40
37
42
125
102
34
40
41
41
43
43
43
43
39
80
127
120
38
43
43
42
43
42
44
42
49
127
127
127
42
43
44
43
43
42
44
38
89
127
127
127
51
41
44
45
44
43
41
51
127
127
127
127
67
37
43
44
44
43
41
92
127
127
127
127
86
37
43
44
43
41
45
127
127
127
127
127
101
38
46
46
42
94
90
88
87
86
87
89
92
96
101
106
109
99
96
93
91
90
91
93
96
99
105
110
113
107
104
101
98
96
97
99
102
106
111
116
120
116
113
110
107
105
105
106
110
114
119
123
127
127
126
121
117
114
115
116
119
123
127
127
127
124
127
127
127
127
127
127
127
127
127
127
127
99
107
116
123
127
127
127
127
127
123
115
106
64
68
74
84
97
117
126
107
93
83
77
74
42
42
42
43
43
48
51
47
45
45
47
47
38
39
37
37
36
31
33
37
37
38
39
40
40
40
40
40
38
31
33
40
40
40
39
39
40
40
41
41
34
31
34
40
41
41
40
40
40
40
40
37
32
32
33
38
40
40
40
41
40
40
40
34
32
32
33
37
40
40
40
41
40
40
37
32
32
32
33
37
40
40
41
40
40
40
33
32
32
32
32
36
41
43
42
40
127
127
127
127
127
127
127
127
127
127
127
127
127
127
127
127
127
127
127
127
127
127
127
127
127
127
127
127
127
127
127
127
127
127
127
127
127
127
127
127
127
127
127
127
127
127
127
127
127
127
127
127
127
127
127
127
127
127
127
127
127
127
127
127
127
127
127
127
127
127
127
127
98
111
127
127
127
127
127
127
127
127
120
105
64
67
71
84
103
127
127
118
96
82
75
73
43
43
43
43
43
49
54
47
45
46
47
47
39
40
38
37
37
31
33
37
37
39
40
40
40
41
41
41
38
32
33
41
41
41
40
40
40
41
42
41
34
31
34
40
42
42
41
40
40
42
42
38
32
32
33
39
41
41
41
42
41
41
40
34
32
32
33
38
40
40
41
42
41
41
37
32
32
32
33
37
41
41
42
41
40
40
34
32
32
32
32
37
42
43
43
40
