82
78
76
75
75
75
77
80
83
88
92
96
87
83
81
79
78
78
80
83
87
92
96
100
95
91
88
85
84
85
86
89
93
98
103
106
104
100
96
94
92
92
94
97
101
106
110
114
118
113
108
104
102
103
103
106
110
115
120
124
120
123
123
122
120
117
116
121
125
127
127
124
99
106
112
116
120
123
127
126
123
119
113
106
64
68
75
84
95
111
123
104
93
85
78
74
43
43
44
45
42
72
96
45
47
47
48
48
42
41
40
39
37
113
116
35
40
41
42
43
43
43
43
38
66
127
127
43
42
43
43
43
43
42
42
41
113
127
127
54
40
43
43
43
43
44
39
68
127
127
127
69
38
44
43
43
44
43
43
121
127
127
127
88
36
43
44
44
44
41
75
127
127
127
127
108
37
42
46
46
45
40
115
127
127
127
127
123
40
41
47
46
94
90
88
87
86
87
89
92
96
101
106
110
99
96
92
91
90
91
92
96
99
105
110
113
107
104
100
98
96
97
99
102
106
111
116
120
116
113
110
107
105
105
106
110
114
119
123
127
127
126
121
117
114
115
116
119
123
127
127
127
123
127
127
127
127
127
127
127
127
127
127
127
99
106
116
123
127
127
127
127
127
123
116
106
64
68
74
84
97
116
127
109
94
83
77
74
42
42
42
43
43
48
51
47
45
45
46
47
38
38
37
37
37
33
33
37
37
38
39
40
40
40
40
40
39
33
33
40
40
40
40
40
40
40
40
40
35
32
33
39
40
40
40
40
40
41
41
38
33
32
33
38
40
41
41
40
41
41
41
36
32
32
32
37
40
40
41
41
41
41
39
33
32
32
32
36
39
40
41
41
40
41
37
32
32
32
32
35
40
40
42
41
127
127
127
127
127
127
127
127
127
127
127
127
127
127
127
127
127
127
127
127
127
127
127
127
127
127
127
127
127
127
127
127
127
127
127
127
127
127
127
127
127
127
127
127
127
127
127
127
127
127
127
127
127
127
127
127
127
127
127
127
127
127
127
127
127
127
127
127
127
127
127
127
97
110
126
127
127
127
127
127
127
127
120
106
64
67
71
83
102
127
127
120
96
82
75
74
43
43
42
43
43
49
53
47
45
45
47
48
40
40
38
37
37
32
32
37
37
39
40
40
41
41
40
41
39
32
32
40
41
40
40
40
40
40
41
41
35
31
33
40
42
41
41
40
41
42
42
40
33
32
32
39
41
42
41
41
42
42
43
36
32
32
32
37
40
41
42
42
42
42
40
33
32
32
32
36
40
41
43
42
42
42
37
31
32
32
32
35
40
40
43
43
