82
78
76
75
75
75
77
80
83
88
92
96
87
83
81
79
78
78
80
83
87
92
96
100
95
91
88
85
84
85
86
89
93
98
103
106
104
100
96
94
92
92
94
97
101
106
110
114
118
113
108
104
102
103
103
106
110
115
120
124
120
123
123
122
120
117
116
121
125
127
127
125
99
106
112
116
120
123
126
125
123
119
113
106
64
68
75
84
95
111
123
104
94
85
78
74
43
44
44
45
42
71
98
46
47
47
48
48
41
42
40
40
37
110
120
37
40
41
41
43
43
43
43
39
62
127
127
46
41
43
42
43
43
43
43
40
107
127
127
60
40
43
43
43
44
46
40
61
127
127
127
78
37
46
44
45
43
44
40
110
127
127
127
99
37
44
44
45
43
40
65
127
127
127
127
121
41
42
43
44
43
38
99
127
127
127
127
127
47
40
42
43
94
90
88
87
86
87
89
92
96
101
106
110
99
96
92
91
90
91
92
96
99
105
110
113
107
104
100
98
96
97
99
102
106
111
116
120
116
113
110
107
105
105
106
110
114
119
123
127
127
126
121
117
114
115
116
119
123
127
127
127
123
127
127
127
127
127
127
127
127
127
127
127
99
107
116
123
127
127
127
127
127
123
116
106
64
68
74
84
96
116
127
109
94
83
77
74
42
42
42
43
43
48
51
47
45
45
46
47
38
39
37
37
37
33
33
37
37
38
39
39
40
40
40
40
39
33
32
40
40
40
40
39
40
40
41
41
36
32
33
39
41
40
40
40
40
41
41
40
33
32
32
37
40
41
41
40
40
40
41
36
32
32
32
36
39
40
40
41
40
40
39
33
32
32
32
36
40
40
39
41
40
40
37
32
32
32
32
35
40
40
39
40
127
127
127
127
127
127
127
127
127
127
127
127
127
127
127
127
127
127
127
127
127
127
127
127
127
127
127
127
127
127
127
127
127
127
127
127
127
127
127
127
127
127
127
127
127
127
127
127
127
127
127
127
127
127
127
127
127
127
127
127
127
127
127
127
127
127
127
127
127
127
127
127
97
110
126
127
127
127
127
127
127
127
120
106
64
67
71
83
103
127
127
120
96
82
75
74
43
43
42
43
43
49
53
47
45
46
47
48
39
40
38
37
37
32
32
37
37
39
40
40
40
41
41
41
40
33
32
40
41
40
40
40
40
41
42
42
37
32
33
40
42
41
41
40
41
43
43
40
33
32
33
37
40
43
43
42
41
42
42
37
32
32
32
37
40
42
42
42
41
41
40
33
32
32
32
36
40
41
40
42
41
41
37
32
32
32
32
35
41
41
40
41
