82
78
76
75
75
75
77
80
83
88
92
96
87
83
81
79
78
78
80
83
87
92
96
100
95
91
88
85
84
85
86
89
93
98
103
106
104
100
96
94
92
92
94
97
101
106
110
114
118
113
108
104
102
103
103
106
110
115
120
124
120
122
123
122
120
117
116
121
125
127
127
125
99
106
112
116
120
123
126
126
123
119
113
106
64
68
75
84
95
111
123
105
93
85
78
74
43
44
44
45
42
68
99
45
47
47
48
48
42
41
40
40
34
103
125
38
40
41
41
42
43
43
43
40
55
127
127
51
41
43
42
43
43
43
43
39
94
127
127
70
39
44
43
43
43
45
41
50
127
127
127
94
38
44
44
43
43
43
38
89
127
127
127
118
41
43
43
43
43
42
50
127
127
127
127
127
50
41
43
43
44
40
71
127
127
127
127
127
61
40
44
43
94
90
88
87
86
87
89
92
96
101
106
110
99
96
92
91
90
91
92
96
99
105
110
113
107
104
100
98
96
97
99
102
106
111
116
120
116
113
110
107
105
105
106
110
114
119
123
127
127
126
121
117
114
115
116
119
123
127
127
127
123
127
127
127
127
127
127
127
127
127
127
127
99
106
115
123
127
127
127
127
127
123
116
106
64
68
73
83
96
116
127
110
94
83
77
74
42
42
42
43
43
48
51
47
45
45
46
47
39
38
37
37
37
33
33
37
37
38
39
40
40
40
40
40
40
33
32
39
40
40
40
40
40
40
40
40
37
32
33
38
40
40
40
40
40
41
41
40
33
32
32
37
40
40
41
40
40
40
41
37
32
32
32
34
40
41
40
40
40
40
40
34
32
32
32
33
40
41
40
40
41
41
38
32
32
32
32
33
39
40
40
40
127
127
127
127
127
127
127
127
127
127
127
127
127
127
127
127
127
127
127
127
127
127
127
127
127
127
127
127
127
127
127
127
127
127
127
127
127
127
127
127
127
127
127
127
127
127
127
127
127
127
127
127
127
127
127
127
127
127
127
127
127
127
127
127
127
127
127
127
127
127
127
127
96
110
126
127
127
127
127
127
127
127
121
106
64
67
71
83
102
127
127
120
97
82
75
73
43
43
42
43
43
49
54
48
45
46
47
47
40
39
39
37
37
32
31
37
38
39
40
40
41
40
40
41
40
33
31
40
41
40
40
40
41
40
40
41
37
32
33
39
41
41
41
41
41
42
42
40
34
32
32
37
41
41
42
41
41
41
42
37
32
32
32
35
40
42
41
41
41
41
40
34
32
32
32
33
40
42
41
41
42
42
39
32
32
32
32
33
40
41
42
41
