82
78
76
75
75
75
77
80
83
88
92
96
87
83
81
79
78
78
80
83
87
92
96
100
95
91
88
85
84
85
86
89
93
98
103
106
104
100
96
94
92
92
94
97
101
106
110
114
118
113
108
104
102
103
103
106
110
115
120
124
120
122
123
122
120
117
116
121
125
127
127
125
99
106
112
116
120
123
126
126
123
119
113
106
64
68
75
84
95
111
123
105
93
85
78
75
43
43
44
45
43
68
101
45
47
47
48
48
42
41
40
40
34
102
127
39
40
41
42
42
43
43
43
40
53
127
127
54
41
43
43
43
42
42
43
39
89
127
127
75
39
43
43
44
43
43
41
47
127
127
127
100
38
43
43
43
44
44
39
82
127
127
127
127
43
42
44
43
44
43
47
127
127
127
127
127
56
40
44
43
45
42
62
127
127
127
127
127
68
38
43
43
94
90
88
87
86
87
89
92
96
101
106
110
99
96
92
91
90
91
92
96
99
105
110
113
107
104
100
98
96
97
99
102
106
111
116
120
116
113
110
107
105
105
106
110
114
119
123
127
127
126
121
117
114
115
116
119
123
127
127
127
123
127
127
127
127
127
127
127
127
127
127
127
99
106
115
123
127
127
127
127
127
123
116
106
64
68
73
83
96
116
127
110
94
83
77
74
42
42
42
43
43
47
51
47
45
45
46
47
39
39
37
37
37
33
32
37
37
38
39
39
40
40
40
40
40
33
31
39
40
40
40
39
39
40
40
40
37
32
33
38
40
40
40
40
41
41
40
40
34
32
32
36
40
40
40
41
41
42
41
38
32
32
32
35
40
40
41
41
41
42
40
35
32
32
32
33
39
40
41
41
42
41
40
33
32
32
32
33
37
40
40
40
127
127
127
127
127
127
127
127
127
127
127
127
127
127
127
127
127
127
127
127
127
127
127
127
127
127
127
127
127
127
127
127
127
127
127
127
127
127
127
127
127
127
127
127
127
127
127
127
127
127
127
127
127
127
127
127
127
127
127
127
127
127
127
127
127
127
127
127
127
127
127
127
96
110
126
127
127
127
127
127
127
127
121
106
64
67
71
83
102
127
127
120
97
82
75
73
43
43
42
43
43
49
54
48
45
46
46
47
40
40
38
37
37
32
31
37
38
39
40
40
40
41
40
41
40
33
31
40
41
40
40
40
40
41
41
41
37
32
33
39
42
41
41
41
42
41
41
40
35
32
32
36
41
41
41
42
42
42
42
38
33
32
31
35
41
41
43
42
42
42
41
35
32
32
31
33
40
41
42
42
43
42
40
33
32
32
32
33
38
40
40
41
