82
78
76
75
75
75
77
80
84
89
92
97
87
83
81
79
78
78
81
83
87
92
96
101
95
91
88
85
84
85
87
89
93
98
103
107
104
100
96
94
92
92
94
97
101
106
110
114
118
113
108
104
102
103
103
106
110
115
120
124
120
123
123
122
120
117
117
122
126
127
127
125
99
106
112
116
120
123
126
126
123
119
113
106
64
69
75
85
96
111
123
104
93
85
78
74
43
43
44
45
43
68
100
45
47
47
48
48
42
41
40
40
34
96
127
41
39
41
42
42
43
43
43
41
46
127
127
64
39
43
43
43
42
42
43
39
69
127
127
96
38
44
43
44
43
43
43
38
106
127
127
127
43
43
43
43
44
44
41
51
127
127
127
127
64
40
45
44
44
44
41
82
127
127
127
127
97
38
44
43
45
44
42
113
127
127
127
127
126
38
43
43
94
90
88
87
86
87
88
92
96
101
106
109
99
96
93
91
90
91
92
96
100
105
110
113
107
103
100
98
96
97
99
102
106
111
116
120
116
113
109
107
105
106
106
110
114
119
123
127
127
126
121
117
114
115
116
119
123
127
127
127
123
127
127
127
127
127
127
127
127
127
127
127
99
106
116
123
127
127
127
127
127
123
115
106
64
68
74
84
98
116
127
108
93
83
77
74
42
42
42
43
43
47
51
47
45
45
46
47
38
39
37
37
37
33
32
37
37
38
39
39
40
40
40
40
40
33
31
38
40
40
40
39
40
40
40
40
39
33
32
37
40
40
40
40
40
40
40
41
37
32
32
34
40
40
40
40
41
41
41
40
33
32
32
33
40
40
41
41
41
41
41
38
32
32
32
32
37
40
41
40
41
42
41
37
32
32
32
32
34
39
40
40
127
127
127
127
127
127
127
127
127
127
127
127
127
127
127
127
127
127
127
127
127
127
127
127
127
127
127
127
127
127
127
127
127
127
127
127
127
127
127
127
127
127
127
127
127
127
127
127
127
127
127
127
127
127
127
127
127
127
127
127
127
127
127
127
127
127
127
127
127
127
127
127
97
110
126
127
127
127
127
127
127
127
120
106
64
67
71
84
103
127
127
119
96
82
75
74
43
43
42
43
43
49
54
48
45
45
46
48
40
40
38
37
37
33
31
37
38
39
40
40
41
41
40
40
41
33
31
39
41
40
40
40
40
40
41
41
40
33
32
37
41
41
41
41
41
41
41
42
37
32
32
34
40
41
41
41
42
42
42
40
33
32
32
33
40
40
42
42
42
42
42
38
32
32
32
32
38
40
42
41
43
42
43
37
32
32
32
32
35
39
41
40
