82
79
77
76
75
76
78
81
84
89
93
97
87
85
82
80
78
79
82
84
88
92
97
101
95
92
89
86
85
85
88
90
94
99
103
107
105
101
98
95
93
93
95
98
102
106
111
115
118
113
109
105
103
103
104
106
110
115
120
124
120
123
123
122
120
117
117
122
126
127
127
125
99
106
112
116
121
124
126
126
122
119
113
106
64
68
75
85
96
111
123
104
92
85
78
74
43
44
44
45
44
66
102
45
47
47
48
48
41
42
40
40
34
87
127
46
38
41
41
42
43
43
43
43
41
124
127
74
38
43
42
42
43
43
43
41
57
127
127
112
40
43
43
43
42
43
45
39
85
127
127
127
54
40
45
45
43
43
43
42
119
127
127
127
88
37
43
43
43
43
40
57
127
127
127
127
127
44
41
43
43
43
39
75
127
127
127
127
127
55
41
45
95
91
89
88
87
88
90
92
96
102
106
110
100
96
94
92
91
92
94
96
100
106
110
114
108
104
101
99
97
98
100
103
106
112
116
120
117
113
110
108
106
106
107
111
115
120
124
127
127
127
122
118
115
116
117
120
123
127
127
127
123
127
127
127
127
127
127
127
127
127
127
127
99
106
116
123
127
127
127
127
127
123
115
106
64
68
74
84
98
116
127
109
93
83
77
74
42
42
42
43
43
47
51
47
45
45
46
47
38
39
37
37
37
34
32
37
38
38
39
39
40
40
40
40
40
35
31
38
40
40
40
39
40
40
40
41
40
33
32
35
40
40
41
40
39
40
40
40
37
32
32
33
38
40
41
40
40
40
40
40
35
32
32
32
37
40
40
40
40
40
40
39
33
32
32
32
34
40
40
41
40
40
41
37
32
32
32
32
33
39
40
42
127
127
127
127
127
127
127
127
127
127
127
127
127
127
127
127
127
127
127
127
127
127
127
127
127
127
127
127
127
127
127
127
127
127
127
127
127
127
127
127
127
127
127
127
127
127
127
127
127
127
127
127
127
127
127
127
127
127
127
127
127
127
127
127
127
127
127
127
127
127
127
127
96
110
126
127
127
127
127
127
127
127
120
106
64
67
71
84
103
127
127
120
96
82
75
74
43
43
42
43
43
48
54
48
45
45
47
47
39
40
38
37
37
33
30
36
38
39
40
40
40
41
40
41
41
35
30
38
41
41
40
40
40
40
41
42
40
33
31
36
41
42
42
41
40
40
42
43
38
32
32
33
39
41
42
42
40
40
41
41
36
32
32
33
37
40
40
41
41
40
40
40
33
32
32
32
35
40
40
41
41
41
41
38
33
32
32
32
33
40
41
43
