82
79
77
75
75
76
78
81
85
89
93
97
88
85
82
80
79
80
82
84
88
93
97
101
96
92
89
87
85
86
88
90
94
99
103
107
104
101
97
96
93
94
96
98
102
106
111
115
118
113
109
106
103
103
105
107
110
116
120
125
120
123
123
122
120
118
118
122
126
127
127
125
99
106
112
116
121
124
127
126
122
118
113
106
64
68
75
85
96
110
123
104
92
85
78
74
43
44
44
45
44
64
103
46
47
47
48
48
41
42
40
40
34
79
127
49
37
41
41
42
43
43
43
43
38
113
127
84
38
43
42
42
43
43
43
43
47
127
127
127
44
42
43
43
42
43
46
40
67
127
127
127
69
38
46
44
42
43
44
39
94
127
127
127
115
39
43
43
43
43
42
43
123
127
127
127
127
61
40
42
44
43
40
51
127
127
127
127
127
90
37
42
95
92
90
89
88
89
90
93
97
102
106
110
100
97
94
92
92
92
93
97
101
106
110
114
108
105
101
99
98
98
99
103
107
112
116
120
117
114
111
108
106
106
108
111
115
120
124
127
127
127
122
119
116
116
117
120
123
127
127
127
123
127
127
127
127
127
127
127
127
127
127
127
99
106
116
124
127
127
127
127
127
123
115
106
64
68
74
84
98
115
127
110
93
83
77
74
42
42
42
43
43
47
51
47
45
45
46
47
38
39
37
37
37
34
31
36
38
38
39
40
40
40
40
40
40
35
30
37
40
40
40
40
40
40
40
41
40
34
31
34
40
41
41
40
40
40
41
41
39
33
32
32
38
40
41
41
40
40
40
40
37
32
32
32
35
40
40
40
40
40
40
40
36
32
32
32
33
39
40
40
40
41
41
40
34
32
32
32
32
37
40
40
127
127
127
127
127
127
127
127
127
127
127
127
127
127
127
127
127
127
127
127
127
127
127
127
127
127
127
127
127
127
127
127
127
127
127
127
127
127
127
127
127
127
127
127
127
127
127
127
127
127
127
127
127
127
127
127
127
127
127
127
127
127
127
127
127
127
127
127
127
127
127
127
96
110
126
127
127
127
127
127
127
127
120
106
64
67
71
84
104
127
127
120
96
82
75
74
43
43
42
43
43
48
54
48
45
45
47
47
39
40
38
37
37
33
30
36
38
39
40
40
40
41
40
41
41
36
30
37
41
41
40
40
40
40
41
42
41
34
31
34
41
42
42
41
40
40
43
42
40
33
32
32
39
40
43
42
40
41
41
41
38
32
32
32
36
40
42
41
40
41
40
41
36
32
32
32
33
40
40
40
41
41
41
41
34
32
32
32
32
38
40
40
