82
79
77
76
75
76
78
80
84
89
93
97
87
85
82
79
78
79
81
84
88
92
97
101
95
92
89
85
85
85
87
90
94
99
103
107
104
101
97
94
93
93
95
98
102
106
111
115
118
112
108
104
102
103
104
106
110
115
120
124
120
121
123
122
120
117
117
122
126
127
127
125
99
106
112
116
121
123
126
126
122
119
113
106
64
68
75
85
96
110
123
105
92
85
78
74
43
43
44
45
44
64
103
45
47
47
48
48
42
41
40
40
35
80
127
49
37
41
42
42
43
43
43
43
38
113
127
84
38
43
43
42
43
42
43
41
46
127
127
127
44
43
43
43
43
44
44
38
65
127
127
127
70
39
44
43
43
45
44
39
92
127
127
127
117
39
43
44
44
45
43
44
122
127
127
127
127
61
40
43
44
44
41
52
127
127
127
127
127
92
37
43
94
92
89
88
87
88
90
92
96
102
106
110
100
97
93
92
91
92
93
96
100
106
110
114
108
105
101
99
97
98
99
103
106
112
116
120
116
113
110
107
106
106
107
110
115
120
124
127
127
126
121
118
115
116
117
120
123
127
127
127
123
127
127
127
127
127
127
127
127
127
127
127
99
106
116
123
127
127
127
127
127
123
115
106
64
68
73
84
98
114
127
110
93
83
77
74
42
42
42
43
43
47
51
47
45
45
46
47
38
39
37
37
37
34
31
36
37
38
39
39
40
40
40
40
40
35
30
37
40
40
40
39
40
39
40
40
40
34
31
34
40
40
40
40
40
40
41
41
39
33
32
32
38
40
41
40
40
41
41
41
37
32
32
32
36
40
40
41
40
41
41
41
35
32
32
32
33
38
40
40
41
40
41
40
34
32
32
32
32
37
40
40
127
127
127
127
127
127
127
127
127
127
127
127
127
127
127
127
127
127
127
127
127
127
127
127
127
127
127
127
127
127
127
127
127
127
127
127
127
127
127
127
127
127
127
127
127
127
127
127
127
127
127
127
127
127
127
127
127
127
127
127
127
127
127
127
127
127
127
127
127
127
127
127
96
110
126
127
127
127
127
127
127
127
120
106
64
67
71
84
104
127
127
120
96
82
75
74
43
43
42
43
43
47
54
48
45
45
46
47
40
40
38
37
37
33
30
36
38
39
40
40
41
40
40
40
41
36
30
37
41
41
40
40
40
40
41
41
40
34
31
34
41
42
41
41
40
42
42
41
39
33
32
32
40
41
42
41
41
43
42
42
37
32
32
32
36
40
42
42
42
43
42
42
36
32
32
32
33
38
40
41
42
42
42
42
34
31
32
32
32
37
40
40
