82
78
76
75
75
75
78
80
84
89
93
97
87
83
81
79
78
78
81
83
87
92
97
101
95
91
88
85
85
85
86
89
93
99
103
107
104
100
96
94
92
92
94
97
101
106
111
115
118
113
108
104
102
103
104
106
110
115
120
124
120
123
123
122
120
117
117
122
126
127
127
125
99
106
112
116
120
123
126
126
122
119
113
106
64
69
75
85
96
110
123
104
92
85
78
74
44
44
44
45
44
65
102
45
47
47
48
48
41
42
40
40
34
82
127
48
37
41
42
43
43
43
43
43
38
115
127
82
38
43
43
43
43
43
43
42
47
127
127
126
44
42
43
43
42
44
45
39
68
127
127
127
69
38
45
45
43
46
45
39
94
127
127
127
115
38
44
46
43
44
43
44
123
127
127
127
127
61
40
45
43
42
41
50
127
127
127
127
127
90
37
43
94
90
88
87
86
87
89
92
96
101
105
110
99
96
93
91
90
91
92
96
100
105
110
114
107
103
100
98
96
97
99
103
106
111
116
120
116
113
109
107
105
106
106
110
114
120
124
127
127
126
121
117
114
115
116
120
123
127
127
127
123
127
127
127
127
127
127
127
127
127
127
127
99
106
116
123
127
127
127
127
127
123
115
106
64
68
73
84
99
114
127
109
93
83
77
74
42
42
42
43
43
47
51
47
45
45
46
47
38
38
37
37
37
33
31
36
38
38
39
40
40
40
40
40
40
35
30
37
40
40
40
39
40
40
40
40
40
34
31
35
40
40
40
40
40
40
41
41
39
33
32
33
39
40
41
41
40
41
40
41
37
32
32
32
35
40
40
41
40
40
40
40
36
32
32
32
33
38
40
40
40
40
40
40
34
32
32
32
32
37
40
40
127
127
127
127
127
127
127
127
127
127
127
127
127
127
127
127
127
127
127
127
127
127
127
127
127
127
127
127
127
127
127
127
127
127
127
127
127
127
127
127
127
127
127
127
127
127
127
127
127
127
127
127
127
127
127
127
127
127
127
127
127
127
127
127
127
127
127
127
127
127
127
127
97
110
127
127
127
127
127
127
127
127
120
106
64
67
71
84
105
127
127
120
95
82
75
74
43
43
43
43
44
48
54
48
45
45
46
48
39
40
38
37
37
33
30
36
38
39
40
40
40
41
40
40
41
36
30
37
41
40
40
40
41
40
41
41
40
34
31
35
41
41
41
40
40
42
42
42
40
33
32
33
39
41
42
42
41
43
43
42
38
32
32
32
36
40
42
43
41
42
43
41
36
32
32
32
33
39
40
42
41
40
42
40
34
32
32
32
32
38
40
40
