82
78
76
75
75
75
78
80
84
89
93
97
87
83
81
79
78
78
81
83
87
92
97
101
95
91
88
85
85
85
86
89
93
99
103
107
103
100
96
94
92
92
94
97
101
106
111
115
117
113
108
104
102
103
104
106
110
115
120
124
119
123
123
122
120
117
117
122
126
127
127
124
99
106
112
116
120
123
126
126
122
118
113
106
64
69
75
85
96
110
122
104
92
84
77
74
43
44
44
45
44
67
100
44
47
47
48
48
41
41
41
40
34
85
127
47
37
41
41
42
43
43
43
43
39
118
127
80
38
43
43
43
43
42
42
42
49
127
127
123
43
43
44
43
43
44
44
38
69
127
127
127
67
40
44
43
43
44
44
38
96
127
127
127
112
38
43
45
43
43
42
44
125
127
127
127
127
57
41
45
43
42
40
52
127
127
127
127
127
85
39
43
94
90
88
87
86
87
89
92
96
101
106
110
99
96
93
91
90
91
92
96
100
105
110
114
107
103
100
98
96
97
99
103
106
111
116
120
116
113
109
107
105
106
107
110
114
120
124
127
127
126
121
117
114
115
116
120
123
127
127
127
123
127
127
127
127
127
127
127
127
127
127
127
99
106
116
124
127
127
127
127
127
123
115
106
64
68
74
85
99
114
126
109
93
83
77
74
42
42
42
43
43
47
51
47
45
45
47
47
39
38
37
37
37
33
31
36
38
38
39
40
40
40
40
40
40
35
30
37
40
40
39
40
40
40
40
40
40
34
31
35
40
40
40
40
40
41
40
40
38
33
32
33
39
41
41
40
40
41
40
40
37
32
32
32
35
40
41
41
40
40
40
40
35
32
32
32
33
37
41
41
40
40
41
40
33
32
32
32
32
36
40
40
127
127
127
127
127
127
127
127
127
127
127
127
127
127
127
127
127
127
127
127
127
127
127
127
127
127
127
127
127
127
127
127
127
127
127
127
127
127
127
127
127
127
127
127
127
127
127
127
127
127
127
127
127
127
127
127
127
127
127
127
127
127
127
127
127
127
127
127
127
127
127
127
97
110
127
127
127
127
127
127
127
127
120
106
64
67
71
85
105
127
127
119
94
81
75
73
43
43
42
43
44
48
54
48
45
45
46
47
40
39
39
37
37
33
30
36
38
40
39
40
41
40
41
40
41
35
30
37
41
41
40
40
41
40
40
41
41
34
31
35
41
41
41
41
41
42
41
41
39
33
32
33
40
42
42
41
41
42
42
41
37
32
32
32
35
40
41
42
41
41
42
41
35
32
32
32
33
38
41
42
40
40
42
40
33
32
32
32
32
37
41
41
