82
78
76
75
75
75
78
80
84
89
93
97
87
83
81
79
78
78
80
84
88
92
97
101
95
91
88
85
85
85
86
90
94
99
103
107
103
100
96
94
92
93
95
97
102
106
111
115
117
113
108
104
102
103
104
106
110
115
121
125
119
123
123
122
120
117
117
122
126
127
127
125
99
106
112
116
121
123
126
126
122
118
112
106
65
69
75
85
97
110
122
104
92
84
77
74
43
44
44
45
44
69
98
44
47
47
48
48
41
42
40
40
34
89
127
45
38
41
41
42
43
43
43
43
40
123
127
76
37
43
43
43
43
42
43
42
51
127
127
120
42
43
44
43
43
43
43
38
74
127
127
127
62
38
43
43
45
43
43
38
101
127
127
127
106
38
44
44
46
44
41
46
127
127
127
127
127
57
42
44
45
43
40
55
127
127
127
127
127
81
38
43
94
91
88
86
86
87
89
92
96
100
106
110
99
96
93
91
90
91
92
96
100
105
110
114
107
103
100
99
96
97
99
103
106
112
116
120
116
113
109
107
105
106
108
110
114
120
124
127
127
126
121
117
114
116
116
120
123
127
127
127
123
127
127
127
127
127
127
127
127
127
127
127
99
107
116
124
127
127
127
127
127
123
115
106
64
68
74
85
99
113
126
110
92
82
77
74
42
42
42
43
43
46
50
48
44
45
47
47
38
39
37
37
37
33
32
37
37
38
39
39
40
40
40
40
40
35
31
37
40
40
39
39
40
40
40
41
40
33
32
35
40
41
40
40
40
40
40
40
38
33
32
33
38
40
40
40
41
40
40
40
36
32
32
32
36
41
41
41
42
40
40
40
34
32
32
32
33
40
41
41
42
41
41
40
33
32
32
32
32
38
40
40
127
127
127
127
127
127
127
127
127
127
127
127
127
127
127
127
127
127
127
127
127
127
127
127
127
127
127
127
127
127
127
127
127
127
127
127
127
127
127
127
127
127
127
127
127
127
127
127
127
127
127
127
127
127
127
127
127
127
127
127
127
127
127
127
127
127
127
127
127
127
127
127
98
110
127
127
127
127
127
127
127
127
120
105
64
67
71
85
106
127
127
119
93
81
75
73
43
43
43
43
44
47
53
49
44
45
47
47
39
40
38
37
37
33
31
37
38
39
39
40
40
41
40
41
41
35
31
38
41
41
40
40
40
40
41
42
41
33
31
35
41
42
41
41
41
40
41
41
39
33
32
33
39
40
41
41
42
41
41
41
37
32
32
32
37
41
42
42
43
41
41
41
34
32
32
32
33
40
42
42
43
42
42
40
33
32
32
32
32
39
41
41
