82
78
76
75
75
75
78
80
84
89
93
97
87
83
81
79
78
78
80
84
88
92
97
101
95
91
88
85
85
85
86
90
94
99
103
107
103
100
96
94
92
93
95
97
102
106
111
115
117
112
108
104
102
103
104
106
110
115
121
125
120
122
123
122
120
117
117
121
126
127
127
125
100
106
112
116
121
123
125
126
121
118
112
106
65
69
75
85
97
108
119
106
91
84
77
74
44
44
44
45
43
71
94
46
48
47
49
48
41
42
40
40
33
95
127
43
39
41
42
42
43
43
43
43
41
127
127
72
38
43
42
42
43
43
43
41
55
127
127
114
40
43
43
43
42
45
46
39
79
127
127
127
58
40
46
45
42
44
44
40
108
127
127
127
99
37
44
43
42
43
41
49
127
127
127
127
127
51
40
42
43
43
40
59
127
127
127
127
127
73
38
42
94
90
88
86
86
88
89
92
96
102
106
110
99
96
93
91
90
91
92
96
100
106
110
114
107
103
100
99
96
97
99
103
106
112
116
120
116
113
109
107
105
106
108
110
114
120
124
127
127
126
121
117
114
116
117
120
123
127
127
127
123
127
127
127
127
127
127
127
127
127
127
127
99
108
116
124
127
127
127
127
127
123
114
106
65
68
75
85
100
112
123
112
91
82
76
73
42
42
42
43
43
45
49
49
44
45
47
47
38
39
37
37
37
33
31
37
37
38
39
39
40
40
40
40
40
35
31
37
40
40
40
39
40
40
40
41
40
33
32
35
40
40
41
40
39
40
41
41
38
33
32
33
38
40
41
41
39
40
40
40
36
32
32
32
37
40
40
40
39
40
40
40
34
32
32
32
33
39
40
40
40
41
40
40
33
32
32
32
32
38
40
40
127
127
127
127
127
127
127
127
127
127
127
127
127
127
127
127
127
127
127
127
127
127
127
127
127
127
127
127
127
127
127
127
127
127
127
127
127
127
127
127
127
127
127
127
127
127
127
127
127
127
127
127
127
127
127
127
127
127
127
127
127
127
127
127
127
127
127
127
127
127
127
127
99
111
127
127
127
127
127
127
127
127
119
105
65
68
72
86
107
124
127
122
92
80
75
73
43
43
43
43
45
45
50
50
45
45
47
47
39
40
38
37
37
32
30
37
38
39
40
40
40
41
40
41
41
35
30
37
41
40
40
40
41
40
41
42
40
33
31
35
41
41
42
41
40
42
43
43
39
32
32
33
38
41
43
42
40
41
42
43
37
32
32
32
37
40
42
41
40
41
40
41
34
32
32
32
34
40
40
40
40
41
40
40
33
32
32
32
32
39
40
40
