82
78
76
75
75
75
78
80
84
89
93
97
87
83
81
79
78
79
81
84
88
92
97
101
95
91
88
85
85
85
86
90
94
99
103
107
103
100
96
94
92
93
94
98
102
106
111
115
117
112
108
104
102
103
104
106
110
115
121
125
120
122
123
122
120
117
117
121
126
127
127
125
100
106
112
116
121
123
125
127
122
118
112
106
65
69
75
85
97
108
118
108
91
83
77
74
44
43
44
45
43
72
92
47
47
47
48
48
42
41
40
40
34
96
127
42
38
41
42
42
43
43
43
42
41
127
127
70
38
43
43
43
43
42
43
40
55
127
127
113
41
43
43
44
43
43
43
37
80
127
127
127
57
40
44
43
43
44
43
40
109
127
127
127
99
37
45
44
45
44
42
51
127
127
127
127
127
50
42
43
46
44
41
63
127
127
127
127
127
70
39
43
94
90
88
86
86
87
90
92
96
102
106
110
99
96
93
91
90
91
92
96
100
106
110
114
107
103
100
99
96
97
99
103
106
112
116
120
116
113
109
107
105
106
108
110
114
120
124
127
127
126
121
117
114
116
117
120
123
127
127
127
123
127
127
127
127
127
127
127
127
127
127
127
99
108
116
124
127
127
127
127
127
122
113
106
65
68
75
85
100
111
121
113
92
82
76
73
42
42
42
43
44
45
48
50
44
45
47
47
39
39
37
37
37
33
31
37
37
38
40
39
40
40
40
40
40
35
31
37
40
40
40
39
40
40
40
40
40
33
32
36
40
40
40
40
40
40
40
40
37
32
32
33
39
40
40
40
41
41
41
40
36
32
32
32
37
40
41
41
41
42
41
40
34
32
32
32
34
39
40
40
42
42
42
40
33
32
32
32
32
37
40
40
127
127
127
127
127
127
127
127
127
127
127
127
127
127
127
127
127
127
127
127
127
127
127
127
127
127
127
127
127
127
127
127
127
127
127
127
127
127
127
127
127
127
127
127
127
127
127
127
127
127
127
127
127
127
127
127
127
127
127
127
127
127
127
127
127
127
127
127
127
127
127
127
99
112
127
127
127
127
127
127
127
127
119
105
65
68
72
86
106
123
127
124
92
80
75
73
43
43
43
43
45
45
50
51
45
45
47
47
40
40
38
37
37
33
30
37
38
39
40
40
41
41
40
40
41
35
30
37
41
40
40
40
40
40
41
41
40
33
31
35
41
41
41
41
40
41
41
41
38
32
32
33
40
41
41
41
41
42
42
42
36
32
32
32
37
41
42
42
43
42
42
42
34
32
32
32
34
40
41
41
43
43
43
41
33
32
32
32
32
38
40
40
