82
78
76
75
75
75
78
80
84
89
93
97
87
83
81
79
78
79
81
84
88
92
97
101
95
91
88
85
85
85
86
90
94
99
103
107
103
100
96
94
92
93
94
98
102
106
111
115
117
112
108
104
102
103
104
106
110
116
121
125
120
123
123
122
120
118
118
121
126
127
127
124
100
106
112
117
121
122
125
127
122
117
112
105
65
69
75
85
96
107
116
110
92
82
76
73
44
43
44
45
43
72
91
47
47
47
48
48
42
41
40
40
34
98
127
42
39
41
42
42
43
43
43
42
42
127
127
69
39
43
43
42
43
42
43
40
57
127
127
111
40
43
43
43
43
44
44
38
82
127
127
127
56
40
44
43
43
44
43
40
112
127
127
127
96
37
43
44
44
45
42
51
127
127
127
127
127
49
40
45
46
46
41
63
127
127
127
127
127
69
38
45
94
90
88
86
86
87
90
92
96
102
106
110
99
96
93
91
90
91
92
96
100
106
110
114
107
103
100
99
96
97
99
103
106
112
116
120
116
113
109
107
105
106
108
110
115
120
124
127
127
126
121
117
114
116
117
120
123
127
127
127
123
127
127
127
127
127
127
127
127
127
127
127
99
108
116
124
127
127
127
127
127
122
113
106
65
68
75
86
99
110
120
116
92
82
76
73
42
42
42
43
44
45
47
50
45
45
47
47
38
39
37
37
37
33
30
37
37
38
40
40
40
40
40
40
40
34
31
37
40
40
40
40
40
40
40
40
40
33
32
36
41
40
40
40
40
41
41
41
37
32
32
33
40
40
41
41
40
41
41
40
36
32
32
32
37
40
40
42
40
41
41
40
34
32
32
32
33
39
40
41
40
41
40
40
33
32
32
32
32
38
40
40
127
127
127
127
127
127
127
127
127
127
127
127
127
127
127
127
127
127
127
127
127
127
127
127
127
127
127
127
127
127
127
127
127
127
127
127
127
127
127
127
127
127
127
127
127
127
127
127
127
127
127
127
127
127
127
127
127
127
127
127
127
127
127
127
127
127
127
127
127
127
127
127
99
112
127
127
127
127
127
127
127
127
119
105
65
68
72
86
106
121
127
127
93
80
75
73
43
43
43
43
45
45
49
53
45
45
47
47
40
40
38
37
37
33
30
38
38
39
40
40
41
41
40
40
41
35
31
38
42
40
40
40
41
40
41
41
40
33
31
36
42
41
41
41
40
42
42
42
38
32
32
33
40
41
42
42
41
42
42
42
37
31
32
33
37
40
41
42
41
42
42
41
35
31
32
32
33
39
40
42
42
43
42
40
33
32
32
32
32
39
40
42
