82
78
76
75
75
75
78
80
84
89
93
97
87
83
81
79
78
79
81
84
88
92
97
101
95
91
88
85
85
85
86
90
94
99
103
107
103
100
96
94
92
93
94
98
102
106
111
115
117
112
108
104
102
103
104
106
110
116
121
125
120
122
123
122
120
118
118
120
126
127
127
124
100
106
113
117
121
122
124
127
122
117
112
105
65
70
76
85
96
107
116
111
92
82
76
73
43
44
44
45
43
72
90
48
48
47
47
48
41
42
40
40
34
98
127
41
40
41
41
43
43
43
43
43
42
127
127
68
38
43
43
43
43
42
44
41
57
127
127
110
40
43
44
43
43
42
43
37
83
127
127
127
55
40
43
43
45
43
42
39
112
127
127
127
96
38
45
44
46
44
40
50
127
127
127
127
127
50
43
44
45
44
40
63
127
127
127
127
127
68
40
43
94
90
88
86
86
87
90
92
96
102
106
110
99
96
93
91
90
91
92
96
100
106
110
114
107
103
100
99
96
97
99
103
106
112
116
120
116
113
109
107
105
106
108
110
115
120
124
127
127
126
121
117
114
116
117
120
123
127
127
127
123
127
127
127
127
127
127
127
127
127
127
127
99
108
116
124
127
127
127
127
127
122
113
106
65
68
75
86
99
109
119
116
92
82
76
73
42
42
42
43
44
45
47
50
45
45
47
47
38
39
37
37
37
33
31
37
37
38
39
39
40
40
40
40
40
34
31
37
40
40
39
39
40
40
40
41
40
33
32
36
40
41
40
40
40
40
40
40
37
32
32
33
39
40
40
40
41
40
40
40
35
32
32
33
37
40
41
40
42
40
40
40
33
32
32
32
34
40
41
40
41
41
41
39
33
32
32
32
33
39
40
40
127
127
127
127
127
127
127
127
127
127
127
127
127
127
127
127
127
127
127
127
127
127
127
127
127
127
127
127
127
127
127
127
127
127
127
127
127
127
127
127
127
127
127
127
127
127
127
127
127
127
127
127
127
127
127
127
127
127
127
127
127
127
127
127
127
127
127
127
127
127
127
127
99
112
127
127
127
127
127
127
127
127
118
105
65
68
72
86
105
120
127
127
94
80
75
73
43
43
43
43
45
45
48
53
45
45
47
47
39
40
38
37
37
32
30
37
38
39
40
40
40
41
40
41
41
34
31
38
41
41
40
40
40
40
41
42
40
33
31
36
41
42
41
41
41
40
41
42
38
32
32
33
40
40
41
41
42
41
41
41
36
32
32
33
37
42
42
41
43
41
41
40
33
32
32
32
34
41
42
41
43
42
42
40
33
32
32
32
33
39
41
41
