82
78
76
75
75
75
78
80
84
89
93
97
87
83
81
79
78
79
81
84
88
92
97
101
95
91
88
85
85
85
86
90
94
99
103
107
103
100
96
94
92
93
94
98
102
106
111
115
117
112
108
104
102
103
104
106
110
116
121
125
120
123
123
122
119
118
118
120
126
127
127
124
100
107
113
117
120
121
123
127
123
117
112
105
65
70
76
85
95
105
113
115
94
82
76
73
43
44
44
45
43
73
89
49
48
47
48
48
41
42
40
40
34
99
127
42
39
41
41
43
43
43
43
43
43
127
127
68
39
43
43
43
43
42
43
41
58
127
127
110
40
43
44
43
43
44
43
37
84
127
127
127
55
40
44
43
44
45
43
40
113
127
127
127
94
37
44
44
44
45
41
51
127
127
127
127
127
47
42
45
43
44
40
64
127
127
127
127
127
64
40
44
94
91
88
86
86
87
90
92
96
102
106
110
99
96
93
91
90
91
92
96
100
106
110
114
107
103
100
99
96
97
99
103
106
112
116
120
116
113
109
107
105
106
108
110
115
120
124
127
127
126
121
117
114
116
117
120
123
127
127
127
123
127
127
127
127
127
127
127
127
127
127
127
99
108
116
124
127
127
127
127
127
122
113
106
65
68
75
85
97
107
116
121
96
82
76
73
42
42
42
43
44
44
45
52
45
45
47
47
38
39
37
37
37
33
31
37
37
38
39
40
40
40
40
40
40
34
32
37
40
40
39
40
40
40
40
40
40
33
32
36
40
40
40
40
40
40
40
40
37
32
32
33
40
41
41
40
40
40
41
40
35
32
32
33
37
41
40
41
40
40
41
40
33
32
32
32
34
39
40
41
40
40
40
39
33
32
32
32
32
37
40
41
127
127
127
127
127
127
127
127
127
127
127
127
127
127
127
127
127
127
127
127
127
127
127
127
127
127
127
127
127
127
127
127
127
127
127
127
127
127
127
127
127
127
127
127
127
127
127
127
127
127
127
127
127
127
127
127
127
127
127
127
127
127
127
127
127
127
127
127
127
127
127
127
99
112
127
127
127
127
127
127
127
127
118
105
65
68
72
86
103
118
127
127
99
79
75
73
43
43
43
43
44
45
47
54
47
45
47
47
39
40
38
37
37
32
30
37
38
39
40
40
40
40
40
41
41
34
31
37
40
41
40
40
41
40
41
42
40
33
31
36
41
42
41
41
41
42
41
41
37
32
32
33
40
41
42
41
42
43
42
41
36
32
32
33
37
41
41
42
42
43
42
40
34
32
32
32
34
40
41
42
41
42
41
40
33
32
32
32
32
37
41
42
