82
78
76
75
75
75
78
80
84
89
93
97
87
83
81
79
78
79
81
84
88
92
97
101
95
91
88
85
85
85
86
90
94
99
103
107
103
100
96
94
92
93
94
98
102
106
111
115
117
113
108
104
102
103
104
106
110
115
120
125
119
122
123
121
120
119
119
120
123
127
127
125
99
106
111
115
119
120
122
127
127
119
111
104
64
68
74
82
90
100
110
116
115
82
73
70
43
44
44
45
43
66
92
50
54
45
44
46
41
42
40
40
34
96
127
41
39
40
40
42
43
43
43
43
43
127
127
67
37
43
43
43
43
42
43
40
59
127
127
108
40
43
44
43
43
44
43
37
85
127
127
127
54
40
44
43
44
45
43
40
115
127
127
127
92
37
44
44
44
45
41
52
127
127
127
127
127
47
42
45
43
44
40
65
127
127
127
127
127
61
40
44
94
90
88
86
86
87
90
92
96
102
106
110
99
96
93
91
90
91
92
96
100
106
110
114
107
103
100
99
96
97
99
103
106
112
116
120
116
113
109
107
105
106
108
110
115
120
124
127
127
126
121
117
114
116
117
120
123
127
127
127
123
127
127
127
127
127
127
127
127
127
127
127
99
106
114
121
127
127
127
127
127
126
114
105
65
68
74
82
92
103
111
122
120
82
73
70
42
42
42
43
43
44
44
51
51
43
43
44
38
39
37
37
37
33
31
37
37
37
38
39
40
40
40
40
40
33
32
38
40
40
40
40
40
40
40
40
40
33
32
37
40
40
40
40
40
40
40
40
37
32
32
33
40
41
41
40
40
40
41
40
35
32
32
33
37
41
40
41
40
40
41
40
33
32
32
32
34
39
40
41
40
40
40
39
33
32
32
32
32
37
40
41
127
127
127
127
127
127
127
127
127
127
127
127
127
127
127
127
127
127
127
127
127
127
127
127
127
127
127
127
127
127
127
127
127
127
127
127
127
127
127
127
127
127
127
127
127
127
127
127
127
127
127
127
127
127
127
127
127
127
127
127
127
127
127
127
127
127
127
127
127
127
127
127
96
109
124
127
127
127
127
127
127
127
120
104
64
67
71
80
94
111
122
127
127
82
71
69
43
43
42
43
43
45
44
53
54
43
43
45
39
40
38
38
37
33
30
37
38
38
39
40
40
40
40
41
41
34
32
38
40
41
40
40
41
40
41
42
40
33
32
36
41
41
41
41
41
42
41
41
37
32
32
33
40
41
42
41
42
43
42
41
36
32
32
33
38
41
41
42
42
43
42
40
34
32
32
32
34
40
41
43
41
42
41
39
33
32
32
32
32
37
41
42
