82
78
76
75
75
75
78
80
84
89
93
97
87
83
81
79
78
79
81
84
88
92
97
101
95
91
88
85
85
85
86
90
94
99
103
107
104
100
96
94
92
93
94
98
102
106
111
115
118
113
108
105
102
103
104
106
110
115
120
125
118
121
122
121
120
119
119
120
123
127
127
126
97
104
110
114
118
120
121
127
127
122
113
106
64
68
73
81
89
99
109
116
120
88
73
70
43
43
45
44
44
57
97
52
55
46
44
45
42
41
41
41
35
83
127
48
39
40
40
41
43
43
43
43
40
123
127
75
37
43
43
43
43
42
43
40
54
127
127
115
40
43
43
43
43
44
43
37
80
127
127
127
57
40
44
43
43
45
43
41
110
127
127
127
96
37
44
43
45
44
42
52
127
127
127
127
127
49
41
43
45
43
40
64
127
127
127
127
127
68
38
44
94
91
88
86
86
87
90
92
96
102
106
110
99
96
93
91
90
91
92
96
100
106
110
114
107
103
100
99
96
97
99
103
106
112
116
120
116
113
109
107
105
106
108
110
115
120
124
127
127
126
121
118
115
116
117
120
123
127
127
127
121
127
127
127
127
127
127
127
127
127
127
127
97
105
113
120
127
127
127
127
127
127
116
106
64
67
72
80
90
102
110
120
127
89
72
68
42
42
43
43
43
45
43
50
54
43
43
43
38
39
38
37
37
34
30
37
37
37
38
39
40
40
40
40
40
35
32
37
39
40
40
40
40
39
40
40
40
33
32
36
40
40
40
40
40
41
41
40
37
32
32
33
39
40
41
41
40
41
41
40
36
32
32
32
37
40
41
41
40
41
41
40
34
32
32
32
33
39
40
41
41
40
41
40
33
32
32
32
32
38
39
40
127
127
127
127
127
127
127
127
127
127
127
127
127
127
127
127
127
127
127
127
127
127
127
127
127
127
127
127
127
127
127
127
127
127
127
127
127
127
127
127
127
127
127
127
127
127
127
127
127
127
127
127
127
127
127
127
127
127
127
127
127
127
127
127
127
127
127
127
127
127
127
127
96
106
122
127
127
127
127
127
127
127
124
107
64
66
70
78
92
109
120
127
127
89
71
68
43
43
42
43
43
45
43
51
57
44
42
43
40
40
39
38
38
33
29
36
38
37
39
39
41
40
40
40
41
35
31
37
40
40
41
40
40
40
41
41
40
33
31
35
42
41
41
41
40
42
42
42
38
32
32
33
40
41
42
42
41
43
42
42
36
32
32
32
37
40
42
41
42
42
42
41
34
32
32
32
34
40
40
41
42
41
41
40
33
32
32
32
32
39
40
41
