82
78
76
75
75
75
78
80
84
89
93
97
87
83
81
79
78
79
81
84
88
92
97
101
95
91
88
85
85
85
86
90
94
99
103
107
104
100
96
94
92
93
94
98
102
106
111
115
118
113
108
105
102
103
104
106
110
115
120
125
117
120
122
121
120
119
119
120
123
127
127
127
97
104
110
113
117
120
120
127
127
123
113
106
64
68
72
80
89
98
109
115
122
92
73
69
44
44
43
44
45
52
99
55
55
47
43
44
41
42
40
40
36
71
127
56
37
40
41
41
43
43
43
43
38
108
127
88
37
43
43
43
43
43
43
43
46
127
127
127
45
42
43
43
43
45
45
39
67
127
127
127
70
38
46
44
43
45
46
38
94
127
127
127
116
38
44
44
43
43
43
43
123
127
127
127
127
60
40
43
43
43
40
50
127
127
127
127
127
89
38
43
94
90
88
86
86
87
90
92
96
102
106
110
99
96
93
91
90
91
92
96
100
106
110
114
107
103
100
99
96
97
99
103
106
112
116
120
116
113
109
107
105
106
108
110
115
120
124
127
127
126
121
118
115
116
117
120
123
127
127
127
121
126
127
127
127
127
127
127
127
127
127
127
96
104
113
120
126
127
127
127
127
127
117
106
64
68
71
79
89
101
110
119
127
93
72
68
42
42
43
43
43
44
43
49
54
44
42
43
38
39
38
37
37
34
30
36
38
37
37
38
40
40
40
40
40
36
30
37
40
40
40
40
40
40
40
41
40
34
31
35
40
40
40
40
39
40
41
41
39
33
32
32
38
40
41
41
40
41
40
40
37
32
32
32
35
40
40
40
41
40
40
40
35
32
32
32
33
38
40
40
41
40
40
40
33
31
32
32
32
37
40
40
127
127
127
127
127
127
127
127
127
127
127
127
127
127
127
127
127
127
127
127
127
127
127
127
127
127
127
127
127
127
127
127
127
127
127
127
127
127
127
127
127
127
127
127
127
127
127
127
127
127
127
127
127
127
127
127
127
127
127
127
127
127
127
127
127
127
127
127
127
127
127
127
94
106
120
127
127
127
127
127
127
127
126
109
64
65
69
78
91
107
120
127
127
96
69
67
43
43
42
43
44
46
43
51
57
45
42
43
39
40
39
38
38
35
29
36
38
37
39
40
40
41
40
41
41
36
31
37
40
41
41
40
41
40
41
42
41
34
31
34
41
42
41
41
40
42
42
43
40
33
32
32
39
41
43
42
40
42
42
43
38
32
32
32
35
40
42
41
41
41
42
41
36
32
32
32
33
39
41
41
42
40
41
40
34
31
32
32
32
38
41
40
