82
78
76
75
75
75
78
80
84
89
93
97
87
83
81
79
78
79
81
84
88
92
97
101
95
91
88
85
85
85
86
90
94
99
103
107
104
100
96
94
92
93
94
98
102
106
111
115
119
113
108
105
102
103
104
106
110
115
120
124
116
120
121
120
120
119
120
120
123
127
127
127
96
103
108
113
116
120
121
127
127
127
116
108
64
67
71
78
88
97
106
114
123
101
75
68
43
44
44
44
46
47
91
69
54
50
44
44
41
41
41
40
40
43
127
89
35
40
40
41
43
43
43
43
41
60
127
127
47
40
43
43
43
43
43
44
40
82
127
127
80
40
44
43
43
44
44
43
38
106
127
127
127
44
43
44
43
43
44
43
40
127
127
127
127
86
39
43
43
42
44
40
49
127
127
127
127
127
54
41
43
42
43
39
58
127
127
127
127
127
78
40
94
91
88
86
86
87
90
92
96
102
106
110
99
96
93
91
90
91
92
96
100
106
110
114
107
103
100
99
96
97
99
103
106
112
116
120
116
113
109
107
105
106
108
110
115
120
124
127
127
126
121
118
116
116
117
120
123
127
127
127
120
125
127
127
127
127
127
127
127
127
127
127
95
103
110
118
124
127
127
127
127
127
120
109
64
66
71
78
88
99
108
117
127
103
74
68
42
42
43
42
43
46
44
47
54
47
41
42
39
38
38
37
37
37
30
33
38
37
37
39
40
40
40
40
40
40
31
33
39
40
40
40
40
40
40
40
41
39
32
33
38
40
40
40
40
41
40
40
41
37
32
32
35
40
41
40
40
40
40
40
40
35
32
32
33
38
41
40
40
40
40
40
39
33
32
32
32
35
40
40
41
40
40
40
39
33
32
32
32
33
38
40
127
127
127
127
127
127
127
127
127
127
127
127
127
127
127
127
127
127
127
127
127
127
127
127
127
127
127
127
127
127
127
127
127
127
127
127
127
127
127
127
127
127
127
127
127
127
127
127
127
127
127
127
127
127
127
127
127
127
127
127
127
127
127
127
127
127
127
127
127
127
127
127
92
103
117
127
127
127
127
127
127
127
127
113
64
65
68
75
89
105
118
127
127
111
72
68
43
43
43
43
44
46
44
49
57
48
42
43
40
39
39
38
38
37
30
33
38
37
38
40
41
40
40
40
41
40
32
33
40
41
40
41
40
41
40
41
42
40
32
33
38
42
41
41
41
42
42
41
42
37
31
32
35
41
42
41
41
41
41
41
41
35
32
32
33
38
42
41
41
40
41
41
40
33
32
32
32
34
41
41
41
40
41
40
39
33
32
32
32
32
39
42
