82
78
76
75
75
75
78
80
84
89
93
97
87
83
81
79
78
79
81
84
88
92
97
101
95
91
88
85
85
85
86
90
94
99
103
107
104
100
96
94
92
93
94
98
102
106
111
115
119
113
109
105
102
103
104
106
110
115
120
124
116
120
121
120
120
119
120
120
123
127
127
127
95
102
107
112
116
120
121
126
127
127
117
109
64
66
71
78
88
96
106
114
123
105
76
69
43
43
44
45
46
46
83
78
51
50
43
44
42
41
41
40
40
37
114
114
37
39
40
41
43
43
43
43
43
43
127
127
67
37
43
43
43
43
43
43
43
48
127
127
120
43
42
43
42
43
43
43
40
54
127
127
127
82
37
43
44
44
43
43
40
64
127
127
127
127
56
40
45
44
43
43
39
77
127
127
127
127
102
46
44
43
44
44
39
86
127
127
127
127
127
56
94
91
88
86
86
88
90
92
96
102
106
110
99
96
93
91
90
91
92
96
100
106
110
114
107
103
100
99
96
97
99
103
106
112
116
120
116
113
109
107
105
106
108
110
115
120
124
127
127
126
121
118
116
116
117
120
123
127
127
127
119
124
127
127
127
127
127
127
127
127
127
127
94
101
110
117
123
127
127
127
127
127
122
111
64
66
70
77
87
98
107
116
127
108
76
69
43
42
42
43
43
46
44
47
55
48
41
42
40
39
38
37
38
37
32
32
38
37
37
38
40
40
40
40
40
40
33
33
37
40
40
40
40
40
40
40
40
40
33
32
36
41
40
40
40
40
40
40
40
40
33
32
32
38
40
40
41
40
41
40
40
39
32
32
32
34
40
41
42
42
41
40
41
38
32
32
32
32
37
42
41
42
41
41
42
38
32
32
32
32
34
41
127
127
127
127
127
127
127
127
127
127
127
127
127
127
127
127
127
127
127
127
127
127
127
127
127
127
127
127
127
127
127
127
127
127
127
127
127
127
127
127
127
127
127
127
127
127
127
127
127
127
127
127
127
127
127
127
127
127
127
127
126
127
127
127
127
127
127
127
127
127
127
127
92
101
114
127
127
127
127
127
127
127
127
116
64
65
68
75
88
103
118
127
127
117
74
68
43
43
43
43
43
46
45
48
57
50
42
43
40
40
39
38
38
38
31
31
38
37
39
39
41
41
40
40
41
41
33
33
38
41
41
40
40
40
41
41
41
41
33
32
36
42
41
41
40
41
41
41
40
40
33
32
32
39
41
41
42
42
42
41
40
40
32
32
32
34
40
42
43
42
42
41
42
38
32
32
32
32
37
43
42
43
42
42
43
38
32
32
32
31
34
42
