82
78
76
75
75
75
78
80
84
89
93
97
87
83
81
79
78
79
81
84
88
92
97
101
95
91
88
85
85
85
87
90
94
99
103
107
104
101
96
94
92
93
94
98
102
106
111
115
120
114
109
105
102
103
103
106
110
115
120
124
115
119
120
120
120
119
120
121
123
127
127
127
93
99
106
111
116
120
123
124
127
127
120
112
63
64
70
77
85
95
104
113
123
110
81
71
43
43
44
45
47
45
64
96
54
50
44
43
41
42
41
40
40
37
61
127
75
31
40
40
43
43
43
43
43
40
61
127
127
56
39
42
43
43
43
44
43
40
54
127
127
112
46
40
42
43
45
45
44
42
50
127
127
127
101
40
43
43
43
44
44
43
45
127
127
127
127
92
43
43
43
43
45
43
42
120
127
127
127
127
43
43
43
43
46
43
40
112
127
127
127
127
94
91
88
86
86
88
90
92
96
102
106
110
99
96
93
91
90
91
92
96
100
106
110
114
107
103
100
98
97
97
99
103
106
112
116
121
116
113
109
106
106
106
107
110
115
120
124
127
127
126
121
118
116
116
117
120
123
127
127
127
116
123
127
127
127
127
127
127
127
127
127
127
92
99
108
116
123
127
127
127
127
127
127
115
63
64
68
75
85
96
106
115
127
115
81
71
43
42
42
43
43
46
45
44
55
50
42
43
39
39
38
37
37
37
35
30
35
37
37
38
40
40
40
40
40
40
39
32
33
39
40
40
40
40
40
41
40
40
40
33
32
36
40
40
39
40
40
40
41
41
40
33
32
32
37
41
40
40
40
40
40
40
40
34
32
32
33
38
40
40
40
40
41
40
40
34
32
32
32
34
40
40
41
40
42
41
41
35
32
32
32
32
127
127
127
127
127
127
127
127
127
127
127
127
127
127
127
127
127
127
127
127
127
127
127
127
127
127
127
127
127
127
127
127
127
127
127
127
127
127
127
127
127
127
127
127
127
127
127
127
127
127
127
127
127
127
127
127
127
127
127
127
122
127
127
127
127
127
127
127
127
127
127
127
89
98
111
127
127
127
127
127
127
127
127
122
63
64
68
73
85
101
115
127
127
127
80
69
43
43
43
43
44
46
45
46
57
51
42
42
40
40
39
39
38
38
35
30
36
37
38
39
40
41
40
41
40
41
40
32
33
40
41
40
40
40
41
42
41
41
40
33
31
37
41
41
40
41
42
42
42
42
41
34
32
33
37
42
40
41
41
41
41
42
41
35
32
32
33
38
40
41
40
41
42
42
41
35
32
32
32
34
41
40
41
40
43
42
42
36
31
32
32
32
