82
78
76
75
75
76
78
81
85
89
94
98
86
84
81
79
78
79
82
84
88
93
98
102
94
91
88
85
85
85
88
90
94
99
104
108
105
100
96
94
93
93
95
98
102
107
112
116
122
116
110
105
103
103
104
107
111
116
120
123
112
116
119
120
120
119
120
121
123
127
127
127
89
96
104
110
114
119
123
126
127
127
125
118
63
65
69
75
83
93
102
113
125
113
89
76
44
45
45
46
47
48
46
77
99
48
40
43
42
42
41
41
42
40
38
50
108
106
53
32
43
43
43
43
43
43
42
40
85
127
115
71
43
43
43
43
43
43
43
42
38
110
127
127
44
45
44
44
44
43
43
42
40
50
125
127
45
46
44
44
45
43
43
42
41
38
68
127
44
45
43
44
45
44
42
43
43
41
39
79
42
43
43
43
44
44
42
43
44
43
41
37
94
91
89
88
87
88
89
93
97
101
107
111
99
96
93
92
91
92
93
97
101
106
111
115
108
103
100
98
97
98
99
103
107
113
117
121
117
113
109
106
106
106
107
111
115
120
125
127
127
126
123
118
116
116
117
120
124
127
127
127
112
118
124
127
127
127
127
127
127
127
127
127
88
95
103
113
120
127
127
127
127
127
127
123
63
65
68
74
82
93
104
114
127
120
91
76
43
43
43
44
44
45
47
47
52
50
43
42
39
39
39
38
38
37
37
36
33
32
36
39
40
40
40
40
40
40
39
40
37
33
36
38
40
40
41
40
40
40
40
40
41
37
32
33
40
40
41
41
41
40
40
40
40
41
35
31
41
40
40
40
41
41
40
40
40
40
38
33
40
40
40
40
40
41
40
40
40
40
40
37
39
40
40
40
40
41
39
41
42
40
40
40
127
127
127
127
127
127
127
127
127
127
127
127
127
127
127
127
127
127
127
127
127
127
127
127
127
127
127
127
127
127
127
127
127
127
127
127
127
127
127
127
127
127
127
127
127
127
127
127
127
127
127
127
127
127
127
127
127
127
127
127
114
126
127
127
127
127
127
127
127
127
127
127
86
92
103
120
127
127
127
127
127
127
127
127
63
65
68
72
82
96
111
126
127
127
93
74
43
44
43
44
45
45
47
47
54
51
43
43
40
40
40
39
39
37
37
36
33
31
36
40
41
41
40
40
41
40
40
40
37
33
36
39
41
40
41
41
41
40
40
41
42
37
32
33
41
41
42
42
42
41
41
40
40
43
36
31
43
42
42
42
42
42
40
40
40
41
40
33
42
42
42
42
42
42
40
40
40
40
41
38
40
41
41
41
42
42
40
41
42
40
41
40
