82
80
78
76
75
77
78
82
85
90
95
99
86
84
82
80
79
80
82
85
89
94
99
103
95
90
88
86
85
86
89
91
95
100
105
109
107
100
97
95
93
94
96
99
103
108
113
116
123
119
111
106
103
103
105
108
112
116
120
124
109
113
117
119
119
120
120
122
123
127
127
127
86
93
101
108
113
118
123
127
127
127
127
122
64
66
68
75
82
92
100
111
127
114
92
79
45
47
47
47
47
48
48
54
93
80
46
37
42
42
42
42
41
40
40
41
57
82
97
79
43
43
43
43
43
42
43
43
40
68
103
113
43
43
43
43
44
43
42
43
43
37
49
97
43
43
43
43
42
43
43
43
44
43
42
44
44
44
44
43
42
43
43
42
43
43
44
39
44
44
44
43
43
43
43
42
42
44
47
44
43
45
44
43
43
43
43
43
41
45
47
44
94
91
89
87
86
89
90
94
98
103
106
112
99
96
93
92
91
92
94
98
102
106
111
116
108
104
101
99
98
99
100
104
108
113
118
122
118
113
110
107
106
106
108
112
116
121
126
127
125
126
123
119
116
116
118
120
124
127
127
127
109
115
121
127
127
127
127
127
127
127
127
127
86
92
101
110
118
126
127
127
127
127
127
127
64
66
68
73
81
92
103
114
127
119
95
79
45
45
44
45
45
45
46
48
52
47
43
43
40
40
39
39
38
37
37
37
37
33
32
35
40
40
40
40
40
40
39
40
39
37
36
36
40
40
40
40
41
40
39
40
40
40
40
37
40
41
40
40
40
40
40
40
40
41
40
40
41
40
41
40
40
40
41
39
40
40
41
41
42
40
41
41
40
40
41
39
39
40
42
41
41
40
40
40
40
40
40
40
38
41
42
40
127
127
127
127
127
127
127
127
127
127
127
127
127
127
127
127
127
127
127
127
127
127
127
127
127
127
127
127
127
127
127
127
127
127
127
127
127
127
127
127
127
127
127
127
127
127
127
127
127
127
127
127
127
127
127
127
127
127
127
127
108
119
127
127
127
127
127
127
127
127
127
127
85
90
99
114
127
127
127
127
127
127
127
127
64
66
68
72
78
92
109
127
127
127
99
78
45
45
45
45
45
46
47
49
54
49
43
43
40
40
40
40
40
38
37
37
36
33
33
35
40
40
40
41
41
40
40
41
39
38
37
36
40
41
41
41
42
40
40
42
41
41
40
38
41
41
41
40
40
41
42
40
42
41
42
41
42
42
42
41
41
41
42
40
41
42
43
42
43
42
42
42
41
41
42
40
40
42
43
42
42
42
41
41
41
40
41
40
40
43
43
42
