82
78
78
76
76
77
78
82
86
91
96
99
86
83
82
80
79
80
83
85
89
95
99
103
96
90
88
86
85
86
89
92
96
101
106
110
108
100
96
95
93
94
96
99
104
109
113
117
123
120
111
106
103
104
105
109
113
117
121
125
109
113
117
120
120
120
120
122
124
127
127
127
86
93
102
109
114
119
123
127
127
127
126
120
65
67
70
75
83
93
102
117
127
106
89
78
47
47
47
47
47
49
48
57
87
78
52
37
42
42
42
42
40
41
40
41
53
69
87
88
42
43
43
43
42
42
44
42
40
57
85
101
43
44
43
43
43
42
44
44
43
40
39
57
44
44
44
43
43
43
43
43
43
43
43
43
44
44
44
42
43
43
44
44
43
43
43
43
45
44
43
42
43
43
44
44
44
43
43
45
46
44
42
41
43
43
43
43
46
43
43
43
94
91
89
87
88
89
91
95
99
104
109
113
99
96
93
92
92
92
95
99
103
108
113
116
108
103
100
99
98
99
101
105
109
114
119
123
119
113
109
107
106
107
109
113
116
122
127
127
124
126
123
119
116
116
118
121
125
127
127
127
108
115
121
127
127
127
127
127
127
127
127
127
85
92
101
110
119
127
127
127
127
127
127
126
65
67
70
75
82
93
105
120
127
110
91
78
47
46
45
46
45
46
47
50
53
44
42
43
40
40
40
39
37
37
37
37
36
34
33
35
40
40
40
40
39
40
40
40
38
39
37
37
40
41
40
40
40
40
41
41
40
40
40
38
40
40
41
40
40
40
40
40
40
40
41
40
41
40
41
40
40
40
40
41
40
40
40
40
41
40
40
40
40
40
41
41
40
40
40
40
41
41
40
39
40
41
40
40
41
40
41
41
127
127
127
127
127
127
127
127
127
127
127
127
127
127
127
127
127
127
127
127
127
127
127
127
127
127
127
127
127
127
127
127
127
127
127
127
127
127
127
127
127
127
127
127
127
127
127
127
127
127
127
127
127
127
127
127
127
127
127
127
108
118
127
127
127
127
127
127
127
127
127
127
85
90
99
115
127
127
127
127
127
127
127
127
65
67
69
73
81
94
112
127
127
120
93
76
47
47
46
46
46
46
47
52
55
45
42
43
40
40
40
40
39
38
37
37
37
34
33
35
40
40
40
40
40
40
42
40
39
40
38
37
41
42
41
41
40
40
42
42
41
41
41
39
41
42
42
41
41
40
40
41
41
41
42
41
42
41
42
40
40
41
41
42
42
41
41
42
42
41
41
40
40
41
41
42
42
41
41
42
43
42
40
40
41
42
40
41
43
41
42
42
