82
79
77
77
77
78
81
84
88
92
97
101
86
84
82
81
81
82
84
88
92
96
101
105
94
91
89
87
87
88
90
94
98
103
107
111
106
100
96
96
95
96
98
102
106
110
115
119
123
117
110
105
104
105
106
110
114
119
123
127
111
116
119
120
120
121
121
123
127
127
127
127
89
97
106
112
116
121
127
127
127
127
123
116
68
69
73
79
88
96
109
127
116
95
82
72
49
48
48
48
48
48
50
70
82
68
47
37
43
43
43
42
42
40
40
45
57
74
87
82
43
42
43
43
43
43
43
40
43
64
89
99
44
42
43
43
44
43
44
42
42
38
42
66
42
41
43
43
43
43
43
43
43
43
43
43
43
42
44
44
43
43
43
43
43
43
43
40
43
42
45
44
44
43
44
44
43
43
43
42
43
43
44
44
45
44
46
44
43
43
43
43
94
92
89
89
89
91
93
96
101
106
110
114
99
96
94
93
92
94
96
100
105
110
114
118
107
104
101
99
99
100
103
106
111
116
120
124
117
113
110
108
107
108
111
115
119
123
127
127
126
126
123
119
117
118
120
123
127
127
127
127
111
117
123
127
127
127
127
127
127
127
127
127
89
96
105
114
123
127
127
127
127
127
127
120
68
69
73
78
87
99
113
127
118
98
83
73
47
47
47
46
46
46
48
54
47
41
42
43
40
40
40
38
38
37
37
37
36
34
34
35
40
40
40
39
40
40
40
39
40
39
37
37
40
40
40
40
40
40
41
40
40
40
40
39
40
39
40
40
40
41
40
40
40
40
40
40
40
40
41
41
41
41
40
41
40
40
40
40
40
40
42
41
41
41
40
41
40
40
40
40
40
40
41
41
42
41
41
40
40
40
41
40
127
127
127
127
127
127
127
127
127
127
127
127
127
127
127
127
127
127
127
127
127
127
127
127
127
127
127
127
127
127
127
127
127
127
127
127
127
127
127
127
127
127
127
127
127
127
127
127
127
127
127
127
127
127
127
127
127
127
127
127
111
123
127
127
127
127
127
127
127
127
127
127
88
93
105
122
127
127
127
127
127
127
127
127
68
69
72
76
86
102
124
127
127
103
82
71
48
47
47
47
47
46
49
56
48
41
42
43
41
40
40
40
40
37
37
37
36
34
34
36
40
40
40
40
41
40
41
40
40
40
38
37
41
40
40
41
41
41
42
40
40
41
41
40
40
40
41
41
41
41
40
41
40
41
41
41
41
40
42
42
42
42
40
42
41
40
41
40
41
40
42
42
42
42
42
42
41
40
41
40
40
40
42
42
43
42
43
42
40
41
42
40
