84
82
80
79
80
82
84
88
92
96
99
103
88
85
84
83
83
85
88
91
95
99
103
107
94
92
90
89
89
92
94
97
101
106
110
113
103
100
98
97
97
99
102
105
110
114
118
121
118
111
108
106
106
108
110
114
118
123
127
127
118
120
122
121
122
122
123
127
127
127
127
127
101
108
114
118
123
127
127
127
126
121
113
106
73
76
82
90
99
113
127
107
90
78
71
68
50
49
49
49
48
50
83
84
51
36
40
43
43
42
42
42
40
39
51
75
97
86
51
33
43
42
43
43
43
43
40
59
96
114
103
79
43
42
43
44
43
45
43
37
40
87
127
127
43
43
44
44
43
43
43
42
42
42
61
112
43
43
43
43
43
43
42
43
42
40
41
58
43
43
43
43
43
43
42
43
43
43
41
35
43
43
43
43
44
44
43
44
44
43
42
43
96
94
92
92
92
94
96
100
104
108
113
117
100
98
96
96
96
98
100
104
108
113
117
121
107
104
103
102
102
104
106
110
114
120
123
127
116
113
111
110
110
111
115
119
123
127
127
127
127
124
121
120
120
121
123
127
127
127
127
127
121
126
127
127
127
127
127
127
127
127
127
127
100
109
117
125
127
127
127
127
127
127
116
106
72
76
82
90
100
118
127
112
92
78
71
67
48
48
47
47
46
50
53
44
42
43
43
42
40
40
39
38
37
37
37
34
33
34
37
39
39
38
40
40
40
40
39
39
37
35
36
37
40
39
40
40
40
41
40
40
40
38
33
33
40
40
41
40
40
40
40
40
40
41
39
36
40
41
40
40
40
41
40
40
40
41
41
39
40
40
40
40
40
41
40
40
40
40
40
40
40
40
41
41
41
42
40
41
41
40
40
40
127
127
127
127
127
127
127
127
127
127
127
127
127
127
127
127
127
127
127
127
127
127
127
127
127
127
127
127
127
127
127
127
127
127
127
127
127
127
127
127
127
127
127
127
127
127
127
127
127
127
127
127
127
127
127
127
127
127
127
127
127
127
127
127
127
127
127
127
127
127
127
127
99
110
126
127
127
127
127
127
127
127
123
107
74
75
79
89
105
127
127
122
96
78
69
65
49
49
47
47
46
51
55
44
43
43
42
42
41
40
40
40
37
37
37
33
33
34
38
40
40
39
40
41
40
40
39
40
37
35
37
38
40
40
41
42
41
42
41
40
40
38
33
33
41
40
42
42
41
41
41
41
40
42
40
36
40
41
41
41
40
42
40
41
40
42
41
39
40
42
41
41
41
42
40
41
41
41
41
41
41
41
42
42
42
42
41
42
42
40
40
41
