84
82
82
82
82
84
87
89
93
96
100
105
89
86
85
85
85
87
90
93
97
101
105
109
96
93
92
91
92
93
96
99
103
108
112
115
103
101
99
99
99
101
103
107
111
116
120
123
113
110
109
108
108
110
113
116
120
125
127
127
122
123
123
123
123
122
127
127
127
127
127
123
110
114
118
122
127
127
127
127
122
114
105
97
78
82
89
96
109
127
110
92
82
72
68
64
50
50
49
49
47
97
78
37
41
44
43
43
42
42
41
40
37
64
120
89
42
32
39
41
42
42
43
43
42
43
115
127
98
57
41
38
43
42
43
44
44
40
54
127
127
116
61
42
43
42
43
43
43
42
39
77
127
127
127
91
43
43
43
44
44
43
40
44
105
127
127
127
43
43
43
44
44
44
44
38
54
127
127
127
43
43
44
44
45
44
44
43
35
84
127
127
96
94
94
93
94
96
99
103
106
110
113
118
101
99
98
97
98
100
103
106
110
114
118
122
109
106
104
103
104
106
109
113
116
121
125
127
116
114
112
112
112
114
116
120
124
127
127
127
127
123
121
121
121
123
126
127
127
127
127
127
127
127
127
127
127
127
127
127
127
127
127
127
110
117
124
127
127
127
127
127
127
117
106
97
78
82
89
99
114
127
116
96
81
71
67
64
49
48
47
47
49
53
46
43
43
42
42
42
40
39
38
37
37
36
31
33
37
38
39
38
40
39
40
40
40
38
35
33
37
40
40
40
40
40
41
41
40
40
40
34
32
36
39
40
40
39
39
40
40
40
41
39
33
31
33
37
41
40
40
40
40
40
41
40
36
32
32
33
40
40
41
40
41
40
41
40
39
34
32
32
40
40
41
41
42
40
40
40
40
37
32
32
127
127
127
127
127
127
127
127
127
127
127
127
127
127
127
127
127
127
127
127
127
127
127
127
127
127
127
127
127
127
127
127
127
127
127
127
127
127
127
127
127
127
127
127
127
127
127
127
127
127
127
127
127
127
127
127
127
127
127
127
127
127
127
127
127
127
127
127
127
127
127
127
110
124
127
127
127
127
127
127
127
126
107
95
76
80
86
102
125
127
127
99
81
69
66
64
50
48
47
46
49
54
47
43
43
42
42
42
41
40
39
37
37
36
30
33
38
40
40
39
40
40
41
41
40
40
36
34
37
40
41
41
40
40
42
42
41
42
41
34
32
36
40
41
41
40
40
41
41
41
42
40
33
31
33
37
42
40
41
42
41
41
42
41
37
32
32
33
41
40
42
42
42
41
42
41
40
34
32
32
40
40
42
42
43
42
41
40
40
37
32
32
