85
83
82
82
82
85
86
90
94
98
102
105
89
87
85
85
85
88
90
94
98
102
106
109
96
93
92
92
92
94
96
100
104
108
112
115
104
102
99
99
99
102
104
108
112
116
120
123
113
110
109
108
109
111
113
117
121
127
127
127
123
123
123
123
123
123
127
127
127
127
127
120
112
116
120
124
127
127
127
126
120
111
102
95
81
85
92
99
116
127
104
89
78
71
66
64
50
50
50
46
66
105
46
42
45
43
43
43
43
42
40
37
47
127
94
38
34
41
41
41
43
43
43
41
40
127
127
86
46
39
43
43
44
43
44
43
37
90
127
127
83
43
42
43
43
43
44
43
40
59
127
127
127
92
40
41
43
43
43
43
41
43
127
127
127
127
98
47
43
43
43
43
43
38
99
127
127
127
127
97
43
42
43
43
43
38
72
127
127
127
127
127
98
96
93
94
95
97
100
102
106
111
115
118
102
99
98
98
99
101
103
106
110
115
119
122
108
106
105
104
105
107
110
113
117
121
125
127
116
114
113
113
113
115
117
121
125
127
127
127
127
123
122
121
122
124
127
127
127
127
127
127
127
127
127
127
127
127
127
127
127
127
127
123
113
120
127
127
127
127
127
127
124
113
103
94
79
84
91
103
120
127
110
91
78
70
66
64
48
47
46
46
49
51
46
43
42
41
42
42
40
39
37
37
36
32
33
37
37
38
38
38
40
40
40
40
39
33
33
37
40
40
40
40
40
40
40
40
40
37
31
33
37
40
40
40
40
40
41
41
40
40
33
32
33
38
40
40
41
40
40
40
40
41
34
32
32
33
37
40
41
40
40
40
40
41
37
32
32
32
33
37
40
40
40
40
41
40
38
32
32
32
32
33
127
127
127
127
127
127
127
127
127
127
127
127
127
127
127
127
127
127
127
127
127
127
127
127
127
127
127
127
127
127
127
127
127
127
127
127
127
127
127
127
127
127
127
127
127
127
127
127
127
127
127
127
127
127
127
127
127
127
127
127
127
127
127
127
127
127
127
127
127
127
127
127
116
127
127
127
127
127
127
127
127
119
102
92
78
82
90
107
127
127
119
93
75
68
64
63
49
47
47
47
51
54
47
43
43
42
42
42
40
40
38
37
37
31
32
37
38
39
39
40
40
40
41
40
40
33
33
38
40
41
40
41
42
41
42
41
40
37
31
33
38
41
41
41
41
41
42
42
40
40
33
32
33
38
42
42
41
40
41
41
40
42
34
32
32
33
38
41
41
40
40
40
40
42
37
32
32
31
33
37
41
40
40
41
41
41
38
32
32
32
31
33
