85
83
82
82
82
85
88
90
94
98
102
105
89
87
86
85
86
89
90
94
98
102
106
109
96
93
92
92
92
95
96
100
104
108
112
116
104
102
100
99
100
103
105
108
112
116
120
123
113
111
109
109
109
111
113
117
121
127
127
127
123
124
123
123
122
124
127
127
127
127
125
119
113
117
120
125
127
127
127
124
118
109
100
93
82
86
92
101
119
123
103
88
76
69
65
64
50
49
49
45
86
85
42
45
44
43
43
43
42
41
41
36
101
127
41
37
41
41
41
41
41
42
43
40
118
127
85
40
42
43
43
43
42
42
43
43
123
127
127
57
40
43
43
43
43
43
41
47
127
127
127
119
43
40
43
42
43
42
40
47
127
127
127
127
89
39
43
43
43
42
39
49
127
127
127
127
127
66
43
43
43
43
39
50
127
127
127
127
127
105
40
42
97
95
95
95
95
97
99
103
107
110
114
117
102
99
99
99
99
101
103
107
111
115
119
122
109
107
105
105
105
107
110
113
117
122
126
127
116
115
113
113
113
116
118
121
125
127
127
127
127
123
122
121
122
124
127
127
127
127
127
127
127
127
127
127
127
127
127
127
127
127
127
121
115
122
127
127
127
127
127
127
123
111
100
92
81
85
92
104
122
127
106
89
76
68
65
64
48
47
47
46
49
51
45
43
42
41
42
42
40
38
38
37
33
31
36
37
38
38
38
38
39
39
40
40
34
30
37
40
40
40
40
40
39
40
40
41
35
31
33
39
40
40
40
40
40
40
40
40
35
32
32
36
40
40
40
39
40
39
39
40
34
32
32
33
38
42
40
40
40
39
38
40
34
32
32
32
33
40
41
40
40
40
39
39
33
32
32
32
31
37
40
40
127
127
127
127
127
127
127
127
127
127
127
127
127
127
127
127
127
127
127
127
127
127
127
127
127
127
127
127
127
127
127
127
127
127
127
127
127
127
127
127
127
127
127
127
127
127
127
127
127
127
127
127
127
127
127
127
127
127
127
127
127
127
127
127
127
127
127
127
127
127
127
127
119
127
127
127
127
127
127
127
127
116
99
90
79
83
93
111
127
127
114
90
74
67
64
64
49
48
47
47
50
54
45
43
43
42
42
42
40
39
39
37
33
30
36
37
39
39
39
39
40
40
41
41
34
30
38
41
41
41
40
41
40
40
42
42
35
31
33
40
40
40
41
41
41
40
40
43
36
31
32
36
41
41
40
39
41
40
40
42
35
32
32
33
38
43
41
40
41
40
40
40
33
32
32
32
33
41
42
41
40
40
40
40
33
32
32
32
31
37
41
40
