85
83
81
81
82
83
85
89
92
97
101
104
89
86
85
85
85
87
89
92
96
101
105
108
95
92
91
91
91
93
95
99
103
107
111
115
103
101
99
99
99
101
103
106
110
115
119
123
113
110
108
107
107
110
112
116
120
125
127
127
123
123
123
123
122
122
126
127
127
127
127
120
111
115
119
122
123
127
127
127
121
113
103
95
80
83
89
96
106
127
116
96
81
71
67
64
50
50
46
41
82
90
51
46
44
43
43
42
41
35
40
90
120
61
38
40
40
40
40
41
37
52
91
127
116
43
41
43
43
43
43
43
52
102
127
127
62
38
43
43
43
43
43
43
127
127
127
105
40
42
42
45
45
44
43
43
127
127
127
58
39
43
42
43
43
43
43
43
127
127
101
37
43
42
42
42
42
42
43
43
127
127
60
40
43
42
42
43
43
42
45
43
96
94
93
93
93
96
98
102
106
110
114
116
101
99
97
97
97
99
102
106
110
114
118
121
109
106
103
103
103
106
108
112
116
120
124
127
116
114
112
111
111
113
116
120
123
127
127
127
127
123
121
120
120
123
125
127
127
127
127
127
127
127
127
127
127
127
127
127
127
127
127
123
112
117
124
127
127
127
127
127
127
116
103
94
78
82
89
97
110
127
122
97
81
71
66
64
49
47
47
47
45
51
50
43
43
42
41
41
40
39
38
34
31
37
37
36
37
37
38
38
39
39
37
33
34
39
39
40
40
40
40
40
40
37
33
32
39
40
40
41
40
40
40
40
34
33
32
36
41
40
40
40
41
40
40
40
32
32
33
39
40
40
40
40
40
40
40
40
32
32
36
41
40
40
40
40
40
40
40
40
32
33
39
41
41
40
40
40
40
40
41
40
127
127
127
127
127
127
127
127
127
127
127
127
127
127
127
127
127
127
127
127
127
127
127
127
127
127
127
127
127
127
127
127
127
127
127
127
127
127
127
127
127
127
127
127
127
127
127
127
127
127
127
127
127
127
127
127
127
127
127
127
127
127
127
127
127
127
127
127
127
127
127
127
114
126
127
127
127
127
127
127
127
123
103
91
78
81
86
100
119
127
127
103
80
68
64
64
49
48
47
47
46
54
52
43
42
42
42
42
40
41
39
34
31
37
37
37
37
39
39
40
41
40
37
33
36
40
40
41
40
41
40
41
41
37
32
32
40
41
41
42
41
41
41
40
35
33
32
36
42
40
40
42
42
42
41
41
33
32
33
39
41
40
40
40
41
41
41
41
32
33
37
41
41
40
40
40
40
40
41
41
32
33
40
42
42
40
40
41
41
40
42
42
