85
82
81
80
81
82
85
88
92
96
100
104
89
86
84
84
84
86
88
92
96
100
104
108
95
92
90
90
90
92
94
98
102
106
110
114
103
100
99
98
98
99
103
106
110
114
118
122
113
110
108
107
106
109
111
115
119
123
127
127
122
123
123
123
122
122
124
127
127
127
127
122
110
113
117
121
123
127
127
127
123
116
106
96
78
82
88
93
101
123
122
99
85
74
68
64
51
50
48
41
61
102
58
47
45
44
43
42
43
39
32
63
121
89
38
40
40
40
40
40
38
40
66
125
127
67
38
43
43
43
43
43
41
65
127
127
119
40
43
43
43
43
44
43
83
127
127
127
72
40
44
44
44
42
43
42
127
127
127
127
47
43
45
44
43
43
43
42
127
127
127
85
39
45
44
43
43
44
44
43
127
127
127
50
40
43
42
42
43
44
46
44
96
93
92
92
92
95
97
101
105
110
113
117
100
98
96
96
96
99
101
105
109
113
117
121
107
105
103
103
103
105
107
111
115
120
124
127
116
113
111
110
110
113
116
119
123
127
127
127
127
123
121
120
120
122
125
127
127
127
127
127
127
127
127
127
127
127
127
127
127
127
127
126
110
116
123
127
127
127
127
127
127
120
106
96
79
82
86
95
106
124
127
103
85
73
67
64
49
48
47
47
45
49
53
43
42
42
41
41
40
40
38
36
31
34
37
36
37
38
38
38
40
39
37
34
33
37
39
40
40
40
40
40
40
37
34
32
36
40
40
40
40
40
40
40
38
33
32
33
39
42
40
41
41
40
40
40
33
32
32
35
41
41
40
41
40
40
41
40
32
32
32
38
41
40
40
41
40
41
41
40
32
32
33
40
40
40
39
40
40
41
42
40
127
127
127
127
127
127
127
127
127
127
127
127
127
127
127
127
127
127
127
127
127
127
127
127
127
127
127
127
127
127
127
127
127
127
127
127
127
127
127
127
127
127
127
127
127
127
127
127
127
127
127
127
127
127
127
127
127
127
127
127
127
127
127
127
127
127
127
127
127
127
127
127
110
122
127
127
127
127
127
127
127
127
109
94
77
79
85
96
114
127
127
110
85
71
66
64
50
48
47
47
46
51
54
44
43
42
42
42
41
40
39
37
31
34
37
37
38
39
40
39
40
40
38
35
33
38
40
41
41
40
41
40
41
38
34
31
36
41
41
41
40
40
41
41
38
33
32
32
40
43
42
42
42
40
41
40
33
32
31
36
42
43
42
41
41
41
41
40
32
32
32
39
42
42
41
41
41
42
42
40
32
32
33
40
41
41
40
40
41
42
43
41
