82
81
79
78
78
81
82
86
90
95
99
103
87
85
83
82
82
84
86
90
94
99
103
106
94
92
89
89
89
90
92
96
100
105
109
113
103
100
97
96
96
97
100
104
108
113
116
120
119
112
108
106
106
106
109
113
116
121
126
127
118
120
121
120
120
122
122
126
127
127
127
127
103
108
113
116
120
126
127
127
127
124
117
109
76
78
82
87
94
105
124
118
97
85
75
68
53
51
50
50
49
47
84
86
40
45
44
43
43
43
42
42
40
36
90
127
46
36
41
40
41
43
43
43
42
37
105
127
92
39
43
43
43
44
43
44
42
38
116
127
127
56
40
43
44
43
43
43
42
41
127
127
127
115
41
42
43
43
43
43
41
44
127
127
127
127
79
39
43
43
43
43
41
50
127
127
127
127
127
56
43
44
44
43
41
54
127
127
127
127
127
82
95
92
90
91
91
93
96
99
102
108
111
115
99
97
95
95
95
96
99
103
106
112
116
120
106
104
102
101
101
103
105
109
113
118
123
127
115
113
110
109
109
111
113
117
121
126
127
127
127
124
121
119
119
120
122
126
127
127
127
127
120
125
127
127
127
127
127
127
127
127
127
127
102
108
115
121
127
127
127
127
127
127
121
110
76
78
81
86
95
108
127
123
101
85
74
68
51
50
47
47
46
47
52
48
43
42
42
41
40
40
40
39
37
37
34
31
36
37
37
38
38
39
40
40
39
40
35
31
37
40
40
40
40
40
40
41
40
40
36
32
33
40
40
40
40
40
40
40
40
41
34
32
32
36
41
40
40
40
40
40
40
41
33
32
32
33
38
41
40
40
41
40
40
40
33
32
32
32
35
40
41
41
42
40
40
39
33
32
32
32
33
37
127
127
127
127
127
127
127
127
127
127
127
127
127
127
127
127
127
127
127
127
127
127
127
127
127
127
127
127
127
127
127
127
127
127
127
127
127
127
127
127
127
127
127
127
127
127
127
127
127
127
127
127
127
127
127
127
127
127
127
127
127
127
127
127
127
127
127
127
127
127
127
127
99
107
120
127
127
127
127
127
127
127
127
114
76
77
78
85
96
118
127
127
107
85
72
67
52
50
48
47
46
48
54
50
44
43
43
42
41
41
40
40
37
37
35
30
36
37
38
39
39
40
40
40
40
41
36
31
37
40
40
40
40
41
41
42
40
40
37
32
33
40
41
41
41
40
40
41
40
42
35
32
32
37
42
41
41
41
40
41
41
42
34
32
32
33
40
43
41
41
41
41
41
40
33
32
32
32
35
41
42
42
42
40
41
40
33
32
32
32
33
37
