82
81
79
78
78
81
82
86
90
95
99
103
87
85
83
82
82
84
86
90
94
99
103
106
94
91
89
89
89
90
92
96
100
105
109
113
103
99
97
96
96
97
100
104
108
113
116
120
119
113
108
106
106
106
109
113
116
121
126
127
118
120
121
120
120
122
122
126
127
127
127
127
101
107
113
116
120
126
127
127
127
125
118
110
75
77
82
86
94
104
125
119
97
86
75
69
52
52
50
49
49
47
75
96
41
43
44
43
43
43
42
41
40
37
59
127
79
33
39
41
42
43
43
42
43
40
54
127
127
64
39
43
43
43
43
43
43
41
49
127
127
123
50
41
43
43
43
43
42
43
46
127
127
127
112
42
43
43
42
42
42
42
41
117
127
127
127
103
43
43
42
43
42
42
38
106
127
127
127
127
44
42
42
44
43
43
38
99
127
127
127
127
95
92
90
91
91
93
96
99
102
108
111
115
99
97
95
95
95
96
99
103
106
112
116
120
106
104
102
101
101
103
105
109
113
118
123
127
115
113
110
109
109
111
113
117
121
126
127
127
127
125
120
119
119
120
122
126
127
127
127
127
120
124
127
127
127
127
127
127
127
127
127
127
100
106
114
121
127
127
127
127
127
127
122
112
75
77
80
85
95
109
127
122
102
85
75
69
51
50
48
47
46
47
52
47
43
42
42
41
41
40
40
38
37
37
36
30
33
37
38
38
40
40
40
39
39
40
38
32
34
38
40
40
40
40
40
40
40
40
40
34
32
34
39
40
40
40
40
40
39
40
41
35
32
32
36
40
41
40
40
39
39
40
40
36
32
32
33
37
41
40
40
40
40
40
40
37
32
32
32
33
41
40
39
42
40
40
40
37
32
32
32
32
127
127
127
127
127
127
127
127
127
127
127
127
127
127
127
127
127
127
127
127
127
127
127
127
127
127
127
127
127
127
127
127
127
127
127
127
127
127
127
127
127
127
127
127
127
127
127
127
127
127
127
127
127
127
127
127
127
127
127
127
125
127
127
127
127
127
127
127
127
127
127
127
97
106
118
127
127
127
127
127
127
127
127
116
75
77
78
84
96
117
127
127
108
86
73
67
52
50
49
47
47
47
55
49
43
42
43
42
42
41
40
39
38
37
37
30
33
38
38
39
40
40
40
40
40
41
39
32
34
40
40
41
41
41
41
40
40
41
41
33
31
35
40
41
41
40
41
41
40
42
42
35
31
32
36
41
41
41
40
40
40
40
41
36
32
32
33
37
41
41
40
40
40
40
40
37
32
32
32
33
42
40
40
43
42
40
41
37
32
32
32
32
