84
82
79
78
78
81
84
86
90
95
98
102
88
85
83
82
82
84
87
90
94
99
103
106
94
92
89
89
89
90
92
96
100
105
110
113
103
99
98
96
96
98
100
104
108
113
117
120
119
113
108
106
106
107
110
113
117
122
126
127
118
120
121
121
121
122
122
127
127
127
127
127
101
107
113
116
120
126
127
127
127
124
117
110
75
77
82
87
95
106
126
116
96
84
75
69
52
52
50
50
49
48
75
96
43
41
44
43
43
43
42
42
40
37
51
123
95
38
36
42
42
42
42
43
43
41
40
125
127
85
45
39
43
43
43
45
44
43
37
90
127
127
79
42
42
42
42
43
43
43
39
65
127
127
127
89
43
43
44
43
43
43
42
47
127
127
127
127
43
43
45
45
43
43
43
38
107
127
127
127
43
43
44
46
44
44
43
37
81
127
127
127
95
92
92
91
91
93
96
99
103
108
113
116
99
97
96
95
95
97
99
103
107
112
116
120
106
104
102
101
101
103
106
110
113
119
123
127
115
113
110
110
110
111
113
117
121
127
127
127
127
124
121
120
119
120
123
126
127
127
127
127
120
124
127
127
127
127
127
127
127
127
127
127
100
107
114
121
127
127
127
127
127
127
122
111
75
77
80
85
96
110
127
120
100
85
75
68
51
50
47
47
46
47
53
47
43
42
42
41
41
40
39
39
37
37
37
31
33
37
38
38
40
39
39
40
40
40
38
34
33
37
40
40
40
40
40
41
41
40
40
38
32
33
38
40
40
40
40
40
40
40
41
40
33
32
33
38
40
40
41
40
40
41
41
41
34
32
32
33
40
40
41
40
40
41
41
40
36
32
32
32
40
40
40
41
41
40
40
40
37
32
32
32
127
127
127
127
127
127
127
127
127
127
127
127
127
127
127
127
127
127
127
127
127
127
127
127
127
127
127
127
127
127
127
127
127
127
127
127
127
127
127
127
127
127
127
127
127
127
127
127
127
127
127
127
127
127
127
127
127
127
127
127
125
127
127
127
127
127
127
127
127
127
127
127
98
105
119
127
127
127
127
127
127
127
127
116
75
77
78
84
97
120
127
127
106
85
72
67
52
50
48
48
46
47
55
47
43
43
42
42
42
40
40
40
38
37
37
30
32
37
39
39
40
40
40
40
41
40
40
34
33
37
41
42
41
40
40
42
42
41
42
38
31
33
39
42
40
40
40
41
41
41
42
40
33
32
33
38
41
40
42
41
42
41
42
42
34
32
32
33
41
41
43
42
42
41
41
41
36
32
32
32
41
40
42
43
42
42
40
40
37
32
32
32
