84
82
80
79
79
82
84
87
91
96
99
103
88
85
83
83
83
85
87
91
95
99
103
107
94
92
89
89
89
91
93
97
101
106
110
113
103
100
98
97
97
99
101
105
109
113
117
121
119
112
108
106
106
108
110
113
117
122
127
127
118
120
121
121
122
122
123
127
127
127
127
127
103
108
113
116
122
127
127
127
127
123
116
108
76
78
82
88
96
109
127
113
93
82
74
68
53
51
50
50
48
48
81
91
40
41
44
43
43
43
42
42
40
37
54
121
93
39
34
41
41
43
43
43
43
41
41
120
127
89
48
38
43
44
43
44
43
42
37
77
127
127
89
44
44
43
43
43
44
43
40
47
127
127
127
110
43
43
43
43
43
42
43
39
99
127
127
127
43
43
43
43
43
42
43
40
61
127
127
127
43
43
43
43
43
43
43
43
41
127
127
127
96
94
92
92
92
94
96
100
104
109
112
116
100
98
96
96
96
98
100
104
108
113
116
120
107
105
102
102
102
104
106
110
114
119
123
127
116
113
110
110
110
112
114
118
122
127
127
127
127
125
121
120
119
120
123
127
127
127
127
127
120
125
127
127
127
127
127
127
127
127
127
127
101
108
115
123
127
127
127
127
127
127
120
110
76
78
81
87
97
113
127
115
96
82
73
68
51
50
47
47
46
49
54
44
43
42
42
41
40
40
40
38
37
37
37
31
33
37
38
38
38
39
40
40
40
39
39
35
33
37
40
40
40
40
40
40
41
39
40
38
32
33
37
40
40
40
40
40
41
40
40
40
33
32
33
37
40
40
40
40
40
40
40
42
37
32
32
33
40
40
40
40
40
40
40
41
39
33
32
32
40
41
40
40
40
40
40
40
40
34
32
32
127
127
127
127
127
127
127
127
127
127
127
127
127
127
127
127
127
127
127
127
127
127
127
127
127
127
127
127
127
127
127
127
127
127
127
127
127
127
127
127
127
127
127
127
127
127
127
127
127
127
127
127
127
127
127
127
127
127
127
127
126
127
127
127
127
127
127
127
127
127
127
127
99
106
120
127
127
127
127
127
127
127
127
113
76
77
78
85
100
126
127
127
101
82
71
66
52
50
48
47
47
50
55
47
43
43
42
42
41
40
40
39
37
37
37
31
32
37
39
39
39
40
40
40
40
40
40
35
33
37
40
41
40
42
41
42
41
40
41
39
32
33
37
40
41
41
40
42
42
40
40
41
33
32
33
37
41
41
40
41
41
40
41
43
37
32
32
33
41
41
40
40
41
40
41
42
40
33
32
32
41
42
41
41
40
41
40
41
41
34
32
32
