85
82
81
81
81
83
86
89
92
97
101
104
89
86
85
84
85
87
89
92
96
101
105
108
95
92
91
90
91
93
96
99
103
107
111
114
103
101
99
98
99
101
103
106
110
115
119
122
115
111
108
107
107
110
112
116
120
124
127
127
120
122
123
123
123
122
126
127
127
127
127
127
106
112
116
120
126
127
127
127
124
118
110
102
78
81
86
94
105
124
120
97
85
75
69
66
52
50
49
49
48
65
102
47
40
44
43
43
43
43
41
40
40
43
113
108
45
33
41
41
43
43
43
42
43
37
99
127
101
51
39
41
44
44
43
43
42
40
61
127
127
99
47
40
43
45
45
43
42
41
44
127
127
127
111
47
43
44
44
43
43
43
38
94
127
127
127
116
43
43
43
42
43
44
38
62
127
127
127
127
43
43
43
41
43
44
41
43
127
127
127
127
97
95
93
93
93
96
98
102
106
110
114
116
101
99
97
97
97
99
102
106
110
114
118
121
107
105
103
103
103
106
108
112
116
120
124
127
116
113
112
111
111
113
116
120
124
127
127
127
127
124
121
120
120
123
125
127
127
127
127
127
124
127
127
127
127
127
127
127
127
127
127
127
106
113
120
127
127
127
127
127
127
123
112
102
77
79
85
94
108
127
122
102
87
75
69
65
50
48
47
46
47
53
47
43
43
42
41
41
40
40
39
37
37
37
32
32
36
38
38
38
39
40
40
39
40
40
36
33
37
40
40
40
40
40
40
40
40
40
39
33
32
36
40
40
40
41
41
40
39
40
40
35
31
32
36
40
40
41
41
40
40
40
41
37
32
32
33
36
40
41
41
40
41
41
41
38
33
32
32
33
40
40
40
39
41
42
40
39
33
32
32
32
127
127
127
127
127
127
127
127
127
127
127
127
127
127
127
127
127
127
127
127
127
127
127
127
127
127
127
127
127
127
127
127
127
127
127
127
127
127
127
127
127
127
127
127
127
127
127
127
127
127
127
127
127
127
127
127
127
127
127
127
127
127
127
127
127
127
127
127
127
127
127
127
103
116
127
127
127
127
127
127
127
127
116
102
76
78
82
95
117
127
127
108
87
73
67
65
50
49
47
46
47
56
49
43
43
43
42
42
41
40
40
37
37
38
32
31
37
39
39
39
40
40
40
40
40
40
37
33
37
40
41
40
42
41
41
40
40
41
40
33
31
37
40
41
41
42
42
40
40
40
41
35
31
33
37
41
41
41
41
40
40
41
42
37
32
32
33
36
41
41
41
40
41
42
42
38
33
32
32
33
40
40
41
39
41
42
41
40
33
32
32
32
