96
92
88
83
80
77
75
75
75
76
78
82
100
96
92
87
83
80
78
78
79
81
83
87
106
103
98
93
89
86
85
84
85
88
91
95
114
110
106
101
97
94
92
92
94
96
100
103
124
120
115
110
106
103
103
102
104
108
113
117
124
127
127
125
121
116
117
120
122
123
123
120
106
113
119
123
126
127
123
120
116
112
106
99
74
78
85
93
104
123
112
94
84
75
69
64
48
48
47
47
45
95
75
41
45
44
43
43
43
42
40
40
35
113
117
38
39
40
40
41
43
43
43
43
42
127
127
70
39
43
43
43
43
43
44
42
51
127
127
120
44
42
44
43
43
43
44
40
64
127
127
127
74
37
43
43
43
43
43
38
80
127
127
127
127
44
41
43
43
43
43
38
98
127
127
127
127
83
40
43
42
43
42
39
110
127
127
127
127
127
42
43
110
106
101
96
92
89
87
86
87
88
90
94
113
110
105
99
96
92
91
90
91
93
96
99
120
116
111
106
102
99
97
96
98
101
104
107
127
123
119
114
110
106
105
105
107
110
113
116
127
127
127
123
119
116
115
114
117
121
126
127
127
127
127
127
127
127
127
127
127
127
127
123
106
115
123
127
127
127
127
127
123
116
106
99
74
77
83
94
108
127
117
97
84
74
68
64
47
47
45
45
47
51
49
43
43
42
42
42
40
39
38
37
37
33
32
37
37
37
38
38
40
40
40
40
40
33
31
39
40
40
40
40
40
40
40
40
40
33
31
35
41
40
40
40
40
41
40
42
40
33
32
32
38
40
40
40
40
40
41
42
39
32
32
32
34
39
40
40
40
40
40
41
37
32
32
32
32
37
40
41
40
41
40
40
35
32
32
32
32
36
40
42
127
127
127
127
127
127
127
127
127
127
127
127
127
127
127
127
127
127
127
127
127
127
127
127
127
127
127
127
127
127
127
127
127
127
127
127
127
127
127
127
127
127
127
127
127
127
127
127
127
127
127
127
127
127
127
127
127
127
127
127
127
127
127
127
127
127
127
127
127
127
127
127
106
120
127
127
127
127
127
127
127
126
110
98
74
75
82
96
119
127
127
103
84
71
67
64
48
47
46
45
47
54
49
43
43
42
42
42
40
40
39
37
37
33
31
37
38
38
39
39
40
40
41
41
40
33
32
39
42
40
41
40
40
40
42
42
40
33
31
35
42
41
42
41
40
42
42
43
40
33
32
32
39
41
42
41
40
41
42
43
39
32
32
32
34
40
41
40
40
40
41
42
37
32
32
32
32
37
41
41
40
41
40
41
36
32
32
32
32
36
41
43
