84
82
82
82
82
84
85
89
93
97
101
103
89
86
85
85
85
87
89
93
97
101
105
108
96
93
92
91
91
93
96
99
103
107
111
115
103
101
99
99
99
101
103
107
111
116
120
123
114
110
109
108
108
110
113
116
120
125
127
127
121
123
123
123
123
122
127
127
127
127
127
126
108
113
117
122
127
127
127
127
123
116
107
99
78
81
88
96
107
127
113
94
84
75
68
64
51
50
49
49
47
82
90
39
43
44
43
43
43
41
41
41
38
58
127
78
33
38
42
41
42
41
43
43
42
45
127
127
71
40
41
43
42
42
43
43
43
39
121
127
127
61
40
43
43
42
43
44
45
40
93
127
127
127
58
37
43
42
44
46
45
41
71
127
127
127
127
64
43
41
43
46
44
42
54
127
127
127
127
122
43
40
43
43
43
41
44
127
127
127
127
127
96
94
94
93
94
96
99
103
106
110
113
118
101
99
98
97
98
100
103
106
110
114
118
122
109
106
104
103
104
106
109
113
116
121
125
127
116
114
112
112
112
114
116
120
124
127
127
127
127
125
121
120
121
123
126
127
127
127
127
127
126
127
127
127
127
127
127
127
127
127
127
127
108
115
123
127
127
127
127
127
127
120
109
99
78
81
87
96
112
127
117
98
83
73
68
64
50
48
47
47
47
53
46
43
42
42
41
41
40
39
38
37
37
37
30
34
38
38
38
38
39
39
40
40
40
38
33
34
39
40
40
40
39
40
40
40
40
40
36
31
33
38
40
40
40
40
41
41
41
41
38
32
32
34
39
41
40
39
40
41
41
40
39
33
32
32
34
39
40
39
40
41
41
40
39
33
32
32
32
34
40
38
40
40
40
40
40
34
32
32
32
32
127
127
127
127
127
127
127
127
127
127
127
127
127
127
127
127
127
127
127
127
127
127
127
127
127
127
127
127
127
127
127
127
127
127
127
127
127
127
127
127
127
127
127
127
127
127
127
127
127
127
127
127
127
127
127
127
127
127
127
127
127
127
127
127
127
127
127
127
127
127
127
127
107
120
127
127
127
127
127
127
127
127
113
99
77
78
85
99
123
127
127
103
83
71
67
64
50
48
47
47
49
55
47
43
43
42
42
42
41
40
40
38
37
37
30
33
39
39
39
39
40
40
40
41
40
39
33
34
39
41
41
40
40
40
41
41
41
41
36
31
33
40
41
41
41
40
41
42
43
42
38
32
32
34
40
42
41
40
41
43
43
42
39
33
32
32
35
40
41
40
40
43
42
42
40
33
32
32
32
35
40
39
40
41
41
41
40
34
32
32
32
32
