85
83
82
82
82
84
86
89
93
96
100
105
89
87
85
85
85
88
90
93
97
101
105
109
96
93
92
91
92
94
96
99
103
108
112
115
103
101
99
99
99
102
104
107
111
116
120
123
113
110
109
108
108
110
113
116
120
125
127
127
122
123
123
123
123
123
127
127
127
127
127
123
110
114
118
123
127
127
127
127
122
114
106
98
78
82
89
97
110
127
108
93
82
73
68
64
51
50
48
49
48
100
70
39
45
43
43
43
43
42
41
40
35
96
126
50
33
41
41
41
43
43
43
42
37
90
127
105
47
39
43
43
43
43
43
43
37
75
127
127
86
40
42
43
45
44
44
44
40
65
127
127
127
73
36
43
44
43
44
45
40
57
127
127
127
127
65
37
43
42
44
46
42
51
127
127
127
127
121
59
43
42
45
45
43
47
127
127
127
127
127
93
96
96
94
94
95
97
98
103
106
111
115
118
101
99
98
98
98
100
103
106
110
115
119
122
108
106
104
104
104
106
110
113
116
121
125
127
116
114
113
112
113
115
117
121
125
127
127
127
127
123
122
121
121
123
126
127
127
127
127
127
127
127
127
127
127
127
127
127
127
127
127
127
110
117
124
127
127
127
127
127
127
118
107
98
78
82
88
99
116
127
114
95
81
71
67
64
49
48
46
46
50
52
45
43
42
42
41
41
40
40
38
37
37
33
30
36
37
37
38
38
40
40
40
40
40
35
31
37
40
40
40
40
40
40
40
40
40
37
32
33
37
41
40
40
41
41
40
40
40
38
32
32
33
39
41
40
40
40
41
41
41
39
32
32
32
34
40
42
40
40
41
41
41
40
32
32
32
32
36
40
40
40
41
42
42
40
33
32
32
32
33
37
127
127
127
127
127
127
127
127
127
127
127
127
127
127
127
127
127
127
127
127
127
127
127
127
127
127
127
127
127
127
127
127
127
127
127
127
127
127
127
127
127
127
127
127
127
127
127
127
127
127
127
127
127
127
127
127
127
127
127
127
127
127
127
127
127
127
127
127
127
127
127
127
110
124
127
127
127
127
127
127
127
127
110
96
77
80
87
103
127
127
126
99
81
70
66
64
50
48
47
46
50
54
47
43
43
42
42
42
41
40
39
37
37
33
30
36
38
38
39
39
40
40
40
40
40
36
31
37
40
41
40
40
41
41
41
41
41
38
32
33
38
42
40
40
42
41
42
42
41
38
32
32
33
39
42
41
41
40
42
43
41
39
32
32
32
34
40
42
41
40
42
43
42
40
33
32
32
32
36
40
41
40
42
43
43
41
33
32
32
32
32
38
