85
83
82
82
82
85
86
90
94
98
102
105
89
87
85
85
85
88
90
94
98
102
106
109
96
93
92
92
92
94
96
100
104
108
112
115
103
101
99
99
99
102
104
108
112
116
120
123
113
110
109
108
109
111
113
116
121
127
127
127
122
123
123
123
123
123
127
127
127
127
127
123
110
115
120
124
127
127
127
127
121
113
104
97
79
83
90
99
114
127
106
92
80
71
68
64
51
50
49
48
53
107
54
43
44
43
43
43
43
41
41
40
41
127
98
35
39
40
41
40
43
42
43
42
46
127
127
66
39
43
43
43
43
43
43
42
50
127
127
121
46
40
43
44
42
41
43
40
54
127
127
127
90
36
42
42
42
43
43
40
59
127
127
127
127
64
39
43
43
44
43
39
64
127
127
127
127
118
52
42
44
45
43
37
68
127
127
127
127
127
73
40
98
95
94
94
95
97
100
102
106
111
115
118
102
99
98
98
99
101
103
106
110
115
119
122
108
106
104
104
105
107
110
113
117
121
125
127
116
114
113
112
113
115
117
121
125
127
127
127
127
123
122
121
122
124
127
127
127
127
127
127
127
127
127
127
127
127
127
127
127
127
127
126
111
118
125
127
127
127
127
127
127
116
105
96
78
83
89
101
119
127
111
92
79
71
66
64
49
48
47
46
50
51
46
43
42
42
41
41
40
39
38
37
37
31
33
37
37
37
39
38
39
39
40
40
39
32
33
38
40
40
40
40
40
40
40
40
40
33
32
34
40
40
40
40
39
39
40
40
40
33
32
32
37
41
40
39
40
40
40
40
40
33
32
32
33
40
41
40
40
41
40
40
40
33
32
32
32
36
40
40
40
41
40
40
39
33
32
32
32
33
39
40
127
127
127
127
127
127
127
127
127
127
127
127
127
127
127
127
127
127
127
127
127
127
127
127
127
127
127
127
127
127
127
127
127
127
127
127
127
127
127
127
127
127
127
127
127
127
127
127
127
127
127
127
127
127
127
127
127
127
127
127
127
127
127
127
127
127
127
127
127
127
127
127
113
127
127
127
127
127
127
127
127
123
106
93
77
81
89
105
127
127
121
96
78
69
65
64
50
47
47
46
51
54
47
43
42
42
42
42
41
40
39
37
37
31
32
37
38
39
40
39
40
40
40
41
40
32
33
39
41
40
41
41
40
40
40
42
41
33
31
35
41
41
40
42
40
40
41
42
40
33
32
32
38
42
41
40
40
40
40
41
41
33
32
32
33
40
42
40
41
42
40
40
41
33
32
32
32
37
41
40
42
43
41
40
40
33
32
32
32
33
39
41
