85
83
82
82
82
85
86
90
94
98
102
105
89
87
85
85
85
88
90
94
98
102
106
109
96
93
92
92
92
94
96
100
104
108
112
115
104
102
99
99
99
102
104
108
112
116
120
123
113
110
109
109
109
111
113
117
121
127
127
127
123
123
123
123
123
123
127
127
127
127
127
121
111
116
120
124
127
127
127
126
120
112
103
96
80
84
91
100
116
127
105
91
79
71
67
64
50
50
49
46
61
106
47
45
44
43
43
43
43
42
41
36
61
127
66
34
41
40
41
41
43
43
43
37
81
127
115
42
42
43
43
43
43
43
43
38
103
127
127
66
40
43
43
43
43
43
43
43
124
127
127
115
40
43
44
43
44
44
42
53
127
127
127
127
68
38
43
43
46
45
40
67
127
127
127
127
115
42
41
43
46
45
39
78
127
127
127
127
127
52
38
42
97
95
95
94
95
97
99
103
107
111
115
118
102
99
99
98
99
101
103
107
111
115
119
122
109
106
105
104
105
107
110
113
117
121
126
127
116
114
113
113
113
115
117
121
125
127
127
127
127
123
122
121
122
124
127
127
127
127
127
127
127
127
127
127
127
127
127
127
127
127
127
124
112
119
127
127
127
127
127
127
126
115
104
95
79
84
91
102
120
127
110
92
78
70
66
64
48
48
47
46
50
51
45
43
42
41
41
41
40
39
38
37
36
31
34
37
38
37
38
38
40
40
40
40
37
30
35
40
40
40
40
40
40
40
40
40
37
32
33
38
40
40
40
41
40
41
40
40
35
32
32
35
40
41
40
40
41
40
41
40
34
32
32
33
39
41
40
40
41
40
41
39
33
32
32
32
35
39
39
40
41
40
40
37
32
32
32
32
33
37
37
39
127
127
127
127
127
127
127
127
127
127
127
127
127
127
127
127
127
127
127
127
127
127
127
127
127
127
127
127
127
127
127
127
127
127
127
127
127
127
127
127
127
127
127
127
127
127
127
127
127
127
127
127
127
127
127
127
127
127
127
127
127
127
127
127
127
127
127
127
127
127
127
127
114
127
127
127
127
127
127
127
127
121
103
92
78
82
90
106
127
127
120
94
76
68
64
63
49
48
47
47
51
54
46
43
42
42
42
42
40
40
39
37
35
30
34
37
38
39
39
39
40
40
40
40
37
30
36
41
42
40
40
40
41
41
41
41
37
31
33
40
42
41
41
41
41
41
42
42
35
32
32
36
41
42
41
41
42
42
42
41
34
32
32
33
39
42
41
41
42
42
42
40
33
32
32
32
35
40
40
40
43
42
41
38
32
32
32
32
33
37
38
40
