96
93
89
85
81
77
76
75
75
76
78
82
101
97
92
88
84
81
79
78
79
81
83
87
108
103
99
94
90
87
85
85
85
88
91
95
115
111
106
102
98
95
93
92
94
96
100
103
125
121
116
110
106
104
103
102
104
107
111
117
124
127
127
126
122
118
116
120
122
123
122
120
105
111
117
121
124
126
125
122
117
113
107
100
73
77
83
91
100
118
119
98
86
76
70
65
48
49
48
48
43
86
85
43
45
44
43
43
43
42
40
40
39
122
108
34
40
40
40
41
43
43
43
39
64
127
127
45
42
43
43
43
43
43
43
39
103
127
127
64
40
43
43
43
44
44
41
54
127
127
127
89
38
44
43
44
45
44
40
90
127
127
127
119
41
43
44
45
44
43
49
127
127
127
127
127
53
40
44
45
43
42
63
127
127
127
127
127
66
40
43
45
110
106
102
97
93
89
88
87
86
88
91
94
114
110
106
101
96
93
92
91
91
93
96
99
121
116
112
107
103
100
98
97
98
100
103
107
127
124
120
115
111
107
106
106
106
109
113
116
127
127
127
123
120
117
116
115
117
120
125
127
127
127
127
127
127
127
127
127
127
127
127
124
105
113
122
127
127
127
127
127
125
117
109
100
74
76
82
91
104
123
123
102
86
75
69
65
47
47
46
45
45
50
50
44
42
42
42
42
40
40
38
37
37
33
33
37
37
37
38
38
39
40
40
40
39
32
33
40
41
40
40
40
40
40
40
40
37
32
33
40
41
40
40
40
41
41
40
40
33
32
32
37
41
41
40
40
41
41
41
38
32
32
32
36
41
40
41
40
41
41
40
35
32
32
32
34
40
40
41
41
41
42
39
33
32
32
32
33
38
40
41
42
127
127
127
127
127
127
127
127
127
127
127
127
127
127
127
127
127
127
127
127
127
127
127
127
127
127
127
127
127
127
127
127
127
127
127
127
127
127
127
127
127
127
127
127
127
127
127
127
127
127
127
127
127
127
127
127
127
127
127
127
127
127
127
127
127
127
127
127
127
127
127
127
103
117
127
127
127
127
127
127
127
127
113
99
73
75
79
92
111
127
127
110
87
73
68
64
47
47
46
46
46
52
53
45
43
43
42
42
40
40
40
38
37
32
33
37
38
38
39
39
40
40
40
41
40
32
33
41
42
40
41
40
40
40
41
42
37
32
33
40
42
41
41
40
42
41
42
40
33
32
32
37
42
42
42
42
42
42
43
39
32
32
32
36
41
41
42
42
42
42
42
35
32
32
32
34
40
41
42
42
41
43
40
33
32
32
32
33
39
41
42
43
