85
83
82
82
82
85
86
90
94
98
102
105
89
87
85
85
85
88
90
94
98
102
106
109
96
93
92
92
92
94
96
100
104
108
112
115
104
102
99
99
99
102
104
108
112
116
120
123
113
110
109
109
109
111
113
117
121
127
127
127
123
123
123
123
123
123
127
127
127
127
127
120
112
116
120
124
127
127
127
125
120
111
102
95
81
85
91
99
115
126
105
90
78
71
66
64
50
50
49
45
68
100
46
46
44
43
43
43
43
42
40
35
84
127
46
38
40
41
41
40
43
43
41
41
120
127
75
38
43
43
43
43
43
43
40
56
127
127
115
40
43
43
43
43
44
42
37
85
127
127
127
54
40
43
43
43
44
42
39
126
127
127
127
86
38
43
44
43
44
40
58
127
127
127
127
124
45
43
45
43
43
37
82
127
127
127
127
127
56
42
45
44
97
95
95
94
95
97
100
102
106
111
115
118
102
99
99
98
99
101
103
106
110
115
119
122
109
106
105
104
105
107
110
113
117
121
126
127
116
114
113
113
113
115
117
121
125
127
127
127
127
123
122
121
122
124
127
127
127
127
127
127
127
127
127
127
127
127
127
127
127
127
127
123
113
120
127
127
127
127
127
127
125
114
103
94
79
83
91
103
120
127
110
91
78
70
65
64
48
47
47
46
50
51
46
43
42
41
41
41
40
38
37
37
34
31
36
37
37
38
38
38
40
39
39
40
34
30
38
40
40
40
40
40
40
40
40
39
33
32
36
40
40
40
40
40
41
40
40
37
32
32
33
39
40
40
40
40
41
39
39
35
32
32
32
37
41
40
41
40
41
39
37
33
32
32
32
35
41
41
41
40
41
40
37
32
32
32
32
33
40
42
42
40
127
127
127
127
127
127
127
127
127
127
127
127
127
127
127
127
127
127
127
127
127
127
127
127
127
127
127
127
127
127
127
127
127
127
127
127
127
127
127
127
127
127
127
127
127
127
127
127
127
127
127
127
127
127
127
127
127
127
127
127
127
127
127
127
127
127
127
127
127
127
127
127
116
127
127
127
127
127
127
127
127
120
103
91
78
82
90
107
127
127
119
93
76
68
64
63
49
48
47
47
50
54
46
43
43
42
42
42
40
39
38
38
33
30
36
37
38
39
40
39
40
40
40
40
34
30
39
41
40
40
41
40
41
40
40
40
33
32
36
42
40
40
41
41
42
40
41
37
32
32
33
40
41
40
40
41
42
40
40
35
32
32
33
38
43
41
42
41
42
40
38
33
32
32
32
35
42
42
43
41
41
40
37
32
32
32
32
33
40
43
43
41
