85
83
82
82
82
85
86
90
94
98
102
105
89
87
85
85
85
88
90
94
98
102
106
109
96
93
92
92
92
94
96
100
104
108
112
115
104
102
99
99
99
102
104
108
112
116
120
123
113
110
109
108
109
111
113
116
121
127
127
127
123
123
123
123
123
123
127
127
127
127
127
120
112
116
120
124
127
127
127
126
120
111
102
95
81
85
92
99
114
126
106
91
78
71
66
63
50
50
50
44
71
97
46
46
44
43
43
42
42
42
41
34
99
127
38
40
40
40
40
41
41
43
40
52
127
127
51
42
43
43
43
43
42
44
38
89
127
127
71
39
43
45
44
43
43
42
45
127
127
127
100
37
43
43
43
43
45
38
85
127
127
127
127
42
42
43
43
42
43
50
127
127
127
127
127
56
40
43
43
42
40
71
127
127
127
127
127
70
40
44
42
42
98
95
94
94
95
97
100
102
106
111
115
118
102
99
98
98
99
101
103
106
110
115
119
122
108
106
104
104
105
107
110
113
117
121
125
127
116
114
113
112
113
115
117
121
125
127
127
127
127
123
122
121
122
124
127
127
127
127
127
127
127
127
127
127
127
127
127
127
127
127
127
123
113
120
127
127
127
127
127
127
125
114
103
94
79
83
91
102
120
127
110
91
78
70
66
64
49
47
47
46
49
52
46
43
42
41
41
41
40
39
38
37
33
32
37
37
37
38
38
38
39
40
40
39
33
31
39
40
40
40
40
40
40
40
40
37
32
32
38
40
40
40
40
40
40
40
40
33
32
32
37
41
39
40
40
40
40
41
38
32
32
32
35
41
39
40
40
40
40
40
35
32
32
32
33
40
40
40
40
40
41
40
33
32
32
32
33
39
41
41
40
39
127
127
127
127
127
127
127
127
127
127
127
127
127
127
127
127
127
127
127
127
127
127
127
127
127
127
127
127
127
127
127
127
127
127
127
127
127
127
127
127
127
127
127
127
127
127
127
127
127
127
127
127
127
127
127
127
127
127
127
127
127
127
127
127
127
127
127
127
127
127
127
127
116
127
127
127
127
127
127
127
127
120
102
91
78
82
90
106
127
127
120
93
76
68
64
63
49
47
47
47
50
54
47
43
42
42
42
42
40
40
38
38
33
31
37
37
38
39
39
39
40
41
40
40
33
31
40
41
41
41
41
40
40
41
41
37
32
32
40
41
41
42
42
40
41
41
40
34
32
32
37
41
40
40
40
40
42
42
38
32
32
32
35
42
40
40
41
40
42
41
35
32
32
32
33
41
42
41
41
40
43
40
33
32
32
32
33
40
42
42
40
40
