85
82
82
82
82
85
86
90
94
98
102
105
89
87
85
85
85
88
90
94
98
102
106
109
96
94
92
92
92
94
96
100
104
108
112
115
104
102
99
99
99
102
104
108
112
116
120
123
113
111
109
108
109
111
113
116
120
127
127
127
123
123
123
123
123
123
127
127
127
127
126
119
112
116
120
123
126
127
127
126
120
111
102
93
81
85
92
98
112
127
109
92
78
71
66
64
50
50
49
41
83
89
47
46
44
43
43
42
43
41
32
64
127
75
37
40
40
40
41
40
42
38
56
125
127
65
39
43
43
43
43
43
41
47
113
127
127
53
40
44
43
43
43
43
43
110
127
127
127
46
42
43
43
43
43
43
104
127
127
127
114
40
43
43
43
43
43
45
127
127
127
127
96
38
43
44
44
43
44
46
127
127
127
127
83
37
44
46
44
44
45
45
97
95
93
94
95
97
100
102
106
111
115
117
102
99
98
98
99
101
103
106
110
115
119
122
109
106
105
104
105
107
110
113
117
121
125
127
116
114
113
113
113
115
117
121
125
127
127
127
127
123
122
121
121
123
126
127
127
127
127
127
127
127
127
127
127
127
127
127
127
127
127
121
113
120
126
127
127
127
127
127
125
113
101
92
79
83
90
101
116
127
113
92
78
70
66
63
48
47
47
47
47
53
47
43
42
41
41
41
40
39
38
36
31
36
37
37
37
38
38
38
40
40
38
34
32
37
40
40
40
40
40
40
40
40
35
31
33
40
40
40
40
40
40
40
40
37
32
31
35
40
40
40
40
40
40
40
36
33
32
32
35
41
40
40
41
41
40
41
33
32
32
32
36
41
40
41
41
41
41
41
32
32
32
32
37
40
41
42
41
41
42
41
127
127
127
127
127
127
127
127
127
127
127
127
127
127
127
127
127
127
127
127
127
127
127
127
127
127
127
127
127
127
127
127
127
127
127
127
127
127
127
127
127
127
127
127
127
127
127
127
127
127
127
127
127
127
127
127
127
127
127
127
127
127
127
127
127
127
127
127
127
127
127
127
116
127
127
127
127
127
127
127
127
119
101
90
78
82
90
105
127
127
124
95
77
68
65
64
49
47
47
47
48
55
48
43
43
42
42
42
40
40
38
35
30
35
37
37
38
39
40
39
40
40
39
34
32
37
40
41
40
41
41
40
41
40
36
31
33
40
41
42
41
40
41
41
41
37
32
31
35
42
41
40
41
41
40
41
37
33
32
32
36
42
41
40
42
42
40
42
33
32
32
32
37
42
41
42
42
42
42
43
32
32
32
32
38
41
42
43
42
42
43
42
