85
82
82
81
82
84
85
89
93
97
101
103
89
86
85
85
85
87
89
92
96
101
105
108
95
92
91
91
91
93
96
99
103
107
111
115
103
101
99
99
99
101
103
107
111
115
119
123
113
110
108
107
108
110
112
116
120
126
127
127
123
123
123
123
122
122
127
127
127
127
127
120
111
115
119
123
125
127
127
127
120
113
103
95
80
83
90
96
108
127
112
93
80
71
67
64
50
50
50
41
73
97
49
46
44
43
43
43
42
41
33
56
127
88
37
40
40
40
40
40
41
37
53
114
127
76
38
43
43
43
43
43
40
45
104
127
127
58
39
43
43
43
44
44
38
102
127
127
127
49
41
43
43
42
42
43
98
127
127
127
121
43
43
43
43
43
42
43
127
127
127
127
101
40
44
45
45
43
43
43
127
127
127
127
86
38
44
45
45
43
44
43
96
94
93
93
94
96
99
102
106
110
114
118
101
99
97
97
97
99
103
106
110
114
118
122
109
106
103
103
103
106
109
112
116
120
125
127
116
114
112
111
112
114
116
120
124
127
127
127
127
123
121
120
120
123
125
127
127
127
127
127
127
127
127
127
127
127
127
127
127
127
127
123
112
118
125
127
127
127
127
127
127
115
103
94
78
83
89
99
113
127
117
95
79
70
65
64
49
47
47
47
47
52
48
43
43
41
41
41
40
38
39
37
31
34
37
37
37
37
38
38
40
39
40
36
32
37
40
40
40
40
40
40
40
40
37
33
33
39
40
40
40
40
40
40
40
37
33
32
34
40
41
40
40
40
40
40
37
33
32
32
35
40
41
41
41
40
39
40
33
32
32
32
37
41
41
42
41
40
40
40
32
32
32
32
37
40
41
41
41
40
41
40
127
127
127
127
127
127
127
127
127
127
127
127
127
127
127
127
127
127
127
127
127
127
127
127
127
127
127
127
127
127
127
127
127
127
127
127
127
127
127
127
127
127
127
127
127
127
127
127
127
127
127
127
127
127
127
127
127
127
127
127
127
127
127
127
127
127
127
127
127
127
127
127
114
127
127
127
127
127
127
127
127
122
103
91
78
81
88
103
123
127
127
99
79
69
64
63
50
47
47
47
47
55
50
43
42
42
42
42
41
40
40
37
30
34
37
37
38
39
39
39
40
40
40
36
32
37
40
41
41
40
41
41
41
40
37
32
33
40
40
40
41
41
42
42
40
37
33
32
34
40
42
41
41
40
40
40
37
33
32
32
36
41
42
42
42
41
40
41
33
32
32
32
37
42
42
42
42
41
40
41
32
32
32
32
38
42
42
42
42
41
42
40
