84
82
80
79
80
82
84
88
92
96
99
103
88
85
84
83
83
85
88
91
95
99
103
107
94
92
90
89
89
92
94
97
101
106
110
113
103
100
98
97
97
99
102
105
110
114
118
121
115
110
108
106
106
108
110
114
118
123
127
127
121
122
122
122
122
122
123
127
127
127
127
127
107
112
116
119
124
127
127
127
126
119
111
102
78
81
85
92
99
115
127
105
89
77
70
66
52
50
50
50
43
75
96
44
45
44
43
43
43
42
42
39
40
119
110
34
40
40
40
41
42
42
43
37
74
127
127
40
43
43
43
43
43
43
41
45
127
127
127
46
43
44
43
43
44
44
37
86
127
127
127
54
40
43
43
43
45
41
54
127
127
127
127
66
38
43
44
43
45
46
99
127
127
127
127
81
37
43
45
43
44
55
127
127
127
127
127
91
36
43
44
43
96
94
92
92
92
94
96
100
104
108
113
117
100
98
96
96
96
98
100
104
108
113
117
121
107
104
103
102
102
104
106
110
114
120
123
127
116
113
111
110
110
111
115
119
123
127
127
127
127
124
121
120
119
121
123
127
127
127
127
127
124
127
127
127
127
127
127
127
127
127
127
127
106
113
120
127
127
127
127
127
127
124
113
102
77
79
84
92
103
120
127
110
90
77
70
66
50
48
47
47
46
49
51
46
43
42
41
41
40
39
39
38
37
31
33
37
37
37
38
38
39
39
40
40
37
31
33
40
40
40
40
40
40
40
40
40
34
32
33
40
41
40
40
40
41
41
41
38
32
32
33
39
40
40
40
40
42
41
40
34
32
32
33
38
41
39
41
41
42
41
37
32
32
32
33
37
40
39
41
41
41
40
34
32
32
32
32
37
39
40
42
40
127
127
127
127
127
127
127
127
127
127
127
127
127
127
127
127
127
127
127
127
127
127
127
127
127
127
127
127
127
127
127
127
127
127
127
127
127
127
127
127
127
127
127
127
127
127
127
127
127
127
127
127
127
127
127
127
127
127
127
127
127
127
127
127
127
127
127
127
127
127
127
127
105
116
127
127
127
127
127
127
127
127
117
101
77
78
82
92
107
127
127
119
92
75
68
65
50
49
47
47
47
50
54
46
42
42
42
42
40
40
40
39
37
31
32
37
37
38
39
40
40
40
40
40
38
31
33
41
41
41
40
41
41
41
41
41
35
31
33
40
42
42
41
40
42
42
42
38
32
32
33
40
40
40
41
41
43
42
41
34
32
32
33
39
41
40
42
42
43
42
37
32
32
32
33
38
40
40
43
42
43
42
34
32
32
32
32
37
40
40
43
41
