84
82
80
79
79
82
85
87
91
96
99
103
88
85
84
83
83
85
88
91
95
99
103
107
94
92
90
89
89
91
93
97
101
106
110
114
103
100
98
97
97
99
101
105
109
114
118
121
116
111
107
106
106
108
110
114
118
123
127
127
120
121
121
121
122
122
123
127
127
127
127
127
106
111
115
118
123
127
127
127
126
120
112
103
77
80
84
91
99
113
127
106
90
78
71
67
52
50
50
49
47
62
106
47
45
44
43
43
43
43
42
40
34
89
127
45
37
40
41
41
42
43
43
40
45
127
127
66
39
43
43
43
43
43
43
38
72
127
127
93
37
43
43
43
44
44
43
40
116
127
127
121
42
43
43
43
44
45
40
61
127
127
127
127
54
40
43
43
45
45
41
103
127
127
127
127
75
39
43
43
46
44
45
127
127
127
127
127
96
39
43
44
96
94
91
92
92
94
96
100
104
109
112
116
100
98
96
96
96
98
100
104
108
113
116
120
107
104
103
102
102
104
106
110
114
119
123
127
116
113
111
110
110
112
114
118
122
127
127
127
127
124
121
120
119
121
123
127
127
127
127
127
124
127
127
127
127
127
127
127
127
127
127
127
106
112
119
125
127
127
127
127
127
126
115
103
77
79
84
91
101
117
127
112
92
78
70
66
50
49
47
47
46
49
51
46
43
41
41
41
40
40
39
37
37
34
31
36
37
37
37
38
39
40
40
39
39
33
31
38
40
40
40
40
40
40
40
40
38
33
32
37
40
40
40
40
41
40
41
40
35
32
32
35
40
40
41
40
41
40
41
39
33
32
32
33
40
40
40
40
41
40
41
36
32
32
32
32
38
40
40
40
41
41
40
34
32
32
32
32
37
40
41
41
127
127
127
127
127
127
127
127
127
127
127
127
127
127
127
127
127
127
127
127
127
127
127
127
127
127
127
127
127
127
127
127
127
127
127
127
127
127
127
127
127
127
127
127
127
127
127
127
127
127
127
127
127
127
127
127
127
127
127
127
127
127
127
127
127
127
127
127
127
127
127
127
103
114
127
127
127
127
127
127
127
127
120
103
76
78
82
89
106
127
127
122
95
76
68
64
50
49
47
47
46
50
54
47
43
42
42
42
40
40
40
38
37
33
30
36
37
38
39
39
40
40
41
40
40
33
30
39
41
40
41
40
41
41
41
41
38
33
32
38
41
41
41
40
42
42
42
40
35
32
31
36
42
42
41
40
42
41
42
39
33
32
32
34
40
41
40
41
42
42
42
37
32
32
32
33
39
41
40
41
43
43
41
34
32
32
32
32
37
41
41
42
