83
82
80
80
80
82
84
88
92
96
100
103
88
85
84
83
83
85
88
92
96
100
104
107
95
92
90
89
89
92
94
98
102
106
110
114
103
100
98
97
97
99
102
106
110
114
118
121
116
111
108
106
106
108
110
114
118
123
127
127
120
122
122
122
122
122
123
127
127
127
127
127
105
110
115
119
123
127
127
127
127
120
113
104
76
79
84
91
99
116
127
104
90
78
71
67
52
51
50
49
49
55
106
53
42
44
43
43
43
43
41
41
40
41
127
96
34
40
41
41
43
43
42
43
43
42
127
127
68
38
43
43
43
43
43
43
43
43
127
127
126
46
41
43
43
42
43
43
44
45
127
127
127
99
37
43
43
41
41
43
43
45
127
127
127
127
75
37
43
42
41
43
43
46
127
127
127
127
127
59
42
43
42
43
43
47
127
127
127
127
127
94
96
93
92
92
92
95
97
100
103
108
113
117
100
98
96
96
96
98
101
104
108
113
117
121
107
105
103
102
102
104
107
110
115
120
123
127
116
113
111
110
110
113
115
119
123
127
127
127
127
124
121
120
120
121
123
127
127
127
127
127
123
127
127
127
127
127
127
127
127
127
127
127
104
111
118
125
127
127
127
127
127
127
115
104
76
79
83
90
102
120
127
110
92
78
70
66
50
49
47
47
46
50
51
45
43
42
41
41
40
40
38
38
37
37
31
32
37
38
37
38
39
40
39
40
40
40
32
33
39
40
40
40
40
40
40
40
40
40
34
32
34
39
40
40
41
40
40
40
41
40
34
32
32
36
40
41
40
38
39
40
40
40
34
32
32
33
38
41
40
39
39
40
40
40
34
32
32
32
35
39
40
40
40
41
40
41
34
32
32
32
33
37
127
127
127
127
127
127
127
127
127
127
127
127
127
127
127
127
127
127
127
127
127
127
127
127
127
127
127
127
127
127
127
127
127
127
127
127
127
127
127
127
127
127
127
127
127
127
127
127
127
127
127
127
127
127
127
127
127
127
127
127
127
127
127
127
127
127
127
127
127
127
127
127
102
113
127
127
127
127
127
127
127
127
122
105
76
78
81
89
106
127
127
119
94
77
69
65
51
50
47
47
47
52
54
46
43
42
42
42
42
41
40
39
37
37
31
32
38
38
39
39
40
40
40
40
41
40
32
33
40
41
40
40
41
41
40
40
41
41
34
32
34
40
41
41
42
40
40
41
42
41
34
32
32
37
40
42
41
39
40
41
41
41
34
32
32
33
39
42
40
40
40
41
41
41
34
32
32
32
35
40
40
41
40
42
42
42
34
32
32
32
33
37
