83
82
80
80
80
82
85
88
92
96
100
103
88
86
84
83
84
85
89
92
96
100
104
107
95
92
90
89
90
92
94
98
102
106
110
114
103
100
99
97
97
99
102
106
110
114
118
122
116
111
108
106
106
109
111
114
118
123
127
127
120
121
122
122
122
122
124
127
127
127
127
127
106
111
116
120
124
127
127
127
127
120
112
103
77
80
85
92
101
117
126
103
89
78
71
67
52
50
50
50
48
58
106
50
43
44
43
43
43
42
43
41
40
43
127
92
34
39
40
41
42
42
43
43
43
42
127
127
68
38
43
43
43
43
43
43
43
43
127
127
127
50
42
43
43
43
43
43
43
42
127
127
127
108
40
42
44
43
44
44
44
41
127
127
127
127
85
37
45
44
44
44
45
41
127
127
127
127
127
68
44
46
44
43
44
42
127
127
127
127
127
115
96
93
92
92
92
95
97
101
105
110
113
117
100
98
96
96
96
99
101
105
109
113
117
121
107
105
103
103
103
105
107
111
115
120
123
127
116
113
111
110
110
113
115
119
123
127
127
127
127
124
121
120
120
122
124
127
127
127
127
127
123
127
127
127
127
127
127
127
127
127
127
127
105
112
119
127
127
127
127
127
127
125
114
103
77
79
84
92
103
123
127
107
90
77
70
65
50
49
47
47
46
52
50
44
43
42
41
41
41
40
39
38
37
37
32
33
37
37
37
38
39
39
40
40
40
39
32
33
39
40
40
40
40
40
40
40
40
40
33
32
35
40
41
41
40
40
40
41
40
40
34
32
32
37
40
40
41
41
41
41
40
41
34
32
32
33
37
40
41
41
42
41
40
41
34
32
32
32
33
39
41
42
42
40
40
42
35
31
32
32
32
37
127
127
127
127
127
127
127
127
127
127
127
127
127
127
127
127
127
127
127
127
127
127
127
127
127
127
127
127
127
127
127
127
127
127
127
127
127
127
127
127
127
127
127
127
127
127
127
127
127
127
127
127
127
127
127
127
127
127
127
127
127
127
127
127
127
127
127
127
127
127
127
127
103
113
127
127
127
127
127
127
127
127
120
103
76
78
82
92
109
127
127
116
92
75
68
64
51
49
47
47
47
53
53
45
43
42
42
42
42
40
40
39
37
37
31
33
37
38
39
39
40
40
40
40
40
40
33
33
39
41
40
41
40
40
41
41
41
40
34
32
35
41
41
42
41
42
41
41
41
41
34
32
31
37
41
41
42
42
42
42
42
42
35
31
31
33
37
41
42
42
43
42
42
42
35
31
32
32
33
39
41
43
42
41
42
43
36
31
32
32
32
37
