85
82
81
80
81
83
85
89
92
96
100
104
89
86
84
84
84
86
89
92
96
100
104
108
95
92
90
90
90
92
95
98
102
106
110
114
103
100
99
98
98
100
103
106
110
115
119
122
116
111
108
107
107
109
111
115
119
123
127
127
120
122
122
122
123
122
124
127
127
127
127
127
106
111
116
119
124
127
127
127
125
118
111
103
76
80
85
92
102
120
123
100
88
76
70
66
52
50
50
49
48
64
104
44
43
44
43
43
43
43
42
40
40
49
127
82
33
40
41
41
43
43
43
42
42
47
127
127
63
38
43
43
43
43
43
43
42
46
127
127
120
46
41
43
44
43
43
43
42
43
127
127
127
99
39
42
45
44
43
43
43
43
127
127
127
127
80
37
45
44
45
43
42
42
127
127
127
127
127
65
44
45
45
43
41
40
127
127
127
127
127
108
96
95
92
92
93
95
97
101
105
109
113
117
100
99
96
96
96
99
101
105
109
113
117
121
107
105
103
103
103
105
107
111
115
120
124
127
116
113
111
110
111
113
116
120
123
127
127
127
127
124
121
120
120
122
124
127
127
127
127
127
124
127
127
127
127
127
127
127
127
127
127
127
106
113
120
127
127
127
127
127
127
123
113
103
77
79
84
93
105
124
127
105
89
76
69
66
50
48
47
47
47
52
50
44
43
42
41
41
40
40
39
37
37
37
31
33
37
37
38
38
40
39
40
39
40
39
32
33
39
40
40
40
40
40
40
40
40
40
33
32
35
40
40
40
40
41
40
40
40
40
33
32
32
37
40
41
41
41
41
40
40
40
34
32
32
33
38
41
40
40
41
40
40
40
34
32
32
32
34
39
40
40
41
40
39
40
34
32
32
32
32
36
127
127
127
127
127
127
127
127
127
127
127
127
127
127
127
127
127
127
127
127
127
127
127
127
127
127
127
127
127
127
127
127
127
127
127
127
127
127
127
127
127
127
127
127
127
127
127
127
127
127
127
127
127
127
127
127
127
127
127
127
127
127
127
127
127
127
127
127
127
127
127
127
103
115
127
127
127
127
127
127
127
127
118
102
76
78
82
93
112
127
127
112
90
74
68
64
50
49
47
47
47
54
50
45
43
42
42
42
41
40
40
38
37
37
30
33
38
38
39
39
40
40
40
40
40
40
32
34
40
41
41
40
41
40
41
40
41
40
33
32
36
40
40
41
42
42
41
41
41
40
34
32
32
37
42
42
42
42
42
40
40
41
34
32
32
33
40
42
42
42
43
40
40
41
34
32
32
32
35
40
41
41
42
41
40
40
35
32
32
32
32
37
