85
82
82
81
82
84
86
89
92
97
101
103
89
86
85
85
85
87
90
92
96
101
105
108
95
92
91
91
91
93
96
99
103
107
111
115
103
101
99
99
99
101
103
107
111
115
119
123
114
110
108
107
107
110
112
116
120
124
127
127
122
123
123
122
123
122
127
127
127
127
127
125
109
113
117
121
127
127
127
127
123
116
107
99
78
81
88
96
106
127
114
96
84
75
68
64
51
50
49
49
46
92
78
40
45
44
43
43
43
42
40
41
35
99
126
43
37
41
41
41
43
43
41
43
38
113
127
88
39
42
43
43
44
43
43
43
40
120
127
127
56
40
43
43
43
43
43
41
41
127
127
127
114
40
42
42
43
42
43
41
43
127
127
127
127
78
37
42
43
42
43
40
49
127
127
127
127
127
55
41
43
41
43
40
54
127
127
127
127
127
85
39
96
94
93
93
94
96
99
102
106
110
114
118
101
99
97
97
97
99
103
106
110
114
118
122
109
106
103
103
103
106
109
112
116
120
124
127
116
113
112
111
112
114
116
120
124
127
127
127
127
123
121
120
120
123
125
127
127
127
127
127
126
127
127
127
127
127
127
127
127
127
127
127
108
116
123
127
127
127
127
127
127
120
109
99
78
81
87
96
110
127
120
99
84
72
68
65
50
48
47
47
47
52
48
43
42
42
41
41
40
39
38
37
37
33
31
36
37
37
38
38
40
39
39
40
40
35
31
37
40
40
40
40
41
40
40
40
41
36
31
33
39
40
40
40
40
40
40
40
40
34
32
32
36
41
41
39
41
40
40
40
40
33
32
32
33
39
41
40
41
40
40
40
40
33
32
32
32
34
40
40
40
39
40
40
40
33
32
32
32
32
38
40
127
127
127
127
127
127
127
127
127
127
127
127
127
127
127
127
127
127
127
127
127
127
127
127
127
127
127
127
127
127
127
127
127
127
127
127
127
127
127
127
127
127
127
127
127
127
127
127
127
127
127
127
127
127
127
127
127
127
127
127
127
127
127
127
127
127
127
127
127
127
127
127
108
121
127
127
127
127
127
127
127
127
111
97
78
79
85
98
121
127
127
104
83
71
67
64
50
49
47
47
48
54
49
43
43
42
42
42
41
40
39
38
37
33
30
37
38
39
40
39
40
40
40
40
41
35
31
38
41
41
41
41
42
40
41
40
42
36
31
33
40
41
40
41
40
41
40
40
40
35
32
32
37
43
41
40
41
41
41
41
40
34
32
32
33
40
41
40
41
40
41
41
40
33
32
32
32
35
40
40
41
39
40
40
40
33
32
32
32
32
38
41
