84
82
82
82
82
84
85
89
93
97
101
103
89
86
85
85
85
87
89
93
97
101
105
108
96
93
91
91
91
93
96
99
103
107
111
115
103
101
99
99
99
101
103
107
111
116
120
123
113
110
108
108
108
110
113
116
120
126
127
127
122
123
123
123
123
123
127
127
127
127
127
123
110
114
119
123
127
127
127
127
122
114
106
98
78
82
89
97
108
127
112
95
82
73
68
64
51
50
48
49
47
105
61
43
45
43
43
42
43
42
40
39
42
127
94
33
40
40
41
41
43
43
43
38
57
127
127
50
40
43
43
43
43
44
43
37
78
127
127
87
39
43
43
43
43
43
42
37
102
127
127
127
49
42
43
44
43
43
41
43
126
127
127
127
85
38
43
43
43
43
40
54
127
127
127
127
127
49
43
43
45
43
39
65
127
127
127
127
127
68
42
43
96
94
94
93
94
96
99
103
106
110
113
118
101
99
98
97
98
100
103
106
110
114
118
122
109
106
104
103
104
106
109
113
116
121
125
127
116
114
112
112
112
114
116
120
124
127
127
127
127
124
121
120
121
123
126
127
127
127
127
127
127
127
127
127
127
127
127
127
127
127
127
127
110
116
123
127
127
127
127
127
127
118
106
97
78
82
88
98
113
127
117
96
82
71
67
64
49
48
46
47
48
51
47
43
42
42
41
41
40
40
37
37
37
31
33
37
37
37
38
38
40
40
39
39
38
31
33
40
40
40
40
40
40
41
40
40
37
32
32
38
40
40
40
40
40
40
40
40
37
32
32
35
40
40
40
41
40
40
40
40
35
32
32
33
37
40
40
40
41
40
40
40
33
32
32
32
34
40
40
40
42
40
40
40
33
32
32
32
32
38
41
40
127
127
127
127
127
127
127
127
127
127
127
127
127
127
127
127
127
127
127
127
127
127
127
127
127
127
127
127
127
127
127
127
127
127
127
127
127
127
127
127
127
127
127
127
127
127
127
127
127
127
127
127
127
127
127
127
127
127
127
127
127
127
127
127
127
127
127
127
127
127
127
127
110
123
127
127
127
127
127
127
127
127
109
95
77
79
86
101
124
127
127
101
82
70
66
64
50
48
47
47
50
54
48
43
43
42
42
42
41
40
38
37
37
31
33
37
37
38
40
40
40
40
40
40
39
31
33
40
40
40
41
41
41
42
41
40
38
33
32
37
41
41
40
41
40
41
41
42
37
32
32
35
42
42
41
42
40
41
40
41
35
32
32
33
39
42
40
41
42
41
40
40
33
32
32
32
34
40
41
41
43
41
41
40
33
32
32
32
32
40
42
40
