85
83
82
82
82
84
86
89
93
96
100
105
89
87
85
85
85
88
90
93
97
101
105
109
96
93
92
92
92
94
96
99
103
108
112
115
104
102
99
99
99
102
104
107
111
116
120
123
114
111
109
108
108
110
113
116
120
125
127
127
123
123
123
123
123
123
127
127
127
127
127
123
110
114
118
122
127
127
127
127
122
114
105
97
79
82
89
96
107
127
113
95
82
72
68
64
51
49
49
47
51
107
55
44
45
43
43
43
43
42
41
33
71
127
53
37
40
40
41
40
43
43
40
43
120
127
71
40
43
43
43
43
43
44
40
71
127
127
93
38
43
43
43
43
43
43
42
126
127
127
116
39
43
43
44
43
43
38
77
127
127
127
127
44
43
44
44
44
41
49
126
127
127
127
127
56
40
45
45
46
38
68
127
127
127
127
127
67
37
45
47
47
98
96
94
94
95
97
99
103
106
111
115
118
102
99
98
98
98
100
103
106
110
115
119
122
108
106
104
104
104
106
109
113
116
121
125
127
116
114
113
112
113
115
117
120
124
127
127
127
127
124
122
121
121
123
126
127
127
127
127
127
127
127
127
127
127
127
127
127
127
127
127
126
110
116
124
127
127
127
127
127
127
118
106
96
78
82
88
98
112
127
119
96
82
71
67
64
49
48
46
47
47
51
48
43
43
42
41
41
40
40
38
37
34
31
36
37
37
37
38
38
40
40
40
39
34
30
37
40
40
40
40
40
40
40
41
39
33
32
37
40
40
40
40
40
40
41
41
35
32
32
35
41
41
41
40
40
40
41
38
33
32
32
33
40
41
41
41
40
40
40
35
32
32
32
33
39
40
41
41
41
40
38
33
32
32
32
33
37
39
41
42
42
127
127
127
127
127
127
127
127
127
127
127
127
127
127
127
127
127
127
127
127
127
127
127
127
127
127
127
127
127
127
127
127
127
127
127
127
127
127
127
127
127
127
127
127
127
127
127
127
127
127
127
127
127
127
127
127
127
127
127
127
127
127
127
127
127
127
127
127
127
127
127
127
111
124
127
127
127
127
127
127
127
126
106
93
77
80
86
100
123
127
127
102
82
69
65
64
50
48
47
47
48
54
50
43
43
42
42
42
41
40
39
37
34
30
36
37
37
39
40
39
40
40
40
40
35
30
38
41
40
40
41
40
42
41
42
38
33
32
38
41
41
40
41
40
41
42
42
35
32
32
36
42
42
42
41
41
40
42
40
33
32
32
34
41
42
42
41
42
40
40
35
32
32
32
33
40
41
42
42
43
40
38
33
32
32
32
33
38
40
43
43
43
