85
82
81
81
81
83
86
89
92
97
101
104
89
86
85
84
85
86
89
92
96
101
105
108
95
92
91
90
91
92
95
99
103
107
111
114
103
101
99
98
98
100
103
106
110
115
119
122
113
110
108
107
107
110
112
116
120
124
127
127
122
123
123
122
123
122
126
127
127
127
127
123
110
113
117
121
126
127
127
127
123
116
106
97
78
82
88
95
104
125
117
96
83
74
68
64
51
50
50
47
47
106
61
45
45
44
43
42
43
43
41
33
69
127
55
37
40
40
41
41
43
43
40
44
121
127
68
40
43
43
43
43
44
44
40
78
127
127
82
39
43
43
43
43
43
40
48
127
127
127
97
38
45
45
44
44
41
40
99
127
127
127
112
38
46
45
44
43
40
65
127
127
127
127
127
40
43
43
43
42
40
102
127
127
127
127
127
42
40
42
43
42
97
95
93
93
93
96
98
102
106
110
114
116
101
99
97
96
97
99
102
106
110
114
118
121
107
105
103
103
103
106
108
112
116
120
124
127
116
113
112
111
111
113
116
120
123
127
127
127
127
123
121
120
120
123
125
127
127
127
127
127
127
127
127
127
127
127
127
127
127
127
127
127
110
116
123
127
127
127
127
127
127
119
106
96
78
82
87
96
110
127
122
99
83
72
67
64
49
49
47
47
47
51
50
43
42
42
41
41
40
40
38
37
35
31
36
37
37
37
38
39
39
40
40
39
35
30
38
41
40
40
40
40
40
41
41
37
33
32
38
41
40
40
40
40
40
41
40
34
32
32
37
41
41
40
41
40
40
40
37
32
32
32
36
40
41
40
40
40
40
39
33
32
32
32
34
39
40
40
40
40
41
37
32
32
32
32
34
39
40
40
40
40
127
127
127
127
127
127
127
127
127
127
127
127
127
127
127
127
127
127
127
127
127
127
127
127
127
127
127
127
127
127
127
127
127
127
127
127
127
127
127
127
127
127
127
127
127
127
127
127
127
127
127
127
127
127
127
127
127
127
127
127
127
127
127
127
127
127
127
127
127
127
127
127
110
122
127
127
127
127
127
127
127
127
110
95
78
79
85
98
119
127
127
105
82
70
66
64
50
49
47
47
47
53
51
43
43
42
42
42
41
40
39
38
34
30
36
37
37
38
40
40
40
40
40
40
35
30
39
42
40
40
41
41
41
42
42
37
33
32
39
42
41
41
41
41
41
41
41
35
32
31
37
43
42
42
42
41
40
41
37
33
32
32
36
41
43
42
41
40
41
39
33
32
32
32
34
40
42
41
41
40
42
37
32
32
32
32
34
40
40
40
41
40
