85
82
81
81
81
83
85
89
92
96
99
104
89
86
85
84
84
86
89
92
96
100
104
108
95
92
91
90
90
92
95
99
103
107
111
114
103
100
99
98
98
100
103
106
110
115
119
122
114
110
108
107
107
110
111
115
119
124
127
127
122
123
123
122
123
122
124
127
127
127
127
124
109
113
117
121
126
127
127
127
123
116
107
99
78
81
87
95
103
123
120
98
85
75
68
64
51
50
49
48
44
102
69
44
45
44
43
43
43
42
41
36
57
127
70
36
40
41
41
41
43
43
40
41
103
127
89
37
43
43
43
43
43
43
38
63
127
127
107
37
43
43
43
43
43
43
37
117
127
127
125
40
43
43
42
42
43
37
72
127
127
127
127
47
42
45
43
43
40
49
123
127
127
127
127
57
40
45
44
43
38
70
127
127
127
127
127
67
38
44
43
42
97
95
93
92
93
96
98
100
104
109
113
117
101
99
97
96
96
99
102
105
109
113
117
121
107
105
103
103
103
105
108
112
116
120
124
127
116
113
111
111
111
113
116
120
123
127
127
127
127
124
121
120
120
122
124
127
127
127
127
127
126
127
127
127
127
127
127
127
127
127
127
127
108
115
122
127
127
127
127
127
127
120
108
98
78
81
86
95
107
127
124
101
85
73
68
65
50
48
47
46
47
50
50
43
42
42
41
41
40
39
38
37
36
30
35
37
37
37
38
38
40
39
39
40
36
30
37
41
40
40
40
40
40
40
40
39
33
32
37
41
40
40
40
40
40
41
39
35
32
32
35
40
41
40
40
40
40
40
37
33
32
32
34
40
40
40
41
40
40
39
35
32
32
32
33
40
40
41
42
40
40
39
33
32
32
32
33
39
40
41
41
40
127
127
127
127
127
127
127
127
127
127
127
127
127
127
127
127
127
127
127
127
127
127
127
127
127
127
127
127
127
127
127
127
127
127
127
127
127
127
127
127
127
127
127
127
127
127
127
127
127
127
127
127
127
127
127
127
127
127
127
127
127
127
127
127
127
127
127
127
127
127
127
127
109
121
127
127
127
127
127
127
127
127
111
96
78
79
84
96
116
127
127
108
85
71
67
64
50
48
47
47
47
53
53
44
43
41
42
42
41
40
39
39
36
30
35
37
37
39
40
39
40
40
40
41
37
30
37
42
40
41
41
40
41
40
40
40
33
32
37
42
40
41
40
41
40
41
40
36
32
32
35
42
42
40
40
40
40
40
38
33
32
32
34
41
41
42
42
40
40
40
36
32
32
32
33
40
41
43
42
40
41
40
33
32
32
32
33
40
41
42
41
40
