83
82
80
80
80
82
84
88
92
96
100
103
88
86
84
83
83
85
88
92
96
100
104
107
95
92
90
89
89
92
94
98
102
106
110
114
103
100
98
97
97
99
102
106
110
114
118
122
115
111
108
106
106
109
111
114
118
123
127
127
120
122
122
122
122
122
124
127
127
127
127
127
106
111
116
120
124
127
127
127
125
119
111
102
77
80
85
92
101
116
126
103
89
77
70
66
52
50
50
50
47
69
102
43
46
44
43
43
43
42
42
41
34
83
127
47
37
40
40
41
41
42
43
43
38
115
127
82
39
43
43
43
42
43
44
42
48
127
127
125
44
42
43
43
42
44
44
38
70
127
127
127
65
38
43
43
43
43
43
38
98
127
127
127
110
38
43
43
44
43
42
45
127
127
127
127
127
57
41
43
46
44
42
54
127
127
127
127
127
84
40
44
96
93
92
92
92
95
97
101
105
110
113
117
100
98
96
96
96
99
101
105
109
113
117
121
107
105
103
102
103
105
107
111
115
120
123
127
116
113
111
110
110
113
115
119
123
127
127
127
127
124
121
120
120
121
123
127
127
127
127
127
124
127
127
127
127
127
127
127
127
127
127
127
106
113
120
127
127
127
127
127
127
124
113
102
77
79
84
92
103
123
127
107
89
77
70
66
50
48
47
47
46
50
50
45
43
42
41
41
40
39
39
38
37
34
31
36
37
37
38
38
39
39
40
40
40
34
31
37
40
40
40
40
40
41
41
40
40
33
31
35
40
40
40
40
39
40
40
40
38
33
32
33
38
40
40
40
40
40
40
40
37
32
32
32
35
40
40
40
41
40
40
40
35
32
32
32
33
40
40
41
42
41
41
40
34
32
32
32
32
37
40
42
127
127
127
127
127
127
127
127
127
127
127
127
127
127
127
127
127
127
127
127
127
127
127
127
127
127
127
127
127
127
127
127
127
127
127
127
127
127
127
127
127
127
127
127
127
127
127
127
127
127
127
127
127
127
127
127
127
127
127
127
127
127
127
127
127
127
127
127
127
127
127
127
104
116
127
127
127
127
127
127
127
127
118
102
76
78
82
92
110
127
127
116
92
75
68
65
50
49
47
47
47
52
53
46
43
42
42
42
41
40
40
39
37
33
30
36
37
38
39
39
39
40
40
41
40
34
30
38
42
41
40
40
40
42
42
42
41
34
31
34
42
41
41
40
40
41
41
41
39
33
32
33
39
40
41
41
40
40
41
41
37
32
32
32
36
41
41
41
42
41
41
41
36
32
32
32
33
40
41
41
43
42
42
41
34
32
32
32
32
38
42
42
