85
83
81
81
82
84
86
89
92
97
101
103
89
86
85
85
85
87
90
92
96
101
105
108
95
92
91
91
91
93
96
99
103
107
111
115
103
101
99
99
99
101
103
107
111
115
119
123
114
110
108
107
107
110
112
116
120
124
127
127
122
123
123
123
122
122
127
127
127
127
127
124
109
113
117
122
127
127
127
127
123
116
106
99
78
82
88
96
106
126
115
96
83
74
68
64
51
50
49
49
46
97
74
42
45
44
43
43
43
42
41
41
36
115
115
37
39
40
41
40
43
42
42
42
43
127
127
68
38
43
43
43
44
43
42
40
53
127
127
116
42
42
43
43
45
43
43
37
67
127
127
127
71
38
44
42
43
42
44
37
83
127
127
127
126
44
43
43
42
42
43
39
102
127
127
127
127
79
40
43
42
43
42
40
116
127
127
127
127
120
40
42
96
94
93
93
94
96
99
102
106
110
114
118
101
99
97
97
97
99
103
106
110
114
118
122
109
106
103
103
103
106
109
112
116
120
125
127
116
113
112
111
112
114
116
120
124
127
127
127
127
123
121
120
120
123
125
127
127
127
127
127
126
127
127
127
127
127
127
127
127
127
127
127
108
116
123
127
127
127
127
127
127
119
109
99
78
81
87
96
110
127
120
98
83
72
68
65
50
48
47
47
47
52
47
43
42
42
41
41
40
40
38
37
37
33
31
36
37
37
38
39
40
40
39
39
40
33
32
38
40
40
40
40
40
40
39
40
40
33
31
35
40
40
40
40
41
41
40
40
38
33
32
33
39
42
41
40
40
40
40
41
37
32
32
32
35
41
41
40
39
40
41
41
35
32
32
32
33
38
40
40
39
40
40
40
35
32
32
32
32
35
40
40
127
127
127
127
127
127
127
127
127
127
127
127
127
127
127
127
127
127
127
127
127
127
127
127
127
127
127
127
127
127
127
127
127
127
127
127
127
127
127
127
127
127
127
127
127
127
127
127
127
127
127
127
127
127
127
127
127
127
127
127
127
127
127
127
127
127
127
127
127
127
127
127
109
121
127
127
127
127
127
127
127
127
110
97
78
79
85
99
121
127
127
103
82
71
67
64
50
48
47
47
48
54
49
43
43
42
42
42
41
40
39
38
37
33
31
36
38
39
39
40
40
40
40
40
41
33
32
39
41
41
40
41
42
41
40
40
40
33
31
35
41
41
40
41
42
41
40
41
39
33
32
33
40
42
42
40
41
40
41
42
38
32
32
32
35
42
42
40
40
40
42
42
37
32
32
32
33
39
41
41
40
41
41
41
35
32
32
32
32
35
40
41
