85
82
82
81
82
84
85
89
93
97
101
103
89
86
85
85
85
87
89
92
96
101
105
108
95
92
91
91
91
93
96
99
103
107
111
115
103
101
99
99
99
101
103
107
111
115
119
123
114
110
108
107
108
110
112
116
120
125
127
127
122
123
123
123
122
122
127
127
127
127
127
123
110
113
118
122
127
127
127
127
123
115
106
98
78
82
89
96
107
127
114
96
83
74
68
64
51
50
49
48
47
101
68
42
45
44
43
43
43
42
42
40
39
127
103
34
40
41
40
41
41
43
43
40
52
127
127
55
40
43
43
43
42
44
44
39
71
127
127
93
39
43
43
43
42
45
45
40
95
127
127
127
50
40
43
43
42
45
43
42
118
127
127
127
90
37
42
43
42
44
41
51
127
127
127
127
127
51
40
43
42
42
40
61
127
127
127
127
127
73
39
44
96
94
93
93
94
96
99
102
106
110
114
118
101
99
97
97
97
99
103
106
110
114
118
122
109
106
103
103
103
106
109
112
116
120
125
127
116
114
112
111
112
114
116
120
124
127
127
127
127
124
121
120
120
123
125
127
127
127
127
127
127
127
127
127
127
127
127
127
127
127
127
127
110
116
123
127
127
127
127
127
127
119
107
98
78
82
88
97
111
127
120
97
82
72
67
64
50
48
47
47
47
52
48
43
42
42
41
41
40
39
38
37
37
32
33
37
37
38
38
38
39
39
40
40
39
31
33
40
40
40
40
40
40
40
40
41
39
33
32
37
40
40
40
40
39
41
41
41
37
32
32
33
38
40
40
40
39
41
41
40
35
32
32
32
37
40
39
40
39
40
41
40
33
32
32
32
34
40
39
40
40
39
40
40
33
32
32
32
32
39
40
40
127
127
127
127
127
127
127
127
127
127
127
127
127
127
127
127
127
127
127
127
127
127
127
127
127
127
127
127
127
127
127
127
127
127
127
127
127
127
127
127
127
127
127
127
127
127
127
127
127
127
127
127
127
127
127
127
127
127
127
127
127
127
127
127
127
127
127
127
127
127
127
127
109
123
127
127
127
127
127
127
127
127
110
96
78
79
85
99
122
127
127
103
82
70
66
64
50
48
47
46
48
54
49
43
43
42
42
42
41
40
40
37
37
31
32
37
38
39
39
39
40
40
41
41
40
31
33
40
41
41
40
40
40
42
41
42
40
33
32
37
41
41
41
41
40
42
43
42
37
32
32
34
39
41
41
41
40
42
43
41
36
32
32
32
37
40
40
40
40
41
42
41
34
32
32
32
35
40
40
40
40
40
41
40
33
32
32
32
32
40
41
41
