85
82
82
81
82
84
85
89
93
97
101
103
89
86
85
85
85
87
89
92
96
101
105
108
95
92
91
91
91
93
96
99
103
107
111
115
103
101
99
99
99
101
103
107
111
115
119
123
113
110
108
107
108
110
112
116
120
125
127
127
122
123
123
123
122
122
127
127
127
127
127
123
110
113
118
122
127
127
127
127
122
114
106
98
78
82
89
96
107
127
113
96
82
73
68
64
51
50
49
48
47
105
61
44
45
43
43
43
43
42
41
38
48
127
82
33
41
40
40
41
43
42
42
38
75
127
123
41
43
43
43
43
43
42
43
40
108
127
127
60
40
43
44
43
42
42
40
50
127
127
127
96
38
43
42
43
43
43
38
73
127
127
127
127
47
42
43
43
44
43
39
109
127
127
127
127
73
40
44
43
44
42
42
127
127
127
127
127
100
38
43
44
96
94
93
93
94
96
99
102
106
110
113
118
101
99
97
97
97
99
103
106
110
114
118
122
109
106
103
103
103
106
109
112
116
121
125
127
116
114
112
111
112
114
116
120
124
127
127
127
127
124
121
120
120
123
125
127
127
127
127
127
127
127
127
127
127
127
127
127
127
127
127
127
110
116
123
127
127
127
127
127
127
118
106
97
78
82
88
97
112
127
119
97
82
71
67
64
49
48
47
47
47
51
48
43
42
42
41
41
40
39
38
37
37
31
33
37
37
37
38
38
40
39
39
40
38
30
33
40
40
40
40
40
40
40
40
40
37
32
33
39
40
40
40
40
40
39
40
40
33
32
32
37
41
41
40
40
40
40
40
39
33
32
32
35
40
41
40
40
41
41
40
36
32
32
32
33
38
40
41
40
42
40
39
33
32
32
32
32
37
40
41
41
127
127
127
127
127
127
127
127
127
127
127
127
127
127
127
127
127
127
127
127
127
127
127
127
127
127
127
127
127
127
127
127
127
127
127
127
127
127
127
127
127
127
127
127
127
127
127
127
127
127
127
127
127
127
127
127
127
127
127
127
127
127
127
127
127
127
127
127
127
127
127
127
110
123
127
127
127
127
127
127
127
127
109
95
77
79
85
100
123
127
127
102
82
70
66
64
50
48
47
47
49
54
50
43
43
42
42
42
41
40
39
38
36
30
33
37
38
39
40
39
40
39
40
41
38
30
33
41
41
40
41
40
40
40
40
42
37
31
33
40
41
40
41
41
40
40
41
41
33
31
32
37
42
42
40
41
41
41
40
40
33
32
31
35
42
42
41
42
43
42
40
36
32
32
31
33
40
41
42
42
43
41
40
33
32
32
32
32
37
40
42
42
