85
83
82
82
82
84
87
89
93
96
100
105
89
87
85
85
85
88
90
93
97
101
105
109
96
93
92
92
92
94
96
99
103
108
112
115
104
102
99
99
99
102
103
107
111
116
120
123
114
111
109
108
108
110
113
116
120
125
127
127
122
123
123
123
123
123
127
127
127
127
127
123
110
113
118
122
127
127
127
127
122
114
106
97
78
82
89
96
106
127
114
96
82
73
68
64
51
50
49
48
47
106
60
45
45
43
43
42
43
42
42
36
59
127
64
36
40
40
40
40
42
42
43
39
102
127
92
37
43
43
43
43
43
43
41
54
127
127
120
39
43
43
44
43
41
43
38
94
127
127
127
49
40
42
43
43
42
41
50
127
127
127
127
68
39
42
43
42
41
40
88
127
127
127
127
94
39
43
43
42
40
42
127
127
127
127
127
113
40
45
43
42
98
96
94
94
94
96
99
103
106
111
115
118
102
99
98
98
98
100
103
106
110
115
119
122
108
106
104
104
104
106
109
113
116
121
125
127
116
114
113
112
112
114
117
120
124
127
127
127
127
124
122
121
121
123
127
127
127
127
127
127
127
127
127
127
127
127
127
127
127
127
127
127
110
116
123
127
127
127
127
127
127
118
106
97
78
82
88
97
111
127
120
97
82
71
67
64
49
48
47
47
47
51
49
43
42
42
41
41
40
39
38
37
35
31
35
37
37
37
38
38
40
39
40
40
36
30
37
40
40
40
40
40
40
40
40
40
34
31
35
40
40
40
40
40
39
40
41
37
32
32
33
40
40
39
40
40
40
41
40
34
32
32
33
40
41
40
40
40
39
41
37
32
32
32
32
37
41
41
40
40
38
40
34
32
32
32
31
36
40
41
41
40
127
127
127
127
127
127
127
127
127
127
127
127
127
127
127
127
127
127
127
127
127
127
127
127
127
127
127
127
127
127
127
127
127
127
127
127
127
127
127
127
127
127
127
127
127
127
127
127
127
127
127
127
127
127
127
127
127
127
127
127
127
127
127
127
127
127
127
127
127
127
127
127
110
123
127
127
127
127
127
127
127
127
108
95
77
79
86
99
121
127
127
103
82
70
66
64
50
48
47
47
48
54
50
43
43
42
42
42
41
40
40
39
35
30
35
37
38
38
39
39
40
40
41
41
36
30
37
41
41
41
42
40
40
40
41
41
34
31
36
41
40
41
42
41
40
42
42
37
32
32
33
40
41
40
41
40
40
42
41
34
32
32
33
40
42
40
41
40
40
42
38
32
32
32
33
38
42
41
41
40
39
41
35
32
32
32
32
37
41
43
42
40
