85
84
82
82
82
85
85
90
94
98
102
105
89
88
86
85
85
88
90
93
97
102
106
109
96
94
92
92
92
94
97
99
103
108
112
115
104
102
100
99
99
102
104
108
112
116
120
123
114
111
109
109
109
110
113
116
120
125
127
127
123
123
123
123
123
123
127
127
127
127
127
123
110
114
118
122
127
127
127
127
122
114
105
97
79
82
89
96
106
126
116
96
82
72
68
64
51
49
49
47
50
106
57
44
45
43
43
43
43
41
42
34
78
127
50
38
40
41
40
40
41
43
40
50
127
127
59
40
43
43
43
43
42
43
39
89
127
127
71
38
43
43
43
43
42
40
55
127
127
127
85
38
43
42
44
43
40
43
110
127
127
127
100
38
43
42
43
42
40
75
127
127
127
127
115
40
44
43
43
40
40
114
127
127
127
127
124
42
45
43
43
40
97
95
95
94
95
97
100
103
106
111
115
117
102
99
99
98
99
101
103
106
110
115
119
122
110
107
105
104
105
107
110
113
116
121
125
127
117
115
113
113
113
115
117
121
125
127
127
127
127
125
122
121
121
123
126
127
127
127
127
127
127
127
127
127
127
127
127
127
127
127
127
126
110
116
124
127
127
127
127
127
127
118
106
96
78
82
88
97
110
127
120
98
82
71
67
64
49
48
47
47
47
51
49
43
42
42
41
41
40
39
38
37
34
31
37
37
37
38
38
38
39
39
40
39
34
30
39
40
40
40
40
40
40
40
40
37
33
32
39
40
40
40
40
40
39
41
40
33
32
32
37
40
40
40
41
40
39
42
37
32
32
32
37
41
40
39
40
39
39
39
33
32
32
32
36
41
40
40
40
38
39
36
32
32
32
32
35
40
41
41
40
38
127
127
127
127
127
127
127
127
127
127
127
127
127
127
127
127
127
127
127
127
127
127
127
127
127
127
127
127
127
127
127
127
127
127
127
127
127
127
127
127
127
127
127
127
127
127
127
127
127
127
127
127
127
127
127
127
127
127
127
127
127
127
127
127
127
127
127
127
127
127
127
127
111
123
127
127
127
127
127
127
127
127
108
94
78
80
86
99
120
127
127
103
81
70
66
64
50
48
47
47
48
54
51
43
43
42
42
42
41
40
40
39
33
30
37
37
38
39
39
39
40
40
41
40
34
30
39
41
41
41
40
40
40
41
42
37
33
32
39
41
41
41
41
41
40
42
41
34
32
32
38
41
41
40
42
41
40
43
37
32
32
32
37
42
41
40
41
40
40
40
33
32
32
32
36
43
42
40
40
39
40
37
32
32
32
32
35
42
43
42
41
39
