85
82
81
81
81
83
85
89
92
96
99
104
89
86
85
84
84
86
89
92
96
100
104
108
95
92
91
90
90
92
95
99
103
107
111
114
103
101
99
98
98
100
103
106
110
115
119
122
114
110
108
107
107
110
112
115
119
124
127
127
122
123
123
122
123
123
126
127
127
127
127
123
110
113
117
121
126
127
127
127
123
116
106
98
78
82
88
95
103
124
119
98
84
74
68
64
51
50
49
47
46
105
64
45
45
44
43
42
43
42
42
34
68
127
58
37
40
40
40
40
41
42
40
47
121
127
68
39
43
43
43
43
42
43
40
83
127
127
78
38
43
44
43
43
42
40
53
127
127
127
91
37
42
42
43
43
40
40
106
127
127
127
103
38
43
42
43
43
40
72
127
127
127
127
116
39
43
43
43
43
41
115
127
127
127
127
123
38
43
43
43
43
97
95
93
92
93
96
98
102
104
109
114
117
101
99
97
96
97
99
102
106
109
113
118
121
107
105
103
103
103
106
108
112
116
120
124
127
116
113
112
111
111
113
116
120
123
127
127
127
127
123
121
120
120
122
124
127
127
127
127
127
127
127
127
127
127
127
127
127
127
127
127
127
109
116
123
127
127
127
127
127
127
120
107
97
78
81
87
96
108
127
124
100
84
73
67
64
50
48
47
47
47
50
50
43
42
42
41
41
40
39
38
38
35
30
36
37
37
37
38
38
39
39
40
39
35
30
37
40
40
40
40
40
40
40
41
37
33
32
37
40
40
41
40
40
40
40
40
34
32
31
37
40
40
40
40
40
39
40
37
32
32
31
37
42
40
40
40
40
40
37
33
32
32
31
36
41
40
40
40
40
40
36
32
32
32
32
35
40
40
40
40
40
127
127
127
127
127
127
127
127
127
127
127
127
127
127
127
127
127
127
127
127
127
127
127
127
127
127
127
127
127
127
127
127
127
127
127
127
127
127
127
127
127
127
127
127
127
127
127
127
127
127
127
127
127
127
127
127
127
127
127
127
127
127
127
127
127
127
127
127
127
127
127
127
109
122
127
127
127
127
127
127
127
127
110
96
78
79
85
97
117
127
127
107
84
71
66
64
50
48
47
47
47
53
53
44
43
42
42
42
40
40
40
39
35
30
35
37
38
39
39
39
40
40
40
40
36
30
37
41
41
42
40
40
40
41
42
38
33
32
38
41
40
42
41
41
40
41
42
34
32
31
38
41
40
40
40
40
40
40
37
32
32
31
38
43
41
40
41
41
40
38
33
32
32
31
37
42
41
40
41
41
41
36
32
32
32
32
35
40
40
41
40
41
