83
81
80
80
80
82
85
88
92
96
100
104
88
85
84
84
84
85
89
92
96
100
104
108
95
92
90
90
90
92
94
98
102
106
110
114
103
100
99
98
98
99
102
106
110
114
118
122
114
110
108
106
106
109
111
115
119
123
127
127
121
122
122
121
122
122
124
127
127
127
127
125
108
113
116
120
125
127
127
127
124
117
109
100
77
81
86
94
102
119
123
102
87
75
68
65
51
50
49
49
43
87
85
43
45
44
43
43
43
43
41
38
42
127
100
33
40
40
40
40
43
43
42
37
75
127
127
39
43
43
43
43
44
43
41
43
122
127
127
49
41
43
43
43
44
43
38
71
127
127
127
67
40
44
43
43
43
41
43
123
127
127
127
88
40
44
43
44
42
40
73
127
127
127
127
110
41
43
43
44
43
39
111
127
127
127
127
127
43
41
43
43
96
93
92
92
92
95
97
101
105
110
113
117
100
98
96
96
96
99
101
105
109
113
117
121
107
105
103
103
103
105
107
111
115
120
123
127
116
113
111
110
110
113
115
119
123
127
127
127
127
124
121
120
120
122
124
127
127
127
127
127
126
127
127
127
127
127
127
127
127
127
127
127
108
113
120
127
127
127
127
127
127
123
110
100
78
80
85
93
105
123
127
105
88
75
68
65
50
48
47
47
47
50
52
45
43
42
41
41
40
40
38
38
37
32
33
36
37
38
38
38
40
40
39
40
38
31
33
40
40
40
40
40
41
40
40
40
35
31
33
40
40
40
40
40
41
40
40
38
32
32
33
39
41
41
40
40
40
40
40
36
32
32
32
38
41
40
40
41
40
40
39
33
32
32
32
37
41
40
40
41
41
40
36
31
32
32
32
35
40
40
40
41
127
127
127
127
127
127
127
127
127
127
127
127
127
127
127
127
127
127
127
127
127
127
127
127
127
127
127
127
127
127
127
127
127
127
127
127
127
127
127
127
127
127
127
127
127
127
127
127
127
127
127
127
127
127
127
127
127
127
127
127
127
127
127
127
127
127
127
127
127
127
127
127
106
118
127
127
127
127
127
127
127
127
114
99
77
79
83
94
112
127
127
113
89
73
67
65
50
49
47
47
47
51
53
45
43
43
42
42
41
40
39
38
37
31
33
37
38
39
39
40
40
40
40
40
39
31
33
40
41
41
40
41
42
42
40
40
36
31
33
40
41
41
40
41
42
41
42
39
32
32
33
40
42
42
41
40
41
40
42
36
32
32
32
39
42
41
41
42
40
40
39
33
32
32
32
37
42
41
41
42
41
41
36
31
32
32
31
36
41
40
40
41
