83
82
80
80
80
82
84
88
92
96
100
103
88
86
84
83
83
85
88
92
96
100
104
107
95
92
90
89
89
92
94
98
102
106
110
114
103
100
98
97
97
99
102
106
110
114
118
122
115
110
108
106
106
109
111
114
118
123
127
127
121
122
122
122
122
122
123
127
127
127
127
127
107
113
116
120
124
127
127
127
125
118
110
102
78
81
85
93
101
117
126
103
88
76
70
66
52
50
49
50
44
76
95
43
45
44
43
43
43
42
41
41
34
108
122
37
40
41
40
41
42
41
43
40
53
127
127
53
40
43
43
43
43
42
44
39
87
127
127
77
38
43
44
43
42
42
43
46
127
127
127
108
37
41
43
43
41
42
39
71
127
127
127
127
47
40
41
42
42
42
41
113
127
127
127
127
68
40
41
42
43
42
50
127
127
127
127
127
88
40
43
43
96
93
92
92
92
95
97
101
105
110
113
117
100
98
96
96
96
99
101
105
109
113
117
121
107
105
103
102
103
105
107
111
115
120
123
127
116
113
111
110
110
113
115
119
123
127
127
127
127
124
121
120
120
122
123
127
127
127
127
127
124
127
127
127
127
127
127
127
127
127
127
127
106
113
120
127
127
127
127
127
127
123
112
101
78
80
84
92
104
123
127
106
89
76
69
65
50
48
47
47
46
50
51
45
43
42
41
41
40
39
39
38
37
33
32
37
37
38
38
38
39
39
40
40
39
33
32
39
40
40
40
40
40
40
41
41
38
32
32
37
40
40
40
40
40
40
41
40
35
32
32
35
40
40
40
40
39
40
40
39
33
32
32
34
40
40
39
40
39
40
40
36
32
32
32
33
39
41
39
40
40
40
40
33
32
32
32
32
38
41
40
40
127
127
127
127
127
127
127
127
127
127
127
127
127
127
127
127
127
127
127
127
127
127
127
127
127
127
127
127
127
127
127
127
127
127
127
127
127
127
127
127
127
127
127
127
127
127
127
127
127
127
127
127
127
127
127
127
127
127
127
127
127
127
127
127
127
127
127
127
127
127
127
127
105
116
127
127
127
127
127
127
127
127
116
100
77
78
82
93
110
127
127
115
91
74
67
64
50
49
47
47
47
51
54
46
43
42
42
42
41
40
40
39
37
32
32
37
37
39
39
40
40
40
40
41
40
33
32
40
41
41
40
41
40
40
42
43
39
32
32
38
41
41
41
41
40
40
43
42
36
32
31
36
40
40
41
41
40
40
41
40
33
32
32
34
40
41
40
40
40
40
41
37
32
32
32
33
40
41
40
40
40
41
42
34
32
32
32
32
38
42
41
41
