83
82
80
80
80
82
84
88
92
96
100
103
88
85
84
83
83
85
88
92
96
100
104
107
95
92
90
89
89
92
94
98
102
106
110
114
103
100
98
97
97
99
102
106
110
114
118
122
116
111
108
106
106
109
110
114
118
123
127
127
120
122
122
122
122
123
123
127
127
127
127
127
106
111
116
119
123
127
127
127
126
119
111
103
77
80
85
92
100
116
127
104
89
77
70
66
52
50
50
49
47
64
105
44
45
44
43
43
43
43
41
41
36
72
127
54
35
41
40
41
43
43
42
43
37
101
127
94
38
43
43
43
43
44
42
42
42
127
127
127
50
40
43
43
44
44
43
40
54
127
127
127
86
37
44
43
43
43
43
39
75
127
127
127
127
47
43
43
43
42
43
40
101
127
127
127
127
80
41
43
43
42
42
41
120
127
127
127
127
118
40
43
96
93
92
92
92
95
97
99
103
110
113
117
100
98
96
96
96
98
101
104
108
113
117
121
107
105
103
102
103
104
107
111
115
120
123
127
116
113
111
110
110
113
115
119
123
127
127
127
127
124
121
120
120
121
123
127
127
127
127
127
124
127
127
127
127
127
127
127
127
127
127
127
106
113
119
127
127
127
127
127
127
124
113
103
77
79
84
92
103
120
127
108
89
76
70
66
50
49
47
47
46
50
51
45
43
41
41
41
40
40
38
37
37
35
30
35
37
37
38
38
39
40
39
39
40
36
30
37
40
40
40
40
40
40
40
40
40
35
31
34
40
40
40
40
41
41
40
40
39
33
32
32
38
41
41
40
40
40
40
40
38
32
32
32
34
40
41
40
40
39
41
41
37
32
32
32
32
38
41
40
40
40
40
40
35
32
32
32
32
36
40
40
127
127
127
127
127
127
127
127
127
127
127
127
127
127
127
127
127
127
127
127
127
127
127
127
127
127
127
127
127
127
127
127
127
127
127
127
127
127
127
127
127
127
127
127
127
127
127
127
127
127
127
127
127
127
127
127
127
127
127
127
127
127
127
127
127
127
127
127
127
127
127
127
103
114
127
127
127
127
127
127
127
127
119
102
76
78
82
91
109
127
127
117
92
75
68
64
50
49
48
47
47
51
53
46
43
42
42
42
41
40
40
38
37
35
30
35
37
39
39
39
40
40
40
40
41
37
30
37
40
41
41
40
41
42
40
40
41
35
31
34
40
41
40
41
42
42
40
41
40
33
32
32
39
42
42
41
41
40
41
42
38
33
32
32
35
42
42
42
40
40
42
42
37
32
32
32
33
39
42
41
41
40
41
41
35
32
32
32
32
36
41
40
