85
83
81
81
82
84
86
89
92
97
101
103
89
86
85
85
85
87
89
92
96
101
105
108
95
92
91
91
91
93
96
99
103
107
111
115
103
101
99
99
99
101
103
107
111
115
119
123
114
110
108
107
107
110
112
116
120
124
127
127
122
123
123
123
122
122
127
127
127
127
127
124
110
113
117
122
127
127
127
127
123
115
106
99
78
82
88
96
106
123
116
96
83
73
68
65
51
50
49
49
46
98
71
43
45
43
43
43
43
42
42
40
37
124
106
35
40
40
40
41
43
42
43
40
50
127
127
56
40
43
43
43
43
43
44
39
70
127
127
95
39
43
44
44
42
43
43
37
93
127
127
127
50
40
42
43
42
44
43
41
118
127
127
127
90
38
42
43
42
44
43
52
127
127
127
127
127
52
41
42
41
43
42
63
127
127
127
127
127
73
40
43
96
94
93
93
94
96
99
102
106
110
114
118
101
99
97
97
97
99
102
106
110
114
118
122
109
106
103
103
103
106
108
112
116
120
125
127
116
113
112
111
112
114
116
120
124
127
127
127
127
123
121
120
120
123
125
127
127
127
127
127
127
127
127
127
127
127
127
127
127
127
127
127
109
116
123
127
127
127
127
127
127
119
108
98
78
81
87
96
110
127
123
98
83
72
68
65
50
48
47
47
47
50
49
43
42
42
41
41
40
39
38
37
37
32
33
37
37
37
38
38
40
39
40
40
40
32
33
39
40
40
40
40
40
40
40
40
39
33
32
37
40
40
40
40
40
40
40
40
37
32
32
33
40
40
39
40
39
41
41
40
36
32
32
32
38
40
39
40
39
41
41
40
34
32
32
32
34
40
40
40
40
40
42
40
33
32
32
32
32
39
41
40
127
127
127
127
127
127
127
127
127
127
127
127
127
127
127
127
127
127
127
127
127
127
127
127
127
127
127
127
127
127
127
127
127
127
127
127
127
127
127
127
127
127
127
127
127
127
127
127
127
127
127
127
127
127
127
127
127
127
127
127
127
127
127
127
127
127
127
127
127
127
127
127
109
122
127
127
127
127
127
127
127
127
110
96
78
79
85
99
120
127
127
103
82
70
66
64
50
48
47
47
47
51
51
43
43
42
42
42
41
40
40
38
37
31
32
37
37
38
39
39
40
40
40
40
40
32
33
40
41
40
41
41
41
40
41
41
39
33
32
37
41
41
42
42
40
41
41
42
37
32
32
34
40
40
40
41
40
42
42
42
36
32
32
32
38
42
40
40
40
41
43
42
34
32
32
32
34
42
40
40
39
40
43
41
33
32
32
32
32
40
42
41
