96
92
88
83
80
77
75
75
75
76
78
82
100
96
92
87
83
80
78
78
79
81
83
87
106
103
98
93
89
86
85
84
85
88
91
95
114
110
106
101
97
94
92
92
94
96
100
104
124
120
115
110
106
103
103
102
104
108
113
118
124
127
127
125
121
116
117
120
122
123
123
120
106
113
119
123
126
127
123
120
116
112
106
99
74
78
85
93
104
123
111
95
84
75
68
64
48
48
47
47
45
97
73
42
45
44
43
43
42
42
40
40
36
117
114
37
39
41
40
41
42
43
43
42
44
127
127
65
39
44
43
43
43
43
43
41
57
127
127
113
41
43
44
43
43
43
43
38
71
127
127
127
66
38
43
43
43
43
43
38
90
127
127
127
119
41
43
45
43
43
43
41
111
127
127
127
127
72
40
46
43
43
42
44
126
127
127
127
127
110
39
46
110
106
101
96
92
89
87
86
87
88
91
94
113
110
105
99
96
92
91
90
91
92
96
99
120
116
111
106
102
99
97
96
98
100
104
107
127
123
119
114
110
106
105
105
107
110
113
116
127
127
127
123
119
116
115
114
117
121
126
127
127
127
127
127
127
127
127
127
127
127
127
123
106
116
123
127
127
127
127
127
123
116
106
99
74
77
83
94
108
127
116
96
84
74
68
64
47
46
45
45
47
51
48
43
43
42
42
42
39
39
37
37
37
33
33
37
37
37
38
38
39
40
39
40
40
33
33
39
40
40
40
40
40
40
40
41
40
33
32
36
40
40
40
40
40
40
40
40
38
33
32
33
38
41
40
40
40
40
41
41
37
32
32
32
36
41
40
41
41
40
41
41
36
32
32
32
33
39
41
42
40
40
41
40
34
32
32
32
32
36
40
41
127
127
127
127
127
127
127
127
127
127
127
127
127
127
127
127
127
127
127
127
127
127
127
127
127
127
127
127
127
127
127
127
127
127
127
127
127
127
127
127
127
127
127
127
127
127
127
127
127
127
127
127
127
127
127
127
127
127
127
127
127
127
127
127
127
127
127
127
127
127
127
127
106
120
127
127
127
127
127
127
127
126
110
97
74
75
82
96
119
127
127
102
84
71
67
64
48
47
46
45
47
53
50
43
43
42
42
42
40
40
38
37
37
32
32
37
37
39
39
39
40
40
40
41
40
33
33
40
41
41
41
40
40
40
41
42
41
33
32
36
41
41
42
41
40
40
41
41
39
33
32
33
39
42
40
41
41
41
41
42
38
32
32
32
36
42
41
42
42
41
41
42
37
32
32
32
33
39
42
43
41
40
42
42
35
32
32
32
32
36
41
43
