85
82
81
80
81
83
85
89
92
96
100
104
89
86
84
84
84
86
89
92
96
100
104
108
95
92
90
90
90
92
95
98
102
106
110
114
103
100
99
98
98
100
103
106
110
115
119
122
114
110
108
107
107
109
111
115
119
123
127
127
122
122
123
123
122
123
125
127
127
127
127
125
109
113
117
120
125
127
127
127
124
116
109
99
78
82
87
93
103
116
120
102
86
75
68
64
51
50
49
49
43
91
77
44
45
44
43
43
43
43
41
37
44
127
92
34
40
41
41
41
43
43
42
37
78
127
121
40
43
43
43
43
43
43
40
44
126
127
127
47
42
43
43
43
44
44
37
73
127
127
127
63
38
43
42
43
45
43
41
123
127
127
127
85
37
43
43
43
45
41
71
127
127
127
127
110
40
43
43
45
44
40
110
127
127
127
127
127
45
43
43
45
96
93
92
92
93
95
97
101
105
109
113
117
100
98
96
96
96
99
101
105
109
113
117
121
107
105
103
103
103
105
107
111
115
120
124
127
116
113
111
110
111
113
116
120
123
127
127
127
127
124
121
120
120
122
124
127
127
127
127
127
126
127
127
127
127
127
127
127
127
127
127
127
108
114
121
127
127
127
127
127
127
121
109
99
78
81
85
94
107
120
123
105
85
74
68
64
50
48
47
47
47
47
49
45
42
42
41
41
40
40
38
37
37
30
33
37
37
37
38
38
40
40
39
40
37
31
34
40
40
40
40
40
40
40
40
40
34
32
34
40
40
40
40
40
40
41
40
37
32
32
33
39
40
40
40
40
41
41
40
34
32
32
32
38
41
41
40
41
41
41
38
33
32
32
32
37
41
41
40
41
41
41
36
32
32
32
32
35
41
40
41
42
127
127
127
127
127
127
127
127
127
127
127
127
127
127
127
127
127
127
127
127
127
127
127
127
127
127
127
127
127
127
127
127
127
127
127
127
127
127
127
127
127
127
127
127
127
127
127
127
127
127
127
127
127
127
127
127
127
127
127
127
127
127
127
127
127
127
127
127
127
127
127
127
106
119
127
127
127
127
127
127
127
127
113
98
77
79
83
95
114
127
127
113
86
72
66
64
50
49
47
47
48
47
50
45
43
42
42
42
41
40
39
38
37
30
33
37
37
39
40
39
40
40
40
40
38
31
35
41
40
41
41
40
41
41
40
40
34
32
34
41
41
40
40
41
42
42
41
38
33
32
33
39
41
41
40
41
42
42
41
35
32
32
32
38
42
42
41
42
42
42
39
33
32
32
32
37
42
42
41
42
42
42
37
32
32
32
31
36
42
41
42
43
