83
81
81
80
80
82
85
88
92
96
100
104
88
85
84
84
84
86
89
92
96
100
104
108
95
92
90
90
90
92
94
98
102
106
110
114
103
100
99
98
98
99
102
106
110
114
118
122
114
110
108
106
106
109
111
115
119
123
127
127
121
122
122
122
121
123
125
127
127
127
127
126
108
113
116
120
124
127
127
127
124
117
110
100
77
81
86
93
103
115
120
103
87
75
69
65
52
50
49
50
44
82
85
43
44
44
43
43
43
41
41
40
37
119
111
35
40
40
40
41
42
41
43
40
61
127
127
47
42
43
43
43
42
43
43
40
99
127
127
66
39
43
43
44
41
43
41
50
127
127
127
94
37
42
42
43
42
43
40
85
127
127
127
124
43
42
42
43
43
41
47
127
127
127
127
127
58
42
43
43
43
40
58
127
127
127
127
127
74
41
43
43
96
93
92
92
92
95
97
101
105
110
113
117
100
98
96
96
96
99
101
105
109
113
117
121
107
105
103
103
103
105
107
111
115
120
124
127
116
113
111
110
110
113
116
119
123
127
127
127
127
124
121
120
120
122
125
127
127
127
127
127
125
127
127
127
127
127
127
127
127
127
127
127
107
114
120
127
127
127
127
127
127
123
110
100
78
80
85
93
106
118
123
107
87
75
68
65
50
48
47
46
47
48
48
46
42
42
41
41
40
39
38
37
37
32
32
37
37
37
38
38
39
39
39
40
39
32
33
40
40
40
40
40
40
40
40
40
37
32
33
39
40
40
41
40
39
40
40
40
33
32
32
37
40
40
40
40
40
40
41
39
32
32
32
35
41
41
40
40
41
40
41
35
32
32
32
33
40
41
40
40
40
40
41
33
32
32
32
33
38
41
41
40
127
127
127
127
127
127
127
127
127
127
127
127
127
127
127
127
127
127
127
127
127
127
127
127
127
127
127
127
127
127
127
127
127
127
127
127
127
127
127
127
127
127
127
127
127
127
127
127
127
127
127
127
127
127
127
127
127
127
127
127
127
127
127
127
127
127
127
127
127
127
127
127
106
118
127
127
127
127
127
127
127
127
115
99
77
79
83
94
113
127
127
115
88
73
67
65
50
49
47
47
47
48
50
47
43
43
42
42
41
40
40
39
37
30
31
37
38
39
39
39
40
40
40
41
40
32
33
40
41
41
41
40
40
40
41
42
37
32
33
39
41
41
42
41
40
40
41
40
34
32
32
37
41
41
40
41
40
40
42
39
32
32
31
35
42
42
40
40
41
40
42
36
32
32
31
33
41
42
40
40
41
40
41
33
32
32
32
33
40
43
41
41
