85
82
81
81
81
83
85
89
92
96
99
104
89
86
85
84
84
86
89
92
96
100
104
108
95
92
91
90
90
92
95
99
103
107
111
114
103
101
99
98
98
100
103
106
110
115
119
122
116
111
108
107
107
109
111
115
119
123
127
127
120
122
122
123
123
123
125
127
127
127
127
127
106
111
116
120
125
127
127
127
125
119
111
103
77
80
85
92
102
113
122
106
89
77
70
66
52
50
49
50
47
63
102
47
44
44
43
43
43
42
41
42
37
61
127
64
33
40
40
40
42
41
42
43
39
75
127
116
44
40
43
43
43
42
43
44
38
89
127
127
75
38
44
44
43
42
43
45
38
106
127
127
127
44
40
43
44
43
42
44
40
120
127
127
127
92
38
43
43
43
42
43
46
127
127
127
127
127
62
40
42
41
42
44
52
127
127
127
127
127
96
39
96
95
93
92
93
96
98
101
104
109
113
117
101
99
97
96
97
99
102
105
109
113
117
121
108
105
103
103
103
105
108
111
116
120
124
127
116
113
112
111
111
113
116
120
123
127
127
127
127
125
121
120
120
122
124
127
127
127
127
127
124
127
127
127
127
127
127
127
127
127
127
127
106
112
120
127
127
127
127
127
127
124
113
103
77
79
84
92
105
116
123
111
89
77
70
66
50
49
47
47
47
48
47
47
43
42
41
41
40
40
38
38
37
35
30
35
37
38
38
38
39
39
39
40
40
37
31
35
40
40
40
40
40
39
40
40
40
37
32
33
38
40
40
40
40
40
40
41
42
37
32
32
35
40
40
40
40
40
40
41
41
36
32
32
33
37
40
40
40
40
38
41
41
34
32
32
32
33
40
40
40
38
38
41
41
33
32
32
32
32
37
40
127
127
127
127
127
127
127
127
127
127
127
127
127
127
127
127
127
127
127
127
127
127
127
127
127
127
127
127
127
127
127
127
127
127
127
127
127
127
127
127
127
127
127
127
127
127
127
127
127
127
127
127
127
127
127
127
127
127
127
127
127
127
127
127
127
127
127
127
127
127
127
127
103
115
127
127
127
127
127
127
127
127
118
102
76
78
82
92
111
127
127
120
90
75
68
64
50
49
47
47
47
49
49
47
43
42
42
42
41
40
39
39
37
34
30
35
37
39
39
39
40
39
40
41
41
38
31
36
41
41
41
40
40
40
41
41
41
38
32
33
38
41
42
41
40
40
41
42
43
37
31
32
35
40
40
41
41
41
40
42
42
37
32
32
33
37
40
41
41
40
39
42
43
35
32
32
32
33
40
41
40
39
39
43
43
34
32
32
32
31
38
41
