83
81
81
80
81
82
85
88
92
96
100
104
88
85
84
84
84
86
89
92
96
100
104
108
95
92
90
90
90
92
95
98
102
106
110
114
103
100
99
98
98
99
103
106
110
114
118
122
115
111
108
107
106
109
111
115
119
123
127
127
120
122
122
122
121
123
125
127
127
127
127
127
106
112
116
119
124
127
127
127
125
118
110
102
78
81
85
92
103
114
122
106
88
76
70
66
52
50
50
49
47
64
101
46
44
44
43
43
43
42
42
41
37
61
127
65
33
40
41
41
42
42
43
43
38
71
127
118
46
40
43
43
43
43
43
43
38
81
127
127
81
39
43
43
45
45
44
44
38
93
127
127
127
51
40
44
44
45
43
43
38
106
127
127
127
105
41
42
44
44
43
42
40
117
127
127
127
127
72
40
44
43
43
42
41
126
127
127
127
127
113
41
96
93
92
92
92
95
97
101
105
110
113
117
100
98
96
96
96
99
101
105
109
113
117
121
107
105
103
103
103
105
107
111
115
120
124
127
116
113
111
110
110
113
116
119
123
127
127
127
127
124
121
120
120
122
124
127
127
127
127
127
124
127
127
127
127
127
127
127
127
127
127
127
106
113
120
127
127
127
127
127
127
123
113
102
77
79
84
93
106
117
123
110
88
76
69
66
50
48
47
47
47
49
47
47
43
42
41
41
40
39
39
38
37
35
30
35
37
37
38
38
39
39
40
40
40
37
31
35
40
40
40
40
40
40
40
40
40
38
32
33
38
40
40
40
41
41
40
41
41
37
31
32
34
40
41
40
40
40
40
40
41
37
32
32
32
37
41
40
41
40
40
40
41
36
32
32
32
33
38
40
42
40
40
40
40
35
32
32
32
32
35
40
127
127
127
127
127
127
127
127
127
127
127
127
127
127
127
127
127
127
127
127
127
127
127
127
127
127
127
127
127
127
127
127
127
127
127
127
127
127
127
127
127
127
127
127
127
127
127
127
127
127
127
127
127
127
127
127
127
127
127
127
127
127
127
127
127
127
127
127
127
127
127
127
103
116
127
127
127
127
127
127
127
127
117
102
76
78
82
93
112
127
127
120
89
74
68
65
50
49
48
47
47
49
49
47
43
42
42
42
40
40
40
38
37
35
30
35
37
39
39
39
40
40
40
40
40
38
31
36
41
41
40
40
41
41
41
41
41
39
32
33
38
41
41
41
42
42
42
42
42
37
31
32
34
40
42
41
42
42
41
41
43
37
32
32
32
37
41
41
42
41
41
41
43
37
32
32
32
33
39
41
43
40
41
41
42
37
32
32
32
32
36
41
