85
82
81
81
81
83
86
89
92
97
101
104
89
86
85
84
85
86
89
92
96
101
105
108
95
92
91
90
91
92
95
99
103
107
111
114
103
101
99
98
98
100
103
106
110
115
119
122
114
110
108
107
107
110
112
116
120
124
127
127
121
122
123
123
122
123
126
127
127
127
127
125
108
113
117
120
126
127
127
127
123
117
108
100
78
82
87
94
104
117
120
103
85
75
68
65
51
50
49
49
47
80
89
43
45
44
43
43
43
43
42
41
35
87
127
48
36
40
41
41
42
43
43
43
37
103
127
94
40
42
43
43
43
43
43
43
37
115
127
127
59
40
43
43
44
43
44
43
40
127
127
127
116
39
43
43
45
44
44
43
45
127
127
127
127
78
39
43
44
43
44
42
53
127
127
127
127
127
54
41
43
43
44
42
59
127
127
127
127
127
80
38
97
95
93
93
93
96
98
102
106
110
114
116
101
99
97
96
97
99
102
106
110
114
118
121
107
105
103
103
103
106
108
112
116
120
124
127
116
113
112
111
111
113
116
120
123
127
127
127
127
124
121
120
120
123
125
127
127
127
127
127
126
127
127
127
127
127
127
127
127
127
127
127
107
114
121
127
127
127
127
127
127
121
110
100
77
80
85
95
108
119
123
106
85
74
68
65
50
48
47
46
47
47
48
47
42
42
41
41
40
40
39
37
37
33
30
36
37
37
38
38
39
40
40
40
40
36
30
37
40
40
40
40
40
40
40
40
40
36
32
33
39
40
40
40
41
41
41
41
40
34
32
32
36
40
41
40
40
40
40
40
40
33
32
32
33
39
41
40
40
40
40
41
40
33
32
32
32
35
40
40
40
40
41
42
40
33
32
32
32
33
38
40
127
127
127
127
127
127
127
127
127
127
127
127
127
127
127
127
127
127
127
127
127
127
127
127
127
127
127
127
127
127
127
127
127
127
127
127
127
127
127
127
127
127
127
127
127
127
127
127
127
127
127
127
127
127
127
127
127
127
127
127
127
127
127
127
127
127
127
127
127
127
127
127
106
119
127
127
127
127
127
127
127
127
113
99
77
79
83
96
116
127
127
115
85
72
67
65
50
49
47
46
48
49
50
47
43
43
42
42
40
40
40
38
37
33
30
36
38
38
39
39
40
40
40
40
40
36
30
37
41
40
41
40
41
41
41
41
41
36
31
33
40
41
41
41
42
42
42
42
41
34
32
32
36
41
42
41
42
42
42
41
41
34
32
32
33
39
42
40
42
41
42
42
41
34
32
32
32
35
40
40
41
40
42
43
40
33
32
32
32
33
38
40
