85
82
81
81
81
83
86
89
92
97
101
104
89
86
85
84
85
87
89
92
96
101
105
108
95
92
91
90
91
93
95
99
103
107
111
114
103
101
99
98
99
100
103
106
110
115
119
122
114
110
108
107
107
110
112
116
120
124
127
127
122
123
123
122
122
123
126
127
127
127
127
125
109
113
117
121
127
127
127
127
123
116
107
99
78
81
87
95
106
117
120
103
84
75
68
64
51
50
49
49
47
87
83
43
45
44
43
43
43
42
41
41
35
101
126
42
37
41
41
41
42
42
42
43
39
121
127
80
38
43
43
43
43
43
43
42
43
127
127
127
48
40
43
43
44
42
43
40
51
127
127
127
92
36
43
43
43
41
41
38
61
127
127
127
127
56
40
43
43
41
41
37
75
127
127
127
127
104
47
42
43
42
43
37
85
127
127
127
127
127
57
40
97
95
93
93
93
96
98
102
106
110
114
116
101
99
97
97
97
99
102
106
110
114
118
121
107
105
103
103
103
106
108
112
116
120
124
127
116
113
112
111
111
113
116
120
123
127
127
127
127
124
121
120
120
123
125
127
127
127
127
127
126
127
127
127
127
127
127
127
127
127
127
127
108
114
123
127
127
127
127
127
127
120
109
99
78
81
86
96
109
119
123
106
84
73
68
64
50
48
47
46
47
48
49
47
42
42
41
41
40
39
38
37
37
33
31
37
37
37
38
38
40
39
39
40
40
34
31
37
40
40
40
40
40
40
40
40
40
34
31
33
40
40
40
40
41
39
40
40
40
33
32
32
37
40
40
40
40
38
38
40
40
33
32
32
33
40
41
40
40
39
39
40
38
33
32
32
32
37
41
40
40
40
40
40
38
32
32
32
32
34
40
40
127
127
127
127
127
127
127
127
127
127
127
127
127
127
127
127
127
127
127
127
127
127
127
127
127
127
127
127
127
127
127
127
127
127
127
127
127
127
127
127
127
127
127
127
127
127
127
127
127
127
127
127
127
127
127
127
127
127
127
127
127
127
127
127
127
127
127
127
127
127
127
127
107
120
127
127
127
127
127
127
127
127
113
98
77
79
84
97
117
127
127
113
83
71
67
64
50
49
47
46
48
48
50
47
43
42
42
42
41
40
39
38
37
32
30
37
38
39
39
39
40
40
40
40
41
35
31
38
41
41
40
40
41
40
40
40
42
35
31
34
40
40
41
41
42
40
40
41
41
33
32
32
37
41
40
41
41
39
39
40
40
33
32
32
33
40
42
40
41
40
40
40
39
33
32
32
32
37
42
40
40
40
41
41
38
32
32
32
32
34
41
41
