85
82
82
81
82
84
86
89
92
97
101
103
89
86
85
85
85
87
90
92
96
101
105
108
95
92
91
91
91
93
96
99
103
107
111
115
103
101
99
99
99
101
103
107
111
115
119
123
113
110
108
107
107
110
112
116
120
125
127
127
122
123
123
123
122
123
126
127
127
127
127
123
110
113
118
122
127
127
127
127
123
115
106
98
78
82
89
96
106
118
120
104
82
73
68
64
51
49
49
48
48
100
66
47
45
43
43
42
43
42
41
38
45
127
87
34
40
40
40
41
42
43
43
38
69
127
127
43
42
43
43
43
44
44
43
39
103
127
127
64
40
44
44
43
43
43
40
47
127
127
127
102
39
43
43
43
44
43
40
68
127
127
127
127
50
40
43
43
44
43
40
101
127
127
127
127
80
39
43
45
44
44
43
127
127
127
127
127
110
39
42
45
96
94
93
93
94
96
99
102
106
110
114
118
101
99
97
97
97
99
103
106
110
114
118
122
109
106
103
103
103
106
109
112
116
120
125
127
116
113
112
111
112
114
116
120
124
127
127
127
127
123
121
120
120
123
125
127
127
127
127
127
127
127
127
127
127
127
127
127
127
127
127
127
110
116
123
127
127
127
127
127
127
119
107
97
78
82
88
97
110
119
123
106
82
72
67
64
49
48
47
47
48
47
50
47
42
42
41
41
40
40
38
37
37
31
34
37
37
37
38
38
39
40
40
40
37
31
33
40
40
40
40
40
40
40
40
41
37
32
33
40
41
40
40
40
40
41
40
40
34
32
32
36
40
40
40
40
41
41
41
39
33
32
32
34
40
40
40
41
41
41
41
37
31
32
32
33
39
40
40
41
41
40
41
35
31
32
32
32
37
40
40
42
127
127
127
127
127
127
127
127
127
127
127
127
127
127
127
127
127
127
127
127
127
127
127
127
127
127
127
127
127
127
127
127
127
127
127
127
127
127
127
127
127
127
127
127
127
127
127
127
127
127
127
127
127
127
127
127
127
127
127
127
127
127
127
127
127
127
127
127
127
127
127
127
110
123
127
127
127
127
127
127
127
127
110
95
78
79
86
100
118
127
127
114
81
70
66
64
50
47
47
47
49
47
51
47
42
42
42
42
41
40
39
37
37
30
33
37
37
38
39
40
40
40
40
41
38
31
34
40
41
41
41
41
41
42
41
42
37
32
33
40
42
42
42
40
41
41
40
40
34
32
32
37
41
41
40
41
42
41
41
40
33
32
32
34
40
40
40
42
42
41
42
37
31
32
32
33
39
40
40
42
42
42
42
35
31
32
32
32
38
41
40
43
