85
83
82
82
82
84
87
89
93
96
100
105
89
87
85
85
85
87
90
93
97
101
105
109
96
93
92
91
92
93
96
99
103
108
112
115
104
102
99
99
99
101
103
107
111
116
120
123
114
111
109
108
108
110
113
116
120
125
127
127
122
123
123
123
122
123
126
127
127
127
127
123
110
113
118
122
126
127
127
127
123
115
106
98
78
82
88
96
106
116
120
112
85
73
68
64
51
50
49
49
48
101
66
50
45
43
43
43
43
42
41
37
54
127
75
35
40
41
40
41
43
42
41
38
90
127
105
37
43
43
43
43
43
43
40
48
127
127
127
43
42
43
43
43
43
43
37
78
127
127
127
59
40
43
42
42
43
42
42
126
127
127
127
82
38
43
43
43
43
40
71
127
127
127
127
111
40
43
43
43
42
38
104
127
127
127
127
127
45
41
42
43
98
96
94
94
94
96
99
103
106
110
113
118
102
99
98
98
98
100
103
106
110
114
118
122
108
106
104
104
104
106
109
113
116
121
125
127
116
114
113
112
112
114
116
120
124
127
127
127
127
124
122
121
121
123
125
127
127
127
127
127
127
127
127
127
127
127
127
127
127
127
127
127
110
116
123
127
127
127
127
127
127
119
107
97
78
82
86
96
110
116
123
116
85
72
67
64
49
48
47
47
49
47
50
49
42
42
41
41
40
39
38
37
36
30
35
37
37
38
38
38
40
39
39
40
37
30
35
40
40
40
40
40
40
40
40
40
35
31
34
40
40
40
40
40
40
40
40
37
32
32
33
39
41
40
40
40
40
40
40
34
32
32
32
38
41
40
40
40
40
40
39
33
32
32
32
37
41
40
40
40
39
40
37
32
32
32
32
35
40
40
40
40
127
127
127
127
127
127
127
127
127
127
127
127
127
127
127
127
127
127
127
127
127
127
127
127
127
127
127
127
127
127
127
127
127
127
127
127
127
127
127
127
127
127
127
127
127
127
127
127
127
127
127
127
127
127
127
127
127
127
127
127
127
127
127
127
127
127
127
127
127
127
127
127
110
122
127
127
127
127
127
127
127
127
110
96
78
79
85
99
116
127
127
124
85
70
66
64
50
48
47
47
49
47
50
50
43
42
42
42
41
40
38
39
37
30
34
37
38
39
39
39
40
40
40
41
37
30
36
40
41
41
41
40
41
40
40
41
34
31
35
41
40
40
41
41
40
40
40
37
32
32
33
40
43
41
40
40
40
41
40
34
32
32
32
38
43
41
40
41
40
41
39
33
32
32
32
37
42
41
41
41
40
41
36
32
32
32
32
35
41
41
40
40
