85
82
81
81
81
83
85
89
92
96
99
104
89
86
85
84
84
86
89
92
96
100
104
108
95
92
91
90
90
92
95
99
103
107
111
114
103
101
99
98
98
100
103
106
110
115
119
122
114
110
108
107
107
110
112
115
119
124
127
127
122
123
123
122
121
123
125
127
127
127
127
124
109
113
117
121
125
127
127
127
126
116
106
99
78
81
88
96
104
115
118
118
91
74
68
64
51
50
49
50
47
98
70
51
47
44
43
43
43
42
41
37
50
127
80
35
40
41
40
41
43
42
41
38
89
127
108
37
43
43
43
43
43
43
40
49
127
127
127
43
42
43
43
43
43
43
37
82
127
127
127
56
39
43
42
43
42
41
45
127
127
127
127
76
37
43
42
43
42
40
79
127
127
127
127
102
39
43
43
43
41
38
117
127
127
127
127
120
42
42
43
43
97
95
93
92
93
96
98
102
106
110
114
116
101
99
97
96
97
99
102
106
110
114
118
121
107
105
103
103
103
106
108
112
116
120
124
127
116
113
112
111
111
113
116
120
123
127
127
127
127
124
121
120
120
123
125
127
127
127
127
127
126
127
127
127
127
127
127
127
127
127
127
127
108
115
123
127
127
127
127
127
127
120
108
98
78
81
86
96
108
115
121
123
92
72
68
65
50
48
47
47
49
47
50
51
43
42
41
41
40
39
38
37
37
30
34
37
37
38
38
38
40
39
39
40
37
30
35
40
40
40
40
40
40
40
40
40
34
31
35
40
40
40
40
40
40
40
40
37
32
32
33
40
41
40
40
40
39
40
40
34
32
32
32
38
40
40
40
40
39
40
37
33
32
32
32
37
41
40
40
40
39
39
34
32
32
32
31
36
42
40
41
41
127
127
127
127
127
127
127
127
127
127
127
127
127
127
127
127
127
127
127
127
127
127
127
127
127
127
127
127
127
127
127
127
127
127
127
127
127
127
127
127
127
127
127
127
127
127
127
127
127
127
127
127
127
127
127
127
127
127
127
127
127
127
127
127
127
127
127
127
127
127
127
127
109
121
127
127
127
127
127
127
127
127
111
96
78
79
85
98
113
123
127
127
94
70
67
64
50
48
47
47
49
47
50
52
44
42
42
42
41
40
39
39
37
30
34
37
38
39
39
39
40
40
40
41
37
30
36
40
41
41
40
40
41
41
40
41
34
31
35
41
40
40
41
41
40
41
40
38
32
32
33
40
41
41
40
41
40
41
41
35
32
32
33
39
41
40
40
41
40
40
38
33
32
32
31
37
42
40
40
41
40
39
35
32
32
32
31
36
43
41
41
42
