85
82
81
80
81
82
85
88
92
96
100
104
89
86
84
84
84
86
89
92
96
100
104
108
95
92
90
90
90
92
95
98
102
106
110
114
103
100
99
98
98
99
103
106
110
114
118
122
115
110
108
107
106
109
111
115
119
123
127
127
121
122
122
122
121
123
125
127
127
127
127
126
107
113
116
120
124
126
127
127
127
118
109
100
77
81
86
96
103
111
117
119
111
76
69
65
52
50
49
50
47
79
89
50
51
43
43
43
43
42
41
41
36
109
121
37
39
40
41
41
43
42
42
40
49
127
127
56
38
43
43
43
43
43
42
39
77
127
127
89
37
43
43
43
43
43
41
39
113
127
127
127
43
41
43
43
42
43
40
53
127
127
127
127
61
40
43
43
41
43
40
82
127
127
127
127
96
40
43
42
42
42
40
110
127
127
127
127
127
40
42
43
96
93
92
92
92
95
97
101
105
110
113
117
100
98
96
96
96
99
101
105
109
113
117
121
107
105
103
103
103
105
107
111
115
120
124
127
116
113
111
110
110
113
116
119
123
127
127
127
127
124
121
120
120
122
124
127
127
127
127
127
125
127
127
127
127
127
127
127
127
127
127
127
107
113
121
127
127
127
127
127
127
123
110
100
78
80
85
96
105
113
119
124
115
76
68
65
50
48
47
48
49
49
49
52
49
41
41
41
40
39
38
38
38
33
32
37
37
37
38
38
40
39
39
40
40
33
32
38
40
40
40
40
40
40
40
41
39
33
32
37
40
40
40
40
40
40
40
40
36
32
32
35
40
40
40
40
40
40
40
40
34
32
32
33
39
40
40
40
39
40
41
38
33
32
32
31
37
40
40
40
39
40
41
37
32
32
32
31
35
40
40
40
127
127
127
127
127
127
127
127
127
127
127
127
127
127
127
127
127
127
127
127
127
127
127
127
127
127
127
127
127
127
127
127
127
127
127
127
127
127
127
127
127
127
127
127
127
127
127
127
127
127
127
127
127
127
127
127
127
127
127
127
127
127
127
127
127
127
127
127
127
127
127
127
106
117
127
127
127
127
127
127
127
127
115
99
77
78
82
96
110
120
127
127
122
74
66
65
50
49
47
48
50
49
49
53
49
42
42
42
41
40
39
39
38
33
31
37
37
39
40
39
40
40
40
40
40
33
32
39
40
41
41
40
41
41
40
41
40
32
32
38
41
41
40
41
40
41
40
41
37
31
32
36
41
41
40
41
40
41
41
40
33
31
32
33
39
41
40
40
39
41
41
38
32
31
32
31
37
41
40
40
40
40
42
37
31
32
32
31
36
41
40
40
