84
83
81
81
81
83
86
89
92
97
101
104
89
87
85
84
85
86
89
92
96
101
105
108
96
93
91
90
91
92
95
99
103
107
111
114
103
101
99
98
98
100
103
106
110
115
119
122
115
111
109
107
107
110
112
115
119
123
127
127
121
123
122
122
122
123
126
127
127
127
127
127
107
113
116
120
124
127
127
127
127
127
110
102
77
82
88
96
103
110
117
117
120
94
68
66
52
51
50
51
50
69
97
50
54
47
43
43
43
42
41
42
36
83
127
49
37
40
41
41
42
42
42
43
37
112
127
85
37
43
43
43
43
43
42
43
44
127
127
127
46
40
43
43
43
43
42
40
59
127
127
127
79
37
42
43
43
43
43
38
80
127
127
127
127
44
41
42
43
43
43
40
105
127
127
127
127
78
40
42
43
44
42
42
123
127
127
127
127
116
40
41
96
94
93
93
93
96
98
102
106
110
114
116
101
99
97
97
97
99
102
106
110
114
118
121
108
106
103
103
103
106
108
112
116
120
124
127
116
114
112
111
111
113
116
120
123
127
127
127
127
125
121
120
120
123
124
127
127
127
127
127
125
127
127
127
127
127
127
127
127
127
127
127
106
113
120
127
127
127
127
127
127
127
112
101
77
80
86
96
104
111
117
121
124
95
68
65
50
48
48
49
50
50
49
51
52
44
40
41
40
39
39
39
38
34
31
37
37
37
37
38
40
39
39
40
40
34
30
37
40
40
40
40
40
40
40
40
41
34
31
34
40
40
40
40
40
40
40
40
39
33
32
32
38
40
40
40
40
40
40
41
38
32
32
32
34
40
40
40
40
40
40
41
37
32
32
32
32
38
40
40
40
41
40
40
35
32
32
32
32
36
40
39
127
127
127
127
127
127
127
127
127
127
127
127
127
127
127
127
127
127
127
127
127
127
127
127
127
127
127
127
127
127
127
127
127
127
127
127
127
127
127
127
127
127
127
127
127
127
127
127
127
127
127
127
127
127
127
127
127
127
127
127
127
127
127
127
127
127
127
127
127
127
127
127
105
116
127
127
127
127
127
127
127
127
116
100
77
79
84
94
106
117
125
127
127
99
65
65
50
50
49
50
50
49
48
52
52
46
41
42
41
40
40
40
39
34
30
36
37
37
39
39
40
40
39
40
40
35
30
37
40
40
41
40
41
41
40
42
42
35
31
34
40
41
41
41
40
40
40
40
40
33
32
32
39
41
40
41
40
40
40
43
40
33
32
32
35
41
41
40
40
41
41
43
37
31
32
32
33
39
41
40
40
42
41
41
36
31
32
32
32
36
41
40
