85
82
81
81
81
83
85
89
92
96
99
104
89
86
85
84
84
86
89
92
96
100
104
108
95
92
91
90
90
92
95
99
103
107
111
114
103
101
99
98
98
100
103
106
110
115
119
122
115
111
108
107
107
110
111
115
119
123
127
127
120
123
122
122
122
123
126
127
127
127
127
127
108
113
117
120
124
127
127
127
127
127
113
102
78
82
89
96
103
109
116
117
120
109
72
65
52
52
52
52
50
67
99
51
54
51
43
43
43
43
43
41
37
75
127
54
36
40
41
40
43
42
43
42
36
98
127
96
38
41
43
43
43
43
43
43
38
117
127
127
56
40
43
43
43
44
43
42
43
127
127
127
104
37
43
44
44
45
44
40
54
127
127
127
127
62
40
45
44
45
44
39
71
127
127
127
127
110
44
43
43
44
44
39
85
127
127
127
127
127
54
40
96
94
93
92
93
96
98
102
106
110
114
116
101
99
97
96
97
99
102
106
110
114
118
121
108
106
103
103
103
106
108
112
116
120
124
127
116
113
112
111
111
113
116
120
123
127
127
127
127
125
121
120
120
122
124
127
127
127
127
127
125
127
127
127
127
127
127
127
127
127
127
127
107
113
120
127
127
127
127
127
127
127
116
102
78
82
88
95
103
111
116
120
123
112
71
65
50
50
50
50
50
49
48
51
52
48
41
41
40
40
40
39
38
36
31
37
37
37
37
38
40
39
40
39
40
36
30
36
40
39
40
40
40
40
40
40
40
35
31
34
40
40
40
40
40
41
40
40
40
33
32
32
37
41
40
41
41
41
40
41
39
33
32
32
33
40
41
41
41
41
40
42
37
33
32
32
32
37
40
40
40
40
40
42
37
32
32
32
32
33
39
40
127
127
127
127
127
127
127
127
127
127
127
127
127
127
127
127
127
127
127
127
127
127
127
127
127
127
127
127
127
127
127
127
127
127
127
127
127
127
127
127
127
127
127
127
127
127
127
127
127
127
127
127
127
127
127
127
127
127
127
127
127
127
127
127
127
127
127
127
127
127
127
127
105
116
127
127
127
127
127
127
127
127
123
102
78
81
86
94
105
116
123
127
127
119
70
64
51
50
50
50
50
50
47
52
53
49
41
42
41
40
40
39
39
36
30
37
37
37
39
39
40
40
40
40
40
37
30
37
40
40
41
40
41
41
41
40
41
36
31
34
41
41
40
40
42
42
41
41
40
34
32
32
37
42
41
42
42
42
42
42
40
33
32
32
33
41
42
42
42
42
42
42
38
32
32
32
32
37
41
41
41
42
41
43
38
32
32
32
32
33
40
40
