85
82
81
80
81
83
85
89
92
96
99
104
89
86
84
84
84
86
89
92
96
100
104
108
95
92
90
90
90
92
95
99
102
107
111
114
103
100
99
98
98
100
103
106
110
115
119
122
115
111
108
107
107
109
111
115
119
123
127
127
121
122
122
122
122
123
126
127
127
127
127
127
109
113
117
120
124
126
127
127
127
127
122
103
81
85
89
96
103
108
115
117
120
119
85
65
54
54
53
53
51
68
98
52
55
54
45
43
43
43
43
42
37
77
127
54
36
40
40
40
40
43
43
43
37
97
127
96
39
41
43
43
42
44
43
43
38
113
127
127
60
40
44
43
43
43
43
43
40
127
127
127
113
39
44
44
44
44
43
42
48
127
127
127
127
71
37
43
44
44
43
40
59
127
127
127
127
121
49
41
43
44
44
40
68
127
127
127
127
127
71
40
96
93
92
92
93
96
98
101
104
109
113
117
100
98
96
96
96
99
102
105
109
113
117
121
107
105
103
103
103
105
108
111
116
120
124
127
116
113
111
111
111
113
116
120
123
127
127
127
127
124
121
120
120
122
124
127
127
127
127
127
125
127
127
127
127
127
127
127
127
127
127
127
108
114
121
127
127
127
127
127
127
127
127
104
80
83
89
96
103
110
116
120
123
122
85
64
52
52
50
50
50
50
48
51
52
51
43
41
40
40
40
40
38
35
31
37
37
37
37
38
38
40
40
40
40
35
30
36
40
40
40
40
40
40
40
40
41
36
32
33
40
41
40
40
41
40
40
40
40
34
32
32
36
40
40
40
41
41
41
41
40
33
32
32
33
38
40
40
41
41
41
41
40
33
32
32
32
35
40
40
40
42
41
41
39
32
32
32
32
33
40
42
127
127
127
127
127
127
127
127
127
127
127
127
127
127
127
127
127
127
127
127
127
127
127
127
127
127
127
127
127
127
127
127
127
127
127
127
127
127
127
127
127
127
127
127
127
127
127
127
127
127
127
127
127
127
127
127
127
127
127
127
127
127
127
127
127
127
127
127
127
127
127
127
106
116
127
127
127
127
127
127
127
127
127
104
81
83
87
94
103
113
123
127
127
127
87
62
53
52
51
51
51
50
49
52
52
50
43
40
41
41
40
40
39
36
30
37
37
37
38
39
39
40
40
40
40
36
30
37
40
40
41
40
40
42
41
41
42
36
31
34
40
42
41
41
42
41
41
41
40
34
32
32
36
41
42
41
42
41
42
42
41
33
32
32
33
38
41
40
42
42
42
42
41
33
32
32
32
35
40
41
41
43
42
43
40
33
32
32
32
33
40
43
