85
82
81
81
81
83
86
89
92
97
101
104
89
86
85
84
85
87
89
92
96
101
105
108
95
92
91
90
91
93
95
99
103
107
111
114
103
101
99
98
98
100
103
106
110
115
119
122
116
112
108
107
107
110
112
116
120
123
127
127
121
123
122
122
122
124
126
127
127
127
127
127
110
114
118
121
123
127
127
127
127
127
127
115
84
87
91
97
103
107
114
117
119
121
113
76
57
56
54
54
53
58
99
61
54
55
51
43
44
44
43
42
37
79
127
52
37
40
40
40
42
42
43
42
37
114
127
81
37
42
43
43
44
43
43
43
45
127
127
127
46
42
43
43
43
43
43
39
60
127
127
127
78
40
46
43
43
43
43
38
78
127
127
127
127
46
42
43
43
43
43
39
99
127
127
127
127
82
40
42
44
43
44
40
113
127
127
127
127
124
41
41
97
95
93
93
93
96
98
102
106
110
114
116
101
99
97
97
97
99
102
106
110
114
118
121
107
105
103
103
103
106
108
112
116
120
124
127
116
113
112
111
111
113
116
120
123
127
127
127
127
125
121
120
120
123
125
127
127
127
127
127
124
127
127
127
127
127
127
127
127
127
127
127
109
115
120
126
127
127
127
127
127
127
127
119
84
87
91
96
103
109
114
118
121
123
116
76
56
54
53
52
52
51
49
51
51
52
49
40
42
40
40
39
39
36
31
37
37
37
37
37
38
39
39
39
39
34
30
37
39
39
40
40
40
40
40
41
40
34
31
34
40
40
40
40
40
40
40
40
39
33
32
32
39
41
41
40
40
41
40
41
39
32
32
32
34
40
40
40
40
41
40
41
37
32
32
32
32
37
40
40
41
41
40
41
36
31
32
32
32
34
40
40
127
127
127
127
127
127
127
127
127
127
127
127
127
127
127
127
127
127
127
127
127
127
127
127
127
127
127
127
127
127
127
127
127
127
127
127
127
127
127
127
127
127
127
127
127
127
127
127
127
127
127
127
127
127
127
127
127
127
127
127
127
127
127
127
127
127
127
127
127
127
127
127
106
115
127
127
127
127
127
127
127
127
127
126
83
85
89
94
102
111
120
127
127
127
123
75
55
55
53
53
53
51
49
52
52
53
50
41
42
43
41
40
40
36
31
37
37
37
37
38
40
40
40
40
40
35
31
37
40
40
40
41
41
41
41
42
40
34
31
34
42
41
41
41
41
41
40
41
39
33
32
32
40
43
42
41
41
41
41
42
38
32
32
32
35
40
41
40
41
41
41
43
37
32
32
32
32
37
40
40
42
41
42
42
37
32
32
32
32
35
40
40
