85
82
81
81
81
83
86
89
92
97
101
104
89
86
85
84
85
87
89
92
96
101
105
108
95
92
91
90
91
93
95
99
103
107
111
114
103
101
99
98
99
100
103
106
110
115
119
122
117
112
109
107
107
110
112
116
120
123
127
127
121
122
122
122
122
124
127
127
127
127
127
127
110
115
118
120
123
127
127
127
127
127
127
126
85
88
92
97
103
106
113
117
119
120
120
90
57
57
55
55
54
54
96
69
54
55
54
46
45
44
43
43
38
66
127
64
36
41
40
40
43
41
41
43
37
101
127
92
37
42
43
43
44
43
43
43
43
127
127
127
48
41
43
43
43
42
43
39
56
127
127
127
81
38
44
42
43
43
42
37
76
127
127
127
127
45
43
43
43
42
42
39
101
127
127
127
127
78
41
43
43
41
43
41
120
127
127
127
127
118
40
42
97
95
93
93
93
96
98
102
106
110
114
116
101
99
97
97
97
99
102
106
110
114
118
121
107
105
103
103
103
106
108
112
116
120
124
127
116
113
112
111
111
113
116
120
123
127
127
127
127
124
122
121
120
123
126
127
127
127
127
127
124
127
127
127
127
127
127
127
127
127
127
127
109
114
120
125
127
127
127
127
127
127
127
127
85
88
91
96
102
108
113
118
120
122
123
91
57
55
54
53
53
52
49
51
51
51
50
43
42
41
40
40
40
37
31
37
37
37
37
37
39
38
38
38
40
36
30
36
40
39
40
40
41
40
40
40
40
35
31
34
40
40
40
40
40
40
40
40
38
33
32
32
38
41
40
40
40
40
40
40
37
33
32
32
34
40
41
40
40
40
40
41
36
32
32
32
32
38
41
40
40
38
41
41
35
32
32
32
32
37
40
40
127
127
127
127
127
127
127
127
127
127
127
127
127
127
127
127
127
127
127
127
127
127
127
127
127
127
127
127
127
127
127
127
127
127
127
127
127
127
127
127
127
127
127
127
127
127
127
127
127
127
127
127
127
127
127
127
127
127
127
127
127
127
127
127
127
127
127
127
127
127
127
127
106
114
125
127
127
127
127
127
127
127
127
127
85
87
89
94
101
110
119
125
127
127
127
93
57
56
54
54
53
52
50
51
52
52
50
43
43
42
40
40
40
37
31
37
37
37
37
37
40
39
39
39
40
36
30
37
40
40
40
41
42
40
40
40
41
35
31
34
41
41
40
41
41
40
41
40
39
33
32
32
39
42
41
40
41
41
40
41
38
33
32
32
35
42
42
40
41
40
41
42
37
32
32
32
33
40
42
40
40
39
42
42
35
32
32
32
32
37
41
40
