85
82
82
81
82
84
85
89
93
97
101
103
89
86
85
85
85
87
89
93
97
101
105
108
95
92
91
91
91
93
96
99
103
107
111
115
104
101
99
99
99
101
103
107
111
115
119
122
119
113
109
108
108
110
113
116
120
123
127
127
122
122
122
122
122
124
127
127
127
127
127
127
110
114
118
120
123
127
127
127
127
127
127
127
87
89
93
97
103
106
111
116
118
119
120
117
60
59
57
57
55
52
79
89
54
55
55
52
45
45
43
43
42
41
122
109
36
40
40
40
41
42
41
40
40
52
127
127
50
38
42
43
43
44
44
42
38
73
127
127
88
39
43
43
43
43
43
43
38
97
127
127
127
48
42
43
43
43
43
43
39
120
127
127
127
93
38
43
43
43
43
41
46
127
127
127
127
127
57
40
44
43
43
40
54
127
127
127
127
127
85
38
96
94
92
93
94
96
99
101
105
110
113
118
101
99
97
97
98
100
103
106
110
114
118
122
108
106
104
103
104
106
109
113
116
121
125
127
116
114
112
111
112
114
116
120
124
127
127
127
127
125
122
121
121
123
125
127
127
127
127
127
123
127
127
127
127
127
127
127
127
127
127
127
109
114
120
125
127
127
127
127
127
127
127
127
87
89
92
97
102
107
113
117
120
121
122
120
59
57
54
54
53
53
51
50
52
51
51
49
43
42
40
40
40
39
33
33
37
37
37
37
38
39
39
38
40
38
31
32
38
39
39
40
40
41
40
40
40
39
32
32
37
40
40
40
40
41
40
40
41
37
32
32
34
40
41
40
40
40
40
40
41
35
32
32
32
37
41
40
40
40
40
40
40
33
32
32
32
34
39
40
41
41
40
41
39
33
32
32
32
33
37
41
127
127
127
127
127
127
127
127
127
127
127
127
127
127
127
127
127
127
127
127
127
127
127
127
127
127
127
127
127
127
127
127
127
127
127
127
127
127
127
127
127
127
127
127
127
127
127
127
127
127
127
127
127
127
127
127
127
127
127
127
127
127
127
127
127
127
127
127
127
127
127
127
106
113
123
127
127
127
127
127
127
127
127
127
87
89
91
95
100
108
116
123
127
127
127
127
60
57
55
55
53
53
50
50
52
52
52
49
43
43
41
40
40
39
33
33
38
37
37
37
39
40
40
39
40
39
31
33
40
40
40
40
41
42
41
40
40
40
32
32
37
41
41
40
40
42
40
40
42
37
32
32
34
41
42
41
40
41
40
40
42
36
32
32
32
38
42
41
41
41
40
40
40
34
32
32
32
34
40
41
42
42
40
41
40
33
32
32
32
33
38
42
