84
83
82
82
82
84
87
89
93
96
100
105
89
87
85
85
85
87
90
93
97
101
105
109
96
93
92
91
92
93
96
99
103
108
112
115
104
101
99
99
99
101
103
107
111
116
120
123
120
113
110
108
108
110
113
116
120
124
127
127
121
122
122
122
122
124
127
127
127
127
127
127
110
114
118
121
123
127
127
127
127
127
127
127
88
89
93
98
102
106
111
116
119
119
120
118
61
59
57
57
56
54
70
95
58
55
55
53
46
44
43
43
43
37
96
127
44
39
40
40
40
40
42
42
41
39
127
127
73
37
43
42
42
42
44
43
43
45
127
127
126
44
43
43
43
42
44
45
43
54
127
127
127
82
36
42
43
41
43
43
40
65
127
127
127
127
52
39
43
42
42
43
38
81
127
127
127
127
98
43
43
43
43
45
38
92
127
127
127
127
127
52
96
94
94
93
94
96
99
103
106
110
113
118
101
99
98
97
98
100
103
106
110
114
118
122
108
106
104
103
104
106
109
113
116
121
125
127
116
114
112
112
112
114
116
120
124
127
127
127
127
125
122
121
121
123
127
127
127
127
127
127
123
126
127
127
127
127
127
127
127
127
127
127
110
113
120
125
127
127
127
127
127
127
127
127
88
89
92
97
101
106
113
116
120
120
121
120
61
57
57
55
54
53
52
50
52
51
51
50
43
41
41
40
40
39
35
32
37
37
37
37
38
37
38
39
39
39
33
31
37
40
40
39
40
40
40
41
41
40
34
32
34
40
41
40
40
39
40
41
41
40
33
32
32
37
40
40
40
39
40
40
41
39
32
32
32
34
39
40
40
40
40
40
41
39
32
32
32
32
37
40
40
40
40
41
40
38
32
32
32
32
34
40
127
127
127
127
127
127
127
127
127
127
127
127
127
127
127
127
127
127
127
127
127
127
127
127
127
127
127
127
127
127
127
127
127
127
127
127
127
127
127
127
127
127
127
127
127
127
127
127
127
127
127
127
127
127
127
127
127
127
127
127
127
127
127
127
127
127
127
127
127
127
127
127
106
113
122
127
127
127
127
127
127
127
127
127
88
89
92
95
99
107
116
123
126
127
127
127
61
58
57
56
54
53
51
50
53
52
52
50
44
43
42
41
40
39
34
31
38
37
37
37
39
38
40
40
40
40
33
31
38
40
40
40
40
40
42
42
42
41
34
32
35
41
42
41
41
40
41
42
42
40
33
32
32
38
40
40
41
40
40
41
41
40
32
32
32
34
40
41
41
40
40
41
41
38
32
32
32
32
37
41
41
40
40
42
41
38
31
32
32
32
34
40
