85
83
82
82
82
85
87
89
93
98
102
105
89
87
85
85
85
88
91
93
97
102
106
109
96
93
92
92
92
94
97
99
103
108
112
115
104
101
99
99
99
102
104
108
112
116
120
123
120
114
110
109
109
110
113
116
120
124
127
127
122
123
123
122
122
124
127
127
127
127
127
127
110
115
119
121
123
127
127
127
127
127
127
127
89
90
94
98
103
106
110
115
119
119
119
118
62
61
58
57
57
54
62
98
63
54
55
54
46
45
44
43
43
38
69
127
63
34
41
40
41
41
41
41
41
37
87
127
106
40
40
42
44
43
43
43
42
37
97
127
127
68
40
43
43
43
45
44
43
37
105
127
127
127
50
40
43
43
44
43
43
38
111
127
127
127
102
41
43
43
43
43
43
38
116
127
127
127
127
78
43
43
42
43
42
38
120
127
127
127
127
127
98
96
94
94
95
97
99
103
106
111
115
118
102
99
98
98
98
100
103
106
110
115
119
122
108
106
104
104
104
106
110
113
116
121
125
127
116
114
113
112
113
115
117
121
125
127
127
127
127
126
123
122
122
123
126
127
127
127
127
127
123
126
127
127
127
127
127
127
127
127
127
127
109
114
119
124
127
127
127
127
127
127
127
127
89
90
93
98
101
106
113
116
120
120
121
120
61
59
57
56
54
53
52
50
51
51
51
50
43
43
41
40
40
40
37
31
36
37
37
37
38
38
38
38
38
40
36
30
35
39
39
40
40
40
40
40
40
40
37
32
33
39
40
40
40
40
41
41
40
40
36
32
32
35
40
41
40
40
40
41
40
40
37
32
32
33
37
41
41
40
40
41
40
40
36
32
32
32
33
39
41
40
40
40
40
39
35
32
32
32
32
36
127
127
127
127
127
127
127
127
127
127
127
127
127
127
127
127
127
127
127
127
127
127
127
127
127
127
127
127
127
127
127
127
127
127
127
127
127
127
127
127
127
127
127
127
127
127
127
127
127
127
127
127
127
127
127
127
127
127
127
127
127
127
127
127
127
127
127
127
127
127
127
127
106
112
121
127
127
127
127
127
127
127
127
127
89
90
92
95
99
106
115
122
126
127
127
127
62
60
57
56
54
53
53
50
52
52
51
51
44
43
43
40
40
40
37
31
36
37
37
37
39
39
39
39
39
40
37
30
36
40
40
40
42
41
41
41
40
41
37
31
33
39
41
41
41
40
42
42
40
40
36
32
32
35
41
42
41
41
41
41
40
41
37
32
32
33
37
43
41
41
41
41
40
40
37
32
32
32
33
40
42
40
40
41
40
40
36
32
32
32
32
37
