85
82
82
82
82
85
87
91
92
98
102
105
89
87
85
85
86
88
90
94
97
102
106
109
96
94
92
92
92
94
96
100
104
108
112
115
104
101
99
99
99
102
104
108
112
116
120
123
121
115
110
109
109
111
114
116
120
124
127
127
122
123
123
123
123
125
127
127
127
127
127
127
110
115
119
122
124
127
127
127
127
127
127
127
89
91
95
99
103
106
110
115
119
119
119
118
64
61
60
58
57
55
58
97
69
54
54
54
47
44
44
43
43
40
50
127
90
33
40
40
40
40
41
42
42
38
56
127
127
56
38
42
42
42
43
44
43
40
58
127
127
109
43
42
43
43
43
44
44
42
57
127
127
127
89
35
43
43
42
44
46
43
55
127
127
127
127
75
44
43
41
43
46
42
52
127
127
127
127
127
43
43
41
41
43
40
50
127
127
127
127
127
97
95
95
94
95
97
99
103
107
111
115
118
102
99
99
98
99
101
103
107
111
115
119
122
109
106
105
104
105
107
110
113
117
122
126
127
116
114
113
113
113
115
118
121
125
127
127
127
127
126
123
122
122
124
127
127
127
127
127
127
123
126
127
127
127
127
127
127
127
127
127
127
109
113
119
124
127
127
127
127
127
127
127
127
89
91
94
98
102
106
112
116
120
120
121
120
62
60
58
57
55
53
52
50
51
51
51
50
44
43
42
41
40
39
37
31
34
38
37
37
38
37
38
38
39
39
38
31
33
38
40
39
40
40
40
40
40
40
39
33
32
36
40
40
40
40
40
41
40
41
40
33
32
32
37
40
40
40
39
40
41
41
40
33
32
32
33
37
41
40
39
39
41
40
40
33
32
32
32
34
41
40
38
39
40
40
40
34
32
32
32
32
127
127
127
127
127
127
127
127
127
127
127
127
127
127
127
127
127
127
127
127
127
127
127
127
127
127
127
127
127
127
127
127
127
127
127
127
127
127
127
127
127
127
127
127
127
127
127
127
127
127
127
127
127
127
127
127
127
127
127
127
127
127
127
127
127
127
127
127
127
127
127
127
106
112
120
127
127
127
127
127
127
127
127
127
89
91
93
96
100
107
115
121
125
127
127
127
63
60
58
57
54
54
53
50
52
52
51
51
45
43
43
42
40
40
38
32
34
38
37
37
39
38
39
39
40
40
39
32
33
39
40
40
40
40
41
41
41
41
40
33
32
36
41
41
40
40
40
42
42
43
40
33
32
32
37
41
41
41
40
42
43
43
40
33
32
32
33
38
42
41
39
40
42
42
40
33
32
32
32
34
41
40
39
40
41
40
41
34
32
32
32
32
