85
85
84
84
84
86
89
92
94
99
103
106
90
89
87
87
88
90
92
96
99
103
106
110
96
94
93
93
94
96
99
102
106
109
113
116
105
103
101
101
102
104
107
110
113
117
120
123
123
117
113
110
111
113
116
118
122
126
127
127
122
123
124
123
124
127
127
127
127
127
127
127
111
116
120
123
125
127
127
127
127
127
127
127
93
95
97
100
104
107
111
116
119
118
119
117
68
64
62
61
58
57
52
87
89
50
54
54
48
47
44
44
43
42
37
89
127
57
33
40
40
41
40
40
41
42
37
81
127
113
56
37
43
43
43
43
42
43
40
55
127
127
112
50
44
43
43
43
42
43
43
41
123
127
127
125
44
45
44
44
43
41
42
37
85
127
127
127
43
44
44
45
43
42
42
39
54
127
127
127
43
43
45
46
43
43
42
41
40
127
127
127
98
98
96
96
97
99
101
105
109
111
115
119
103
101
100
100
101
103
105
109
113
116
120
123
110
107
106
106
107
110
112
115
119
123
127
127
118
116
114
114
115
117
120
123
127
127
127
127
127
127
125
123
124
127
127
127
127
127
127
127
123
126
127
127
127
127
127
127
127
127
127
127
111
115
120
125
127
127
127
127
127
127
127
127
93
95
97
100
103
107
113
116
119
120
120
120
66
63
61
58
56
54
54
50
50
52
50
50
45
44
42
41
40
40
39
35
31
36
37
37
37
38
37
37
39
38
39
37
30
34
38
40
40
40
40
40
40
40
40
39
33
32
35
40
41
40
40
40
40
40
40
41
36
32
32
35
41
41
40
40
40
40
40
40
37
32
32
33
40
41
41
40
40
40
40
38
39
33
32
32
40
40
42
41
40
40
39
38
40
34
32
32
127
127
127
127
127
127
127
127
127
127
127
127
127
127
127
127
127
127
127
127
127
127
127
127
127
127
127
127
127
127
127
127
127
127
127
127
127
127
127
127
127
127
127
127
127
127
127
127
127
127
127
127
127
127
127
127
127
127
127
127
126
127
127
127
127
127
127
127
127
127
127
127
109
113
120
127
127
127
127
127
127
127
127
127
93
96
97
98
101
107
115
121
125
127
127
127
66
64
61
59
57
54
54
50
50
53
51
51
46
45
43
42
41
40
39
35
30
37
37
37
39
39
38
38
40
40
40
37
31
35
39
40
41
41
40
40
41
41
42
40
33
32
36
40
42
41
41
41
40
41
41
42
36
32
32
35
42
42
42
42
41
40
40
40
37
32
32
33
41
42
42
42
41
40
40
39
40
33
32
32
40
41
43
43
41
41
40
39
41
34
32
32
