89
87
87
87
88
89
92
95
97
100
103
106
93
91
91
91
91
93
96
98
100
104
107
110
99
97
97
97
97
99
102
104
106
111
113
116
108
105
104
105
105
107
110
112
115
119
121
123
124
118
114
113
114
116
119
121
123
127
127
127
124
125
125
126
127
127
127
127
127
127
127
127
114
119
123
125
127
127
127
127
127
127
127
127
98
99
102
103
107
110
113
117
119
118
117
116
70
68
64
61
59
57
53
92
85
47
54
53
48
47
45
44
43
42
36
88
127
61
32
37
41
40
41
41
42
41
37
71
127
120
64
40
44
43
44
44
43
43
43
41
127
127
127
66
43
45
44
43
43
43
44
38
76
127
127
127
42
43
44
44
44
44
43
40
47
127
127
127
41
42
44
44
44
43
43
43
37
89
127
127
42
43
44
44
43
42
43
44
40
55
127
127
102
101
99
99
100
103
105
107
109
113
116
118
106
105
103
103
104
106
109
111
113
117
120
123
112
111
110
110
110
113
115
117
120
124
127
127
120
118
117
117
118
120
123
125
127
127
127
127
127
127
127
127
127
127
127
127
127
127
127
127
125
127
127
127
127
127
127
127
127
127
127
127
114
118
123
127
127
127
127
127
127
127
127
127
98
99
102
103
106
110
114
118
120
120
120
119
69
66
62
60
57
55
54
50
50
51
50
50
46
44
43
41
40
40
38
35
31
36
37
37
37
37
38
37
39
39
39
37
31
34
38
39
40
41
41
40
40
40
40
40
35
32
34
39
39
40
40
40
40
40
40
40
37
32
32
33
39
40
40
40
41
40
40
41
40
34
32
32
39
40
41
40
41
40
40
41
41
37
33
32
40
41
41
41
40
40
40
41
41
40
33
32
127
127
127
127
127
127
127
127
127
127
127
127
127
127
127
127
127
127
127
127
127
127
127
127
127
127
127
127
127
127
127
127
127
127
127
127
127
127
127
127
127
127
127
127
127
127
127
127
127
127
127
127
127
127
127
127
127
127
127
127
127
127
127
127
127
127
127
127
127
127
127
127
112
115
123
127
127
127
127
127
127
127
127
127
98
99
100
101
104
110
116
123
127
127
127
126
69
67
63
60
57
56
54
50
50
52
51
50
47
45
43
42
41
40
39
34
30
36
38
37
39
38
39
38
40
40
40
37
31
34
39
40
42
41
42
41
41
41
41
40
35
31
35
40
40
42
41
41
41
41
41
41
38
32
32
34
40
41
42
41
42
42
40
41
40
35
32
32
40
41
42
41
42
41
40
41
42
38
33
32
40
42
42
42
41
40
41
42
42
40
33
32
