93
91
91
91
91
92
94
96
99
100
103
105
97
95
95
95
95
96
97
99
102
104
106
109
103
101
101
101
101
103
103
106
108
110
113
115
110
109
109
109
109
110
112
114
116
118
120
123
124
120
118
117
118
120
121
123
125
127
127
127
127
127
127
127
127
127
127
127
127
127
127
127
119
123
125
127
127
127
127
127
127
127
127
127
103
103
106
107
109
113
114
117
117
116
115
113
73
69
65
62
59
56
61
100
62
50
53
50
49
47
46
44
43
40
48
127
97
34
37
40
40
40
40
41
42
40
45
127
127
75
41
39
42
43
43
43
43
43
40
109
127
127
68
40
43
42
43
43
43
42
37
81
127
127
127
72
43
42
43
43
43
42
39
58
127
127
127
127
43
42
43
43
43
43
41
43
127
127
127
127
43
42
43
43
43
43
42
36
103
127
127
127
106
104
104
103
104
106
107
108
112
113
116
118
110
108
108
107
108
110
111
113
116
117
120
122
116
114
114
114
114
116
117
120
122
123
126
127
124
122
122
122
122
124
125
127
127
127
127
127
127
127
127
127
127
127
127
127
127
127
127
127
127
127
127
127
127
127
127
127
127
127
127
127
118
122
126
127
127
127
127
127
127
127
127
127
103
103
105
106
109
112
116
117
119
119
118
116
71
68
64
60
57
55
54
49
50
50
50
47
46
44
43
41
40
39
37
32
33
37
37
37
37
37
37
37
39
39
39
33
32
37
40
40
40
40
40
40
40
41
41
36
31
33
38
40
40
40
40
40
40
40
40
37
33
32
33
38
40
39
40
40
40
39
40
40
33
32
32
33
41
39
40
40
40
40
40
40
35
32
32
32
40
40
40
40
40
41
39
40
36
32
32
32
127
127
127
127
127
127
127
127
127
127
127
127
127
127
127
127
127
127
127
127
127
127
127
127
127
127
127
127
127
127
127
127
127
127
127
127
127
127
127
127
127
127
127
127
127
127
127
127
127
127
127
127
127
127
127
127
127
127
127
127
127
127
127
127
127
127
127
127
127
127
127
127
116
120
127
127
127
127
127
127
127
127
127
127
103
103
104
104
106
113
119
123
126
127
126
123
72
68
64
61
57
56
54
49
50
50
50
47
47
45
43
42
41
40
38
31
33
37
37
36
37
37
38
38
40
40
40
33
32
37
40
40
40
40
41
41
41
41
43
36
31
33
39
40
40
40
40
41
41
40
40
38
33
32
34
39
41
40
40
41
41
40
40
40
33
32
32
34
42
40
40
41
41
40
40
41
35
32
32
31
41
40
40
40
41
42
40
41
36
32
32
32
