94
92
92
92
92
93
94
96
98
99
102
104
98
96
96
96
96
97
98
100
102
103
106
108
104
103
103
102
102
103
104
106
108
110
112
114
112
110
110
110
110
111
113
114
116
118
120
122
125
121
119
119
119
120
121
123
125
126
127
127
127
127
127
127
127
127
127
127
127
127
127
127
120
123
126
127
127
127
127
127
127
127
127
127
104
104
106
108
110
113
113
117
117
116
114
111
74
70
66
62
59
56
64
99
58
51
52
49
48
47
46
43
43
40
58
127
80
32
40
40
39
40
40
41
42
39
57
127
127
59
38
42
43
43
43
43
43
40
50
127
127
116
49
40
44
44
43
43
44
42
43
127
127
127
111
43
43
43
43
43
43
43
40
112
127
127
127
106
44
43
44
43
43
43
39
94
127
127
127
127
45
43
46
43
43
43
39
81
127
127
127
127
107
106
104
105
105
106
106
110
110
112
114
117
111
110
109
109
109
110
111
113
115
116
119
121
117
116
116
115
115
116
118
120
122
123
126
127
125
123
123
123
123
124
126
127
127
127
127
127
127
127
127
127
127
127
127
127
127
127
127
127
127
127
127
127
127
127
127
127
127
127
127
127
119
123
127
127
127
127
127
127
127
127
127
127
104
104
106
106
108
112
116
117
118
118
116
114
72
68
64
61
57
55
54
50
50
50
49
47
46
44
43
41
40
39
37
31
34
37
37
36
36
37
37
37
38
38
37
31
33
38
40
40
40
40
40
40
40
40
40
33
32
35
40
40
41
40
40
40
41
40
40
34
32
32
36
40
40
40
41
40
40
40
40
35
32
32
33
37
40
40
41
40
40
40
41
37
32
32
32
33
40
40
41
40
40
40
41
38
33
32
32
32
127
127
127
127
127
127
127
127
127
127
127
127
127
127
127
127
127
127
127
127
127
127
127
127
127
127
127
127
127
127
127
127
127
127
127
127
127
127
127
127
127
127
127
127
127
127
127
127
127
127
127
127
127
127
127
127
127
127
127
127
127
127
127
127
127
127
127
127
127
127
127
127
116
120
127
127
127
127
127
127
127
127
127
127
104
104
105
104
107
113
119
123
125
126
124
122
72
68
64
61
57
56
53
49
50
50
50
47
47
45
43
42
40
40
37
31
34
37
37
36
37
37
38
38
39
40
39
32
33
39
41
40
41
41
41
41
41
41
40
33
31
35
40
41
42
42
41
41
42
41
40
35
32
32
36
41
41
41
42
41
41
41
41
36
32
32
33
37
41
41
42
41
41
41
42
37
32
32
32
33
42
41
43
41
40
41
42
39
32
32
32
32
