96
96
94
93
93
94
95
97
98
99
101
103
100
99
98
97
97
98
99
100
102
103
105
106
106
105
104
103
103
104
105
106
108
110
111
113
113
112
112
112
112
113
113
115
116
117
119
120
127
123
121
120
120
121
122
123
124
125
127
127
127
127
127
127
127
127
127
127
127
127
127
127
120
123
127
127
127
127
127
127
127
127
127
127
105
106
107
108
110
112
113
116
116
114
113
110
74
70
67
63
59
56
65
98
58
51
51
49
49
47
46
44
43
39
68
127
66
33
40
39
40
40
40
40
41
37
77
127
114
46
40
43
42
43
43
43
43
39
77
127
127
85
42
44
43
42
43
43
42
39
73
127
127
127
68
36
43
42
43
44
43
39
70
127
127
127
127
58
43
43
44
45
44
40
68
127
127
127
127
113
44
44
45
45
44
42
66
127
127
127
127
127
110
106
107
106
106
107
108
110
111
111
114
115
113
112
111
110
110
111
112
113
115
116
118
120
120
119
117
116
116
117
118
120
121
123
124
127
127
127
125
125
125
126
127
127
127
127
127
127
127
127
127
127
127
127
127
127
127
127
127
127
127
127
127
127
127
127
127
127
127
127
127
127
120
123
127
127
127
127
127
127
127
127
127
127
105
106
106
106
108
111
115
116
117
116
115
113
73
69
65
61
57
55
53
48
50
49
48
47
47
45
43
41
40
39
37
31
35
37
37
36
37
37
37
37
38
39
37
30
35
40
40
40
40
40
40
40
40
40
38
32
33
38
41
40
40
40
40
40
39
40
37
32
32
33
39
40
40
40
41
41
40
40
37
33
32
32
34
40
40
40
41
41
41
40
39
33
32
32
32
36
41
41
41
40
40
41
40
33
32
32
32
33
127
127
127
127
127
127
127
127
127
127
127
127
127
127
127
127
127
127
127
127
127
127
127
127
127
127
127
127
127
127
127
127
127
127
127
127
127
127
127
127
127
127
127
127
127
127
127
127
127
127
127
127
127
127
127
127
127
127
127
127
127
127
127
127
127
127
127
127
127
127
127
127
117
121
127
127
127
127
127
127
127
127
127
127
105
105
106
106
107
112
117
122
123
124
123
120
73
69
66
61
57
56
53
49
50
50
49
47
47
46
44
42
41
40
37
30
35
37
37
36
37
37
38
38
39
40
37
30
35
40
41
41
40
40
41
41
40
41
39
32
33
38
42
42
40
40
41
41
40
41
38
32
32
33
40
41
41
40
42
42
41
42
38
33
32
32
35
40
41
42
42
42
42
42
40
33
32
32
32
36
42
42
42
42
41
43
41
33
32
32
32
33
