97
95
94
94
94
95
96
96
98
99
99
103
101
99
98
98
98
99
99
99
102
103
104
106
107
105
104
104
104
105
105
106
108
109
111
113
114
113
113
112
112
113
113
115
116
116
119
120
127
123
122
121
121
122
122
123
124
125
127
127
127
127
127
127
127
127
127
127
127
127
127
127
121
124
127
127
127
127
127
127
127
127
127
127
106
106
107
108
110
112
113
116
116
114
112
109
75
71
67
63
59
56
64
97
60
52
51
49
49
47
46
44
43
39
69
127
64
33
40
40
39
40
40
40
40
37
81
127
110
43
40
43
43
43
42
43
43
38
85
127
127
78
40
42
43
43
43
43
44
39
85
127
127
127
60
37
43
43
44
44
44
39
85
127
127
127
120
48
43
43
45
45
44
39
84
127
127
127
127
99
44
43
44
46
43
38
83
127
127
127
127
127
110
108
106
107
107
108
109
109
111
112
113
116
114
112
111
111
111
112
113
113
115
116
117
120
120
119
118
117
117
118
119
120
121
122
124
126
127
127
126
125
125
126
127
127
127
127
127
127
127
127
127
127
127
127
127
127
127
127
127
127
127
127
127
127
127
127
127
127
127
127
127
127
120
123
127
127
127
127
127
127
127
127
127
127
106
106
106
106
108
111
114
116
116
116
114
112
73
69
65
61
57
55
53
48
50
49
48
45
46
44
43
42
40
40
37
31
35
37
37
36
36
37
37
37
38
38
36
30
35
40
40
40
40
40
40
40
40
40
37
32
33
38
41
40
40
40
40
40
41
41
38
32
32
33
39
40
41
40
41
41
41
40
38
32
32
32
35
40
41
40
41
41
41
40
38
32
32
32
33
37
42
40
40
40
40
40
38
32
32
32
32
33
127
127
127
127
127
127
127
127
127
127
127
127
127
127
127
127
127
127
127
127
127
127
127
127
127
127
127
127
127
127
127
127
127
127
127
127
127
127
127
127
127
127
127
127
127
127
127
127
127
127
127
127
127
127
127
127
127
127
127
127
127
127
127
127
127
127
127
127
127
127
127
127
118
121
127
127
127
127
127
127
127
127
127
127
106
106
106
106
107
112
117
121
123
123
122
120
74
69
66
61
57
56
53
49
50
50
48
46
47
46
44
42
40
40
37
30
36
37
37
36
37
37
38
38
39
40
37
30
35
40
41
40
40
40
40
41
41
40
38
32
33
39
42
40
41
40
41
41
42
42
38
32
32
33
40
41
42
41
42
42
42
41
39
32
32
32
35
40
42
41
42
42
42
41
39
32
32
32
33
37
43
41
42
42
42
41
39
32
32
32
32
33
