97
96
95
95
94
95
96
96
97
97
100
102
101
100
99
99
98
99
99
99
101
102
104
106
107
106
105
105
104
105
105
106
107
109
110
112
115
114
113
113
113
113
113
115
116
116
118
120
127
124
122
122
122
122
123
123
124
125
126
127
127
127
127
127
127
127
127
127
127
127
127
127
121
124
127
127
127
127
127
127
127
127
127
127
106
106
107
108
109
111
113
115
115
113
112
108
75
71
68
63
59
56
64
97
60
51
51
49
49
47
46
44
43
39
68
127
64
33
40
40
40
40
40
40
41
37
82
127
110
43
40
43
43
43
43
43
43
39
88
127
127
75
40
42
43
43
43
43
45
39
91
127
127
127
55
38
44
43
44
45
45
38
92
127
127
127
114
45
45
43
44
47
44
38
93
127
127
127
127
92
46
43
45
47
43
37
93
127
127
127
127
127
110
110
108
106
107
108
109
109
110
110
113
115
114
113
112
111
111
112
113
113
114
115
117
119
120
120
118
118
117
118
119
120
121
122
123
125
127
127
127
126
126
126
127
127
127
127
127
127
127
127
127
127
127
127
127
127
127
127
127
127
127
127
127
127
127
127
127
127
127
127
127
127
120
123
127
127
127
127
127
127
127
127
127
127
106
106
106
106
108
111
114
116
116
116
113
111
73
69
65
61
57
55
53
48
49
49
47
46
47
44
43
42
40
39
37
31
35
37
37
36
37
37
37
37
38
39
37
30
35
40
40
40
40
40
40
40
40
40
37
32
33
38
40
40
40
40
41
41
41
40
37
32
32
33
40
41
41
40
41
41
41
40
37
32
32
32
37
41
41
40
41
41
40
40
37
32
32
32
33
38
42
41
40
42
40
40
37
32
32
32
32
33
127
127
127
127
127
127
127
127
127
127
127
127
127
127
127
127
127
127
127
127
127
127
127
127
127
127
127
127
127
127
127
127
127
127
127
127
127
127
127
127
127
127
127
127
127
127
127
127
127
127
127
127
127
127
127
127
127
127
127
127
127
127
127
127
127
127
127
127
127
127
127
127
118
121
127
127
127
127
127
127
127
127
127
127
106
106
106
106
106
111
116
120
123
123
121
119
74
69
66
61
57
56
53
49
50
49
47
47
47
45
44
42
41
40
37
30
35
37
37
37
37
37
38
38
39
40
37
30
36
41
40
40
41
41
40
40
41
41
38
32
33
39
41
40
41
41
42
42
42
41
37
32
32
33
40
42
42
41
42
43
42
41
37
32
32
32
37
42
43
41
42
43
41
41
37
32
32
32
33
39
43
42
42
43
40
40
37
32
32
32
32
34
