98
97
96
95
95
95
96
96
97
98
99
100
102
101
99
99
99
99
99
99
101
102
103
105
108
107
106
105
105
105
106
106
107
108
110
112
116
115
113
113
113
113
113
114
115
116
118
119
127
125
123
122
122
122
123
123
123
124
126
127
127
127
127
127
127
127
127
127
127
127
127
127
121
123
126
127
127
127
127
127
127
127
127
127
106
106
107
108
109
111
112
115
116
113
111
108
75
71
68
64
60
56
62
98
61
51
51
49
49
47
46
44
43
38
65
127
67
33
40
39
40
40
40
40
41
37
79
127
113
43
40
43
43
43
43
43
43
40
87
127
127
76
40
43
44
43
44
44
46
39
91
127
127
127
56
38
43
43
43
43
43
38
94
127
127
127
113
45
43
43
42
42
42
38
98
127
127
127
127
90
43
43
42
43
43
39
100
127
127
127
127
127
111
109
109
108
108
108
109
109
110
111
112
115
115
113
113
112
112
112
113
113
114
115
116
119
121
120
119
118
118
118
119
119
121
122
123
125
127
127
127
127
126
127
127
127
127
127
127
127
127
127
127
127
127
127
127
127
127
127
127
127
127
127
127
127
127
127
127
127
127
127
127
127
120
123
127
127
127
127
127
127
127
127
127
127
106
106
106
106
108
110
113
115
115
115
113
110
73
69
65
61
57
55
52
48
49
49
47
46
46
44
43
42
40
39
37
31
35
37
36
36
36
37
37
37
38
39
37
30
35
40
40
40
40
40
40
40
40
40
37
32
33
38
41
40
40
40
41
40
41
40
37
32
32
34
40
42
40
40
40
40
40
40
37
32
32
32
37
42
40
40
39
39
40
40
37
32
32
32
33
39
41
41
39
40
40
41
37
32
32
32
32
34
127
127
127
127
127
127
127
127
127
127
127
127
127
127
127
127
127
127
127
127
127
127
127
127
127
127
127
127
127
127
127
127
127
127
127
127
127
127
127
127
127
127
127
127
127
127
127
127
127
127
127
127
127
127
127
127
127
127
127
127
127
127
127
127
127
127
127
127
127
127
127
127
118
122
127
127
127
127
127
127
127
127
127
127
106
106
106
105
106
110
116
120
122
122
120
118
74
70
66
62
58
56
53
49
50
49
47
47
47
45
44
43
41
40
37
30
35
37
36
37
37
37
38
38
40
40
37
30
36
40
40
40
41
41
41
41
42
42
38
31
33
39
42
41
42
41
42
42
43
41
37
32
32
34
41
43
41
41
41
40
40
40
37
32
32
32
37
42
41
41
40
40
40
41
37
32
32
32
33
39
42
42
40
40
40
42
38
32
32
32
32
34
