101
99
96
96
96
96
96
95
96
96
97
99
104
103
101
100
99
99
99
99
99
99
101
103
112
110
108
107
106
106
105
105
106
106
107
109
122
117
116
115
113
113
113
113
113
114
115
116
127
127
127
126
123
123
123
122
122
122
123
123
123
126
127
127
127
127
127
127
127
127
127
127
115
117
121
124
127
127
127
127
127
127
127
127
105
105
105
105
104
106
107
107
108
110
107
103
82
78
73
68
63
60
56
54
51
92
84
43
54
50
48
47
44
43
42
42
39
64
102
101
39
40
40
40
40
41
42
42
41
45
85
119
42
43
43
43
43
43
43
43
43
41
37
68
43
44
44
43
43
44
43
43
43
44
43
43
43
46
44
43
43
44
43
43
43
44
44
43
44
45
43
43
43
44
44
43
43
44
44
45
46
43
43
43
43
45
44
42
43
44
44
43
114
111
111
109
109
109
108
108
109
108
109
112
118
116
115
113
113
113
112
112
113
113
114
116
125
123
122
120
119
119
118
118
119
120
121
122
127
127
127
127
127
127
127
127
127
127
127
127
127
127
127
127
127
127
127
127
127
127
127
127
123
126
127
127
127
127
127
127
127
127
127
127
115
116
120
123
127
127
127
127
127
127
127
127
104
105
105
105
104
105
106
108
110
109
107
106
82
77
71
66
61
57
54
52
50
45
44
46
50
48
46
43
42
40
39
39
37
35
32
33
36
36
37
37
37
38
39
39
39
40
37
35
40
40
40
40
40
40
40
40
40
40
40
38
40
40
41
40
40
41
40
40
41
41
40
40
40
40
40
40
40
41
40
40
41
41
41
41
40
40
40
40
40
41
40
40
41
41
41
41
40
40
40
40
40
41
40
40
41
42
41
40
127
127
127
127
127
127
127
127
127
127
127
127
127
127
127
127
127
127
127
127
127
127
127
127
127
127
127
127
127
127
127
127
127
127
127
127
127
127
127
127
127
127
127
127
127
127
127
127
127
127
127
127
127
127
127
127
127
127
127
127
121
127
127
127
127
127
127
127
127
127
127
127
114
116
117
123
127
127
127
127
127
127
127
127
105
105
105
104
103
103
106
110
113
114
113
113
82
77
71
66
61
57
54
52
50
46
44
47
51
49
47
44
43
42
40
39
37
36
32
32
37
37
37
38
38
39
40
40
40
40
37
35
40
40
41
41
41
41
41
40
41
41
41
40
41
42
42
41
41
42
41
40
42
42
42
42
41
42
41
40
41
42
41
40
42
42
42
43
41
42
41
40
41
42
41
40
42
42
42
42
42
41
41
41
40
42
41
40
42
42
42
41
