102
99
98
97
96
96
95
95
95
96
97
98
105
103
102
101
99
99
99
99
99
99
101
102
113
110
108
107
106
106
105
105
105
106
107
108
124
119
116
115
114
113
113
113
113
113
115
116
127
127
127
126
123
123
122
122
121
122
123
123
123
125
127
127
127
127
127
127
127
127
127
127
113
116
120
123
126
127
127
127
127
127
127
127
104
104
104
104
103
105
106
106
107
110
107
103
83
78
74
68
63
60
56
54
50
77
94
55
54
51
48
47
45
43
42
41
39
51
83
96
40
40
40
40
40
40
41
42
42
41
61
95
43
43
43
43
43
43
43
44
44
43
38
41
44
45
43
43
44
43
43
44
44
46
43
43
44
43
43
44
44
43
44
44
43
44
43
43
43
42
44
45
43
43
44
43
43
43
41
42
42
42
43
44
42
43
43
42
43
42
41
43
115
113
110
110
109
109
108
108
108
107
109
111
119
116
115
114
113
113
112
112
112
112
113
115
126
123
122
121
119
119
118
118
119
119
120
121
127
127
127
127
127
127
127
126
127
127
127
127
127
127
127
127
127
127
127
127
127
127
127
127
123
125
127
127
127
127
127
127
127
127
127
127
113
116
118
123
127
127
127
127
127
127
127
127
104
105
104
104
103
104
106
107
109
109
106
106
82
78
72
66
62
58
54
51
50
47
43
45
51
48
46
43
42
41
39
38
37
37
33
33
37
37
37
37
37
38
39
39
39
40
38
37
40
40
40
40
40
40
40
41
40
40
40
40
41
40
40
40
41
40
40
41
41
41
40
40
41
40
41
41
41
40
41
41
40
40
39
40
40
40
41
41
40
40
41
40
40
39
39
40
40
40
41
41
40
40
41
40
40
39
39
40
127
127
127
127
127
127
127
127
127
127
127
127
127
127
127
127
127
127
127
127
127
127
127
127
127
127
127
127
127
127
127
127
127
127
127
127
127
127
127
127
127
127
127
127
127
127
127
127
127
127
127
127
127
127
127
127
127
127
127
127
120
125
127
127
127
127
127
127
127
127
127
127
113
115
116
121
127
127
127
127
127
127
127
127
104
105
104
103
102
102
104
110
113
113
113
113
82
78
72
67
61
57
54
52
50
47
43
46
52
49
47
45
43
42
40
38
38
37
33
33
37
37
37
38
38
39
40
40
40
40
40
37
40
41
41
41
41
40
41
42
42
41
41
40
42
42
41
41
42
40
41
42
42
43
41
41
42
41
42
42
41
41
42
42
41
41
40
40
41
40
42
43
41
41
42
41
41
40
40
40
40
40
42
42
40
40
41
40
40
40
40
41
