102
100
99
97
96
96
95
94
94
95
96
97
105
104
103
101
99
99
99
98
98
99
100
101
114
111
109
107
106
105
105
104
104
105
106
107
126
120
116
116
115
113
113
112
112
113
114
115
127
127
127
127
124
123
122
121
121
121
122
122
122
124
127
127
127
127
127
127
127
127
127
127
113
116
119
122
126
127
127
127
127
127
127
127
103
104
103
103
103
104
105
106
106
108
106
103
84
79
74
68
63
60
56
54
50
68
93
64
54
51
49
47
45
43
42
41
40
47
71
86
40
40
40
40
40
42
42
43
42
40
51
80
44
43
43
44
43
44
44
44
43
44
40
39
43
43
44
43
43
43
43
42
42
43
43
40
43
43
42
42
43
44
43
43
43
43
42
42
43
43
41
41
43
43
43
43
43
43
43
43
42
42
42
42
43
42
43
43
43
43
44
45
114
113
112
110
109
109
108
107
107
108
108
110
119
117
116
114
113
113
112
111
111
112
113
114
127
125
123
121
119
119
118
117
118
118
120
120
127
127
127
127
127
127
126
126
126
126
127
127
127
127
127
127
127
127
127
127
127
127
127
127
121
124
127
127
127
127
127
127
127
127
127
127
113
115
117
122
127
127
127
127
127
127
127
127
103
104
103
103
103
103
105
106
108
108
106
106
83
78
72
67
61
58
54
51
49
47
43
45
51
49
46
44
42
41
39
38
37
36
35
33
37
37
36
37
37
39
39
39
40
40
40
38
40
40
40
40
40
41
41
40
40
40
41
41
40
40
41
40
40
40
40
40
40
40
40
38
40
40
40
39
40
40
41
40
40
40
39
39
40
40
39
40
40
40
41
40
40
40
40
40
39
40
39
40
40
40
40
40
40
41
41
42
127
127
127
127
127
127
127
127
127
127
127
127
127
127
127
127
127
127
127
127
127
127
127
127
127
127
127
127
127
127
127
127
127
127
127
127
127
127
127
127
127
127
127
127
127
127
127
127
127
127
127
127
127
127
127
127
127
127
127
127
120
124
127
127
127
127
127
127
127
127
127
127
113
114
115
120
127
127
127
127
127
127
127
127
103
104
103
103
102
101
103
109
112
113
112
112
83
78
73
67
62
57
54
51
49
47
43
45
52
49
47
44
43
42
40
38
38
36
35
33
37
37
37
38
38
40
40
40
40
40
40
38
41
41
41
42
41
42
42
41
40
42
41
42
41
41
42
40
40
41
40
40
40
41
41
39
40
40
40
40
41
42
41
40
40
40
40
40
40
40
40
40
41
41
41
40
40
41
40
41
40
40
40
40
41
40
40
41
41
42
42
43
