104
102
100
98
95
92
91
89
89
89
89
92
109
106
104
102
99
96
95
93
93
93
93
96
117
113
110
108
105
103
101
99
99
99
99
102
126
121
119
116
113
111
110
107
107
107
107
109
127
127
127
127
123
120
118
116
116
116
116
116
123
125
127
127
127
127
127
127
127
127
127
127
112
115
119
123
127
127
127
127
127
127
127
127
100
100
100
100
101
103
104
104
108
108
107
109
79
73
68
63
58
55
53
47
69
85
65
50
51
49
47
45
43
42
41
40
47
63
75
83
39
40
40
41
41
42
42
43
40
47
68
86
43
43
44
45
43
43
43
42
43
40
39
43
43
43
43
43
42
43
43
43
43
43
42
43
43
44
43
43
43
43
43
44
45
43
43
43
43
44
43
43
44
44
45
45
44
43
43
43
43
43
43
43
44
44
45
44
42
43
44
43
119
116
113
111
107
105
104
103
102
101
103
104
123
120
117
115
112
110
108
106
106
106
106
108
127
127
124
121
119
116
114
113
112
113
113
114
127
127
127
127
127
124
123
120
120
120
120
122
127
127
127
127
127
127
127
127
127
127
127
127
121
126
127
127
127
127
127
127
127
127
127
127
112
114
118
123
127
127
127
127
127
127
127
127
100
100
100
99
99
101
104
106
106
109
111
113
78
73
67
61
56
53
49
48
45
43
46
47
49
47
44
42
40
39
37
37
36
35
33
33
36
37
37
37
38
39
39
40
40
39
38
37
40
40
41
40
40
40
40
40
40
40
41
40
40
41
40
40
39
40
40
40
41
40
40
40
40
41
40
40
40
40
40
41
41
40
40
41
40
41
40
40
41
40
40
42
41
40
40
41
40
40
40
40
41
40
40
41
40
40
41
40
127
127
127
127
127
127
127
127
127
127
127
127
127
127
127
127
127
127
127
127
127
127
127
127
127
127
127
127
127
127
127
127
127
127
127
127
127
127
127
127
127
127
127
127
127
127
127
127
127
127
127
127
127
127
127
127
127
127
127
127
120
127
127
127
127
127
127
127
127
127
127
127
111
113
115
125
127
127
127
127
127
127
127
127
100
101
100
99
98
101
106
111
113
116
120
123
78
73
68
61
57
54
50
48
45
43
47
47
50
47
45
43
41
40
39
38
36
34
33
33
37
37
38
39
39
40
40
41
40
40
39
38
40
41
42
42
40
41
40
40
40
40
42
41
41
42
40
40
40
40
40
41
42
41
40
42
41
42
41
41
41
41
41
42
42
41
40
42
41
42
41
41
42
42
42
43
41
41
41
42
41
41
40
40
42
42
42
42
40
40
42
41
