106
103
100
96
93
91
89
87
86
86
88
89
110
107
104
100
97
95
92
90
90
90
91
92
116
113
110
106
103
101
99
96
96
96
97
99
124
121
118
114
111
109
106
104
104
104
105
106
127
127
127
124
120
118
116
113
113
113
113
115
124
127
127
127
127
127
127
127
127
127
126
126
113
116
121
125
127
127
127
127
126
127
127
125
99
98
99
99
99
102
103
106
108
108
113
102
72
68
63
58
54
52
47
68
88
62
47
43
49
47
45
43
42
40
40
47
68
85
88
70
40
40
41
41
42
42
43
40
50
78
98
100
43
43
44
43
44
43
43
43
40
37
54
93
43
46
45
42
43
43
41
43
42
42
43
44
43
43
43
41
43
43
42
43
44
43
41
39
43
42
42
41
43
43
43
44
46
43
42
43
42
42
42
42
42
43
45
44
47
44
43
43
118
116
113
110
106
104
102
99
99
99
100
100
123
120
117
113
110
108
106
103
103
103
103
105
127
127
124
120
117
115
112
110
109
110
110
112
127
127
127
127
126
123
120
117
116
117
117
120
127
127
127
127
127
127
127
127
125
125
126
127
124
127
127
127
127
127
127
127
127
127
127
127
112
116
121
127
127
127
127
127
127
127
127
127
99
99
99
97
99
102
104
106
109
113
120
106
71
67
61
56
52
50
47
45
43
46
50
48
47
44
42
40
39
38
37
36
35
33
33
35
37
37
37
39
39
39
40
40
39
37
36
37
40
40
40
40
41
40
40
40
40
40
40
37
41
41
40
40
40
40
39
40
40
40
41
41
41
40
40
39
40
40
40
40
41
41
40
41
40
40
39
39
40
40
41
40
42
41
40
40
39
40
40
40
40
40
41
40
41
41
40
40
127
127
127
127
127
127
127
127
127
127
127
127
127
127
127
127
127
127
127
127
127
127
127
127
127
127
127
127
127
127
127
127
127
127
127
127
127
127
127
127
127
127
127
127
127
127
127
127
127
127
127
127
127
127
127
127
127
127
127
127
125
127
127
127
127
127
127
127
127
127
127
127
110
113
120
127
127
127
127
127
127
127
127
127
99
99
97
96
97
103
110
113
118
123
127
115
71
68
62
57
53
50
48
44
43
47
50
50
47
45
43
42
40
38
38
37
34
33
33
35
37
38
39
40
40
40
41
41
40
37
37
37
41
41
42
41
42
41
41
41
40
40
40
39
42
43
42
40
41
40
40
40
41
41
41
42
41
40
40
40
40
40
40
41
42
42
40
42
40
40
40
40
40
40
42
41
43
42
40
41
40
40
40
40
40
41
43
42
43
42
41
41
