106
102
98
96
92
90
88
85
85
85
85
88
110
106
103
99
96
94
91
89
89
89
89
92
116
113
110
106
103
100
97
95
95
95
96
98
123
121
118
113
110
108
105
103
103
103
103
106
127
127
127
123
120
117
114
112
111
111
112
114
126
127
127
127
127
127
127
127
126
124
125
125
114
117
122
126
127
127
127
127
127
127
127
113
97
96
97
98
99
102
103
108
108
113
113
78
69
64
61
56
54
50
52
88
75
47
46
41
47
46
44
43
42
40
40
61
87
96
71
41
40
40
41
42
42
43
42
44
75
105
107
93
43
43
43
43
43
44
44
42
37
53
106
127
41
43
43
43
44
44
45
44
43
42
44
65
43
43
43
43
44
44
45
46
43
40
38
43
43
43
43
43
44
44
44
46
43
41
43
41
43
43
43
43
44
43
43
43
41
41
43
43
119
116
112
109
106
102
100
98
97
97
98
100
123
120
116
113
110
106
104
102
101
101
102
104
127
127
123
119
116
113
110
108
107
107
108
110
127
127
127
127
123
121
118
116
116
116
116
118
127
127
127
127
127
127
127
125
124
124
125
127
127
127
127
127
127
127
127
127
127
127
127
127
113
116
123
127
127
127
127
127
127
127
127
118
97
96
96
97
99
103
104
107
111
117
118
78
68
64
59
54
51
48
46
43
45
48
51
43
45
43
42
40
39
37
37
35
33
33
35
37
37
37
38
39
39
39
40
40
38
36
35
37
40
40
40
40
40
40
40
40
40
40
37
33
39
40
40
40
41
41
40
40
40
41
40
37
40
40
40
40
41
41
41
41
40
40
40
40
40
40
40
41
41
41
41
41
39
39
40
41
40
40
40
40
41
41
41
40
38
39
40
40
127
127
127
127
127
127
127
127
127
127
127
127
127
127
127
127
127
127
127
127
127
127
127
127
127
127
127
127
127
127
127
127
127
127
127
127
127
127
127
127
127
127
127
127
127
127
127
127
127
127
127
127
127
127
127
127
127
127
127
127
127
127
127
127
127
127
127
127
127
127
127
127
111
115
126
127
127
127
127
127
127
127
127
127
97
96
96
95
99
105
110
115
122
127
127
78
68
64
59
54
51
49
47
43
45
50
54
43
46
44
43
40
40
38
37
34
33
33
36
38
37
38
39
39
40
40
40
40
39
37
35
37
40
41
41
40
40
41
41
41
42
41
37
33
40
41
40
40
42
42
42
42
40
42
40
38
40
40
40
41
42
42
43
43
41
40
41
40
41
40
40
42
42
42
43
43
40
39
41
41
41
40
40
41
42
42
42
42
40
39
41
41
