105
101
97
94
90
88
85
83
82
82
84
85
109
106
102
98
94
92
89
86
86
86
88
89
115
113
109
104
100
98
95
92
92
92
94
96
123
120
116
113
109
105
103
100
100
100
102
104
127
127
126
121
117
115
112
110
109
110
111
113
127
127
127
127
127
127
127
124
123
122
123
122
116
119
123
127
127
127
125
126
127
127
117
105
94
95
96
96
99
100
106
107
110
120
88
67
64
60
57
54
50
48
94
69
41
54
47
42
46
44
43
42
41
37
79
121
75
37
32
39
40
40
41
42
43
40
57
127
127
85
53
40
43
43
43
43
43
43
37
67
127
127
106
59
43
43
44
44
43
43
44
41
75
127
127
127
44
44
43
46
43
43
44
40
42
96
127
127
44
45
44
47
45
42
42
43
37
45
113
127
43
45
45
47
47
42
42
43
43
35
56
127
117
114
110
106
103
101
98
96
95
95
96
97
122
119
115
111
107
104
102
99
99
99
100
102
127
126
122
118
114
110
108
106
105
105
107
110
127
127
127
126
122
118
116
113
113
113
115
117
127
127
127
127
127
127
125
123
122
122
123
127
127
127
127
127
127
127
127
127
127
127
127
127
114
120
127
127
127
127
127
127
127
127
123
105
94
93
94
95
99
101
106
110
116
127
89
65
62
59
55
50
49
47
43
45
48
54
44
40
43
42
40
39
38
37
34
31
34
37
37
38
37
37
39
39
40
40
39
35
34
36
39
40
40
40
40
40
40
40
40
40
33
33
36
39
40
40
41
40
40
40
41
41
37
33
31
34
41
41
40
40
40
40
40
40
40
36
31
32
41
41
40
40
41
40
39
40
41
38
35
33
41
42
41
41
41
39
39
41
41
39
38
33
127
127
127
127
127
127
127
127
127
127
127
127
127
127
127
127
127
127
127
127
127
127
127
127
127
127
127
127
127
127
127
127
127
127
127
127
127
127
127
127
127
127
127
127
127
127
127
127
127
127
127
127
127
127
127
127
127
127
127
127
127
127
127
127
127
127
127
127
127
127
127
127
113
120
127
127
127
127
127
127
127
127
127
107
94
93
92
94
99
106
112
120
127
127
92
63
62
58
54
51
49
47
43
45
50
57
46
40
43
42
41
40
39
37
33
30
34
37
38
39
38
38
40
40
40
40
39
35
34
36
40
42
41
40
41
41
41
41
41
40
33
33
37
40
40
41
42
42
41
41
42
42
38
33
32
34
41
42
41
43
42
40
41
41
40
36
32
32
42
42
41
43
43
40
40
41
41
39
35
33
42
43
42
43
43
40
40
42
42
40
38
33
