104
101
97
92
89
85
83
82
81
81
83
85
108
105
101
96
92
89
87
85
85
85
86
89
114
111
107
103
99
96
93
91
91
91
92
95
122
119
115
110
106
103
101
99
99
99
101
103
127
127
124
120
116
112
110
107
107
108
110
116
127
127
127
127
127
127
124
122
120
121
123
120
116
120
124
126
127
123
127
127
127
127
110
100
91
90
92
94
96
99
106
109
120
112
73
64
59
57
54
50
47
89
65
49
56
53
43
42
45
43
43
38
57
127
72
34
42
40
40
41
41
41
41
37
87
127
109
40
41
41
43
44
43
43
42
40
116
127
127
57
40
43
43
44
42
43
42
49
127
127
127
101
37
41
43
42
42
44
41
62
127
127
127
127
57
39
42
43
43
44
40
82
127
127
127
127
101
40
41
43
44
43
40
100
127
127
127
127
127
47
41
42
116
114
110
106
102
98
96
93
93
93
94
96
121
118
114
110
106
102
99
97
97
97
99
101
127
124
120
116
112
108
106
103
103
103
106
109
127
127
127
124
120
116
113
111
111
112
113
116
127
127
127
127
127
125
123
120
120
121
124
127
127
127
127
127
127
127
127
127
127
127
127
123
115
121
127
127
127
127
127
127
127
127
113
100
91
90
91
93
96
100
106
113
127
117
73
65
57
54
52
49
47
43
45
47
54
51
41
40
42
40
40
39
37
30
34
37
37
37
38
38
38
38
39
40
37
31
36
40
39
39
40
40
40
40
40
40
37
32
34
40
40
40
40
40
40
40
40
40
34
32
32
37
40
40
40
39
40
41
41
40
33
32
32
34
39
40
40
40
40
42
41
38
32
32
32
32
37
40
39
40
40
41
40
37
32
32
32
32
34
40
39
39
127
127
127
127
127
127
127
127
127
127
127
127
127
127
127
127
127
127
127
127
127
127
127
127
127
127
127
127
127
127
127
127
127
127
127
127
127
127
127
127
127
127
127
127
127
127
127
127
127
127
127
127
127
127
127
127
127
127
127
127
127
127
127
127
127
127
127
127
127
127
127
127
114
124
127
127
127
127
127
127
127
127
121
99
90
89
89
92
98
106
115
124
127
127
71
64
57
55
52
49
47
43
45
47
56
54
41
40
43
42
40
40
37
30
34
37
37
37
39
39
39
40
40
41
38
30
37
41
40
39
41
41
40
41
41
41
37
31
34
41
41
40
41
41
40
41
42
41
34
32
32
37
41
40
41
40
40
42
43
40
33
32
32
34
40
40
40
40
40
42
43
39
32
32
32
32
37
40
39
40
41
41
42
38
32
32
32
32
34
40
40
40
