105
102
98
94
90
86
85
82
82
82
83
85
109
106
102
98
94
90
88
85
85
85
87
89
115
112
108
104
100
96
94
92
92
92
93
96
123
120
116
112
108
104
102
99
99
99
102
104
127
127
127
121
117
113
111
109
108
109
110
113
121
124
127
127
127
127
127
124
122
121
123
127
103
107
112
116
119
121
123
122
125
127
127
125
82
83
83
83
85
88
94
99
110
122
116
99
59
57
54
51
50
47
45
80
78
57
54
47
46
44
43
42
42
38
48
127
92
35
40
40
41
42
42
42
43
39
75
127
127
39
40
43
42
43
43
43
43
40
106
127
127
63
40
43
43
43
43
43
43
43
127
127
127
113
38
44
43
43
43
43
41
56
127
127
127
127
64
39
43
43
43
43
39
78
127
127
127
127
110
43
43
43
44
44
37
98
127
127
127
127
127
54
118
115
111
106
102
100
97
95
94
94
95
98
122
119
115
110
106
103
101
99
98
98
99
102
127
126
122
117
113
110
107
105
104
104
106
108
127
127
127
125
121
117
115
113
112
113
114
116
127
127
127
127
127
127
124
122
121
121
123
125
122
127
127
127
127
127
127
127
127
127
127
127
103
106
113
118
123
127
127
127
127
127
127
127
83
82
83
83
84
87
94
102
111
127
123
101
57
54
51
50
47
45
45
43
45
54
52
44
43
41
40
40
38
38
37
30
33
37
37
37
37
38
40
39
40
40
37
31
34
38
39
40
39
40
40
40
41
41
37
32
33
38
40
40
40
41
40
40
41
41
34
32
32
35
40
40
41
41
40
40
40
40
33
32
32
33
39
41
41
41
40
40
40
38
32
32
32
32
37
40
40
40
41
40
41
37
32
32
32
32
33
40
127
127
127
127
127
127
127
127
127
127
127
127
127
127
127
127
127
127
127
127
127
127
127
127
127
127
127
127
127
127
127
127
127
127
127
127
127
127
127
127
127
127
127
127
127
127
127
127
127
127
127
127
127
127
127
127
127
127
127
127
125
127
127
127
127
127
127
127
127
127
127
127
101
104
112
123
127
127
127
127
127
127
127
127
83
82
82
81
82
86
96
109
122
127
127
108
57
54
52
50
47
46
46
44
46
56
54
45
43
42
42
40
39
39
37
30
33
37
37
37
39
40
40
40
40
41
38
31
34
39
40
41
40
41
41
40
42
42
37
32
33
39
41
41
41
41
40
41
42
43
34
32
32
36
41
42
42
42
41
41
41
41
33
32
32
33
40
41
41
42
41
41
41
39
32
32
32
32
36
41
40
42
42
41
42
37
32
32
32
32
33
40
