105
102
98
94
90
85
85
82
82
82
83
85
109
106
102
97
93
90
88
85
85
85
87
89
116
112
108
103
99
97
94
92
92
92
93
96
123
120
116
112
108
104
102
99
99
99
101
103
127
127
127
122
117
113
111
109
108
109
110
113
119
123
126
127
127
127
126
124
123
120
123
127
102
105
110
114
117
120
122
123
123
127
127
126
82
82
82
82
83
87
92
99
108
123
118
100
59
57
54
51
49
48
46
57
99
61
54
47
45
44
43
42
43
41
35
72
127
64
34
40
41
41
42
42
43
43
36
92
127
110
44
39
43
43
44
43
43
43
37
96
127
127
81
38
43
42
43
42
42
44
38
96
127
127
127
61
42
43
42
43
43
44
37
96
127
127
127
127
42
43
43
43
44
43
37
96
127
127
127
127
43
43
44
43
44
43
37
95
127
127
127
127
118
115
111
106
103
100
97
95
94
94
95
98
122
119
115
110
106
103
101
99
98
98
99
102
127
126
122
116
113
110
107
105
104
104
106
108
127
127
127
125
121
117
115
113
112
113
114
116
127
127
127
127
127
127
124
122
121
121
123
125
120
125
127
127
127
127
127
127
127
127
127
127
101
105
110
116
121
126
127
127
127
127
127
127
82
82
82
81
82
86
92
101
110
126
124
103
57
55
52
49
47
45
46
45
43
53
52
44
43
42
41
40
39
37
37
34
30
37
37
37
38
38
39
39
40
39
40
37
31
35
39
40
40
40
40
40
40
40
40
37
32
33
37
40
40
40
40
40
40
41
41
37
32
32
34
38
39
40
39
40
40
41
40
37
32
32
32
34
40
40
40
41
41
41
40
37
32
32
32
32
40
41
41
40
40
40
41
37
32
32
32
32
127
127
127
127
127
127
127
127
127
127
127
127
127
127
127
127
127
127
127
127
127
127
127
127
127
127
127
127
127
127
127
127
127
127
127
127
127
127
127
127
127
127
127
127
127
127
127
127
127
127
127
127
127
127
127
127
127
127
127
127
121
127
127
127
127
127
127
127
127
127
127
127
99
102
109
119
127
127
127
127
127
127
127
127
82
82
81
80
80
84
94
106
121
127
127
111
57
54
52
50
47
46
46
46
43
56
54
45
43
42
42
40
40
39
38
35
29
37
38
37
39
40
40
40
40
40
40
37
32
35
40
41
41
41
42
41
40
41
41
37
32
33
38
41
40
40
41
40
40
42
42
37
32
32
34
39
40
40
40
41
41
43
41
37
32
32
32
34
40
41
40
42
42
42
41
37
32
32
32
32
41
42
42
41
42
41
42
37
32
32
32
32
