103
99
94
89
85
82
80
78
78
79
80
82
106
103
98
93
89
85
83
82
82
82
85
87
113
109
104
99
96
92
89
88
88
89
92
95
121
117
112
107
103
99
97
96
96
97
99
103
127
127
123
117
113
109
106
105
106
106
109
112
113
118
123
125
126
124
122
119
118
122
125
127
92
97
104
110
116
120
123
127
127
123
122
117
72
72
74
78
82
89
100
116
124
102
89
81
53
50
49
49
48
47
48
53
103
69
37
42
43
43
42
42
41
41
40
37
75
122
81
40
41
43
42
43
42
43
43
40
50
122
127
96
42
43
43
43
43
43
43
43
38
57
127
127
43
44
44
46
44
42
43
43
44
40
68
127
43
43
44
45
43
42
43
43
45
42
43
81
43
44
44
43
42
43
43
43
43
44
41
41
43
45
45
42
43
43
43
43
42
43
44
42
116
112
107
103
99
95
92
90
90
90
93
95
120
116
111
106
103
99
96
94
94
95
97
99
127
123
118
113
109
105
103
100
100
103
104
106
127
127
126
120
116
113
110
109
109
110
113
115
127
127
127
127
126
122
120
118
118
120
122
125
113
120
126
127
127
127
127
127
127
127
127
127
92
96
103
113
120
127
127
127
127
127
127
123
73
72
74
76
81
89
103
120
126
106
92
81
51
49
48
47
47
45
45
50
50
43
43
43
41
40
40
40
39
38
37
37
36
30
33
37
38
40
39
40
40
40
40
40
39
35
34
37
40
40
40
40
40
40
40
40
41
40
33
33
41
41
40
40
40
40
40
40
41
40
38
33
41
41
41
41
40
40
40
40
41
41
40
38
41
42
41
40
39
40
40
41
40
41
42
41
41
43
41
39
40
40
40
40
40
40
42
41
127
127
127
127
127
127
127
127
127
127
127
127
127
127
127
127
127
127
127
127
127
127
127
127
127
127
127
127
127
127
127
127
127
127
127
127
127
127
127
127
127
127
127
127
127
127
127
127
127
127
127
127
127
127
127
127
127
127
127
127
113
123
127
127
127
127
127
127
127
127
127
127
92
94
101
115
127
127
127
127
127
127
127
127
73
72
74
75
79
90
110
127
127
116
95
79
52
50
49
47
47
46
46
53
53
43
44
43
42
41
41
40
40
39
37
37
36
30
33
38
39
40
40
40
40
41
40
40
40
35
34
37
40
41
41
41
41
41
40
40
42
40
34
33
41
42
42
42
41
40
40
40
42
42
39
33
42
42
42
42
40
40
40
41
42
42
41
38
42
42
42
41
40
40
40
42
41
42
43
41
42
43
43
40
40
41
41
41
40
41
43
42
