100
96
92
87
83
80
78
77
77
78
80
82
104
100
96
91
87
83
81
80
81
82
84
86
111
106
102
97
93
89
87
86
87
89
91
94
119
114
110
105
101
97
95
94
95
97
100
103
127
126
120
114
110
106
104
104
105
107
110
113
115
120
124
125
125
123
118
117
120
123
126
125
94
100
108
114
119
123
127
127
121
120
116
112
71
73
75
80
88
98
114
123
104
89
81
74
51
50
49
48
47
47
50
83
88
42
39
43
43
43
43
42
40
40
39
51
106
106
53
32
43
41
43
43
43
43
41
39
88
127
114
71
43
42
43
43
44
44
42
42
38
110
127
127
43
43
43
43
43
44
43
44
40
47
121
127
44
43
43
43
43
43
41
43
42
37
65
127
43
43
44
44
43
43
40
42
43
42
38
75
43
43
44
44
43
43
42
40
42
44
42
37
113
110
105
100
96
92
89
89
89
89
91
94
117
113
109
104
99
96
93
92
92
93
96
99
124
120
115
110
106
102
99
99
99
101
103
107
127
127
123
118
114
110
108
107
108
110
112
116
127
127
127
127
123
120
117
116
117
119
123
126
115
123
127
127
127
127
127
127
127
127
127
127
93
99
108
117
125
127
127
127
127
127
123
116
71
73
75
79
87
99
120
126
107
92
81
72
50
48
47
47
45
45
50
51
43
43
43
42
41
40
40
39
38
37
37
37
32
32
36
39
40
39
40
40
40
40
38
39
37
33
35
39
40
40
40
41
41
40
39
40
40
37
32
33
40
40
40
40
41
40
40
41
40
40
36
31
41
40
41
41
41
40
40
40
40
41
40
33
41
40
41
41
40
40
39
39
40
41
40
37
40
41
40
41
40
40
39
38
40
41
40
40
127
127
127
127
127
127
127
127
127
127
127
127
127
127
127
127
127
127
127
127
127
127
127
127
127
127
127
127
127
127
127
127
127
127
127
127
127
127
127
127
127
127
127
127
127
127
127
127
127
127
127
127
127
127
127
127
127
127
127
127
117
127
127
127
127
127
127
127
127
127
127
127
92
96
108
126
127
127
127
127
127
127
127
125
71
73
74
78
86
105
127
127
117
96
79
70
50
48
48
47
46
46
52
54
43
43
43
42
42
40
40
40
39
37
37
37
31
32
37
40
40
40
40
40
41
41
40
40
38
34
36
39
41
40
41
42
42
42
40
41
42
37
32
33
41
40
41
41
42
42
41
42
40
40
35
31
42
41
42
42
42
41
40
41
40
42
40
33
42
41
42
42
42
41
40
40
40
42
41
38
41
42
41
42
41
41
40
39
40
42
41
40
