98
94
89
85
81
78
76
75
76
76
78
82
102
98
93
89
85
82
79
78
80
81
83
87
108
104
99
95
91
87
85
85
86
89
91
95
116
112
107
103
99
95
93
93
94
97
99
103
127
123
116
112
107
105
103
103
104
107
111
115
120
124
126
126
123
120
116
118
122
123
125
123
99
106
113
118
123
127
127
120
120
116
112
106
73
75
78
86
96
110
123
106
91
82
74
69
50
49
48
48
47
49
77
91
44
39
44
43
43
42
41
41
40
38
47
103
109
54
33
37
42
42
42
43
43
42
38
83
127
115
66
43
43
43
43
43
44
43
41
39
120
127
127
73
43
43
43
43
44
43
42
40
58
127
127
127
44
43
43
43
43
43
42
41
40
94
127
127
45
45
45
43
41
43
42
43
40
50
127
127
46
46
47
44
41
43
41
43
44
37
86
127
110
107
103
98
93
91
88
87
88
89
92
94
115
111
106
102
97
93
92
91
92
93
96
99
123
118
113
108
103
99
98
97
98
100
103
107
127
126
120
116
112
108
106
106
106
109
113
116
127
127
127
125
120
117
116
116
116
120
124
127
121
127
127
127
127
127
127
127
127
127
127
127
99
106
116
124
127
127
127
127
127
123
116
108
73
75
78
85
97
115
127
110
94
82
73
68
49
48
46
46
45
49
53
44
43
43
42
42
40
40
39
38
37
37
37
33
32
37
39
39
39
39
40
40
40
39
39
37
33
35
39
40
40
40
40
40
41
40
40
40
36
31
34
38
40
40
40
40
40
40
40
40
40
33
31
33
40
40
40
40
40
40
40
40
41
37
32
32
40
40
40
40
38
40
39
40
41
40
35
32
41
40
41
40
38
40
38
40
41
41
38
33
127
127
127
127
127
127
127
127
127
127
127
127
127
127
127
127
127
127
127
127
127
127
127
127
127
127
127
127
127
127
127
127
127
127
127
127
127
127
127
127
127
127
127
127
127
127
127
127
127
127
127
127
127
127
127
127
127
127
127
127
126
127
127
127
127
127
127
127
127
127
127
127
95
105
121
127
127
127
127
127
127
127
126
111
72
74
76
83
101
127
127
121
98
81
71
68
49
49
47
47
46
50
55
44
43
43
42
42
41
40
40
39
38
37
37
31
32
37
40
40
40
40
40
40
41
40
39
37
33
36
40
41
41
42
40
41
42
40
40
41
37
31
34
39
41
40
41
41
42
41
40
41
41
33
31
33
42
41
41
40
40
41
40
40
42
37
32
31
42
42
42
40
39
41
40
40
42
41
35
31
43
42
43
41
39
40
39
41
42
43
39
32
