97
93
89
84
80
78
75
75
75
76
78
82
101
97
92
87
83
81
78
78
79
81
83
87
107
103
99
93
89
86
85
85
85
88
91
95
115
111
106
101
97
94
92
92
94
96
100
103
125
121
115
110
106
104
103
102
104
108
112
116
122
126
127
125
122
117
116
120
121
123
123
121
103
110
116
121
124
127
123
120
118
113
109
103
74
77
82
91
102
120
119
96
86
78
71
67
50
50
47
48
48
58
100
60
37
43
43
43
43
42
41
40
40
39
86
121
64
32
37
42
43
42
43
43
43
38
64
127
127
70
43
38
44
43
43
44
43
41
39
111
127
127
71
41
44
43
43
43
43
43
40
64
127
127
127
92
45
45
43
42
43
42
43
43
114
127
127
127
45
46
43
41
43
42
43
38
68
127
127
127
44
44
43
41
43
43
43
41
40
127
127
127
110
105
101
96
92
89
87
86
87
88
90
94
114
110
105
100
96
92
91
90
91
93
96
99
120
116
111
106
103
99
97
96
98
100
103
107
127
124
120
114
110
106
106
105
107
109
113
116
127
127
127
123
120
116
115
114
117
121
125
127
126
127
127
127
127
127
127
127
127
127
127
127
103
111
120
127
127
127
127
127
126
119
111
103
74
76
81
90
105
124
120
101
87
76
70
67
49
47
46
45
46
53
48
43
43
42
42
42
40
39
38
37
37
37
33
30
35
38
39
38
39
39
40
40
40
38
37
33
35
38
40
40
40
40
40
40
40
39
40
37
32
33
38
40
40
40
40
40
40
40
40
39
33
32
33
37
40
41
40
39
40
40
41
41
36
31
32
33
40
41
40
39
40
40
41
41
40
32
32
32
40
40
40
39
40
40
40
40
40
34
32
32
127
127
127
127
127
127
127
127
127
127
127
127
127
127
127
127
127
127
127
127
127
127
127
127
127
127
127
127
127
127
127
127
127
127
127
127
127
127
127
127
127
127
127
127
127
127
127
127
127
127
127
127
127
127
127
127
127
127
127
127
127
127
127
127
127
127
127
127
127
127
127
127
100
113
127
127
127
127
127
127
127
127
117
103
73
75
78
91
113
127
127
109
89
75
68
64
48
48
46
45
46
55
49
43
43
43
42
42
41
40
40
38
37
37
33
30
35
39
39
39
40
40
40
41
41
39
38
33
35
39
41
40
41
40
41
42
40
40
41
37
32
34
39
40
41
41
40
40
41
40
42
40
33
32
33
37
42
43
41
40
40
40
42
43
37
31
32
33
43
43
41
40
40
40
42
42
40
32
32
32
42
41
40
40
40
41
41
40
41
34
32
32
