97
92
89
84
80
77
75
75
75
76
78
82
101
96
92
87
83
80
78
78
79
81
83
87
107
103
98
93
89
86
85
85
85
88
91
95
114
110
106
101
97
94
92
92
94
96
100
103
125
121
115
110
106
103
103
102
104
108
112
116
123
126
127
125
122
116
116
120
122
123
123
121
103
110
116
121
125
127
123
120
117
113
108
103
73
77
82
91
103
120
118
96
85
78
71
67
50
49
47
48
48
60
102
56
38
43
43
43
43
41
40
41
40
39
93
120
59
32
38
41
43
43
42
43
43
37
71
127
121
64
41
39
43
44
43
43
43
40
42
125
127
127
63
40
44
45
45
43
42
43
39
77
127
127
127
79
44
45
44
42
43
43
41
47
127
127
127
127
44
45
43
42
45
43
43
37
88
127
127
127
43
45
43
43
45
43
41
39
53
127
127
127
110
105
101
96
92
88
87
86
87
88
90
94
114
110
105
100
96
92
91
90
91
93
96
99
120
116
111
106
102
99
97
96
98
101
104
107
127
123
119
114
110
106
106
105
107
110
113
116
127
127
127
123
119
116
115
114
117
121
126
127
126
127
127
127
127
127
127
127
127
127
127
127
103
112
121
127
127
127
127
127
125
119
110
103
74
76
81
91
106
125
120
100
87
76
70
67
48
47
46
45
47
53
48
43
43
42
41
42
40
40
38
37
37
37
33
31
35
38
38
38
39
40
40
40
40
39
37
33
34
39
40
40
40
40
40
40
40
40
40
36
31
34
38
40
41
40
41
40
39
40
41
39
33
32
33
37
42
41
40
40
40
40
40
40
34
32
32
33
42
41
40
40
41
40
39
40
37
32
32
32
41
42
40
40
41
40
39
40
39
33
32
32
127
127
127
127
127
127
127
127
127
127
127
127
127
127
127
127
127
127
127
127
127
127
127
127
127
127
127
127
127
127
127
127
127
127
127
127
127
127
127
127
127
127
127
127
127
127
127
127
127
127
127
127
127
127
127
127
127
127
127
127
127
127
127
127
127
127
127
127
127
127
127
127
101
114
127
127
127
127
127
127
127
127
116
103
73
75
78
92
114
127
127
108
88
75
68
64
48
48
46
45
47
55
49
43
43
43
42
42
41
40
40
38
37
37
33
30
36
39
39
40
40
40
40
41
41
39
38
33
35
40
40
41
40
41
41
41
41
40
41
36
31
35
39
41
42
42
42
40
40
40
42
39
32
32
33
38
43
43
41
40
41
41
41
41
34
32
32
33
43
43
41
40
42
41
40
41
37
32
32
32
42
43
40
40
42
41
40
40
40
33
32
32
