96
92
88
83
80
77
75
75
75
76
78
82
100
96
92
87
83
80
78
78
79
81
83
87
106
103
98
93
89
86
85
84
85
88
91
95
114
110
106
101
97
94
92
92
94
96
100
103
124
120
115
110
106
103
103
102
104
108
112
116
123
127
127
125
121
116
116
120
122
123
123
121
104
111
117
122
124
127
123
120
117
113
108
102
73
77
83
92
103
122
116
95
85
77
70
66
49
49
48
48
47
65
101
47
40
44
43
43
43
42
41
40
39
42
110
110
47
32
40
42
43
43
43
43
43
37
93
127
105
54
40
41
43
44
44
43
43
40
54
127
127
108
50
40
43
43
43
43
41
42
40
114
127
127
122
55
44
44
43
43
41
43
39
78
127
127
127
126
45
45
43
43
41
43
42
50
127
127
127
127
45
45
42
42
42
43
43
37
111
127
127
127
110
106
101
96
92
89
87
86
87
88
91
94
113
110
105
99
96
93
91
90
91
92
96
99
120
116
111
106
102
99
97
96
98
100
104
107
127
123
119
114
110
106
105
105
107
110
113
116
127
127
127
123
119
116
115
114
117
121
126
127
127
127
127
127
127
127
127
127
127
127
127
126
104
112
122
127
127
127
127
127
124
118
110
103
74
76
82
92
107
126
118
99
86
75
69
66
48
47
46
45
47
53
47
43
43
42
42
42
40
39
38
37
37
37
32
32
37
38
39
38
40
40
40
40
40
39
37
33
36
39
40
40
40
41
41
40
40
40
40
33
32
36
40
40
40
40
41
40
39
40
41
35
32
32
35
40
41
41
40
40
39
40
41
39
33
32
33
35
41
42
40
40
39
40
41
40
34
32
32
32
41
41
40
40
39
40
40
40
36
32
32
32
127
127
127
127
127
127
127
127
127
127
127
127
127
127
127
127
127
127
127
127
127
127
127
127
127
127
127
127
127
127
127
127
127
127
127
127
127
127
127
127
127
127
127
127
127
127
127
127
127
127
127
127
127
127
127
127
127
127
127
127
127
127
127
127
127
127
127
127
127
127
127
127
102
115
127
127
127
127
127
127
127
127
115
102
73
75
80
93
116
127
127
106
87
73
68
66
48
47
46
45
47
56
48
43
43
43
42
42
41
40
39
37
37
37
33
31
37
39
39
40
40
40
40
40
40
40
37
32
37
40
41
41
41
41
42
41
40
41
40
33
32
36
40
41
41
41
42
40
40
41
42
36
32
32
36
40
42
42
41
41
39
40
42
40
33
32
33
35
42
43
41
41
39
40
42
42
35
32
32
32
42
42
40
40
40
40
41
42
37
32
32
32
