96
92
88
83
79
76
75
75
75
76
80
82
100
96
91
86
82
80
78
78
78
81
84
87
106
102
97
92
89
86
85
84
85
88
91
95
113
110
105
100
96
94
92
92
94
96
100
104
123
119
114
110
106
103
102
102
104
108
112
118
125
127
127
125
121
116
117
120
122
123
122
120
106
113
119
123
127
127
121
120
116
112
106
99
75
78
85
95
107
125
107
92
83
75
68
64
49
49
48
48
47
92
80
38
44
44
43
43
43
41
41
41
36
76
127
63
32
40
41
41
43
43
43
43
39
63
127
123
57
38
43
43
44
44
43
42
41
49
127
127
113
46
42
43
43
44
43
44
43
42
127
127
127
107
41
39
43
43
42
43
43
40
119
127
127
127
97
40
43
42
41
42
44
40
101
127
127
127
127
87
43
42
41
42
43
40
89
127
127
127
127
127
108
105
100
96
92
88
86
86
87
88
91
94
113
109
104
99
95
92
90
90
91
92
96
99
120
115
110
106
101
98
96
96
98
100
104
107
127
123
118
113
110
106
105
105
107
110
113
116
127
127
127
123
119
116
115
114
117
121
126
127
127
127
127
127
127
127
127
127
127
127
127
123
107
116
124
127
127
127
127
127
123
115
106
99
75
78
85
96
112
127
112
95
82
73
68
64
48
47
45
44
47
52
45
43
43
42
42
42
40
39
38
37
37
36
30
35
37
37
39
38
39
40
40
40
40
38
32
35
39
40
40
40
40
40
40
40
40
40
33
32
35
40
41
40
41
41
40
40
40
40
34
32
32
36
40
40
41
40
39
40
41
41
36
32
32
33
37
40
41
39
38
39
41
41
37
32
32
32
33
37
40
39
39
40
40
42
39
32
32
32
32
33
127
127
127
127
127
127
127
127
127
127
127
127
127
127
127
127
127
127
127
127
127
127
127
127
127
127
127
127
127
127
127
127
127
127
127
127
127
127
127
127
127
127
127
127
127
127
127
127
127
127
127
127
127
127
127
127
127
127
127
127
127
127
127
127
127
127
127
127
127
127
127
127
106
122
127
127
127
127
127
127
127
126
110
97
74
76
83
99
124
127
125
100
82
71
67
64
48
47
46
45
49
54
47
43
43
42
43
42
40
40
39
38
37
35
30
35
38
39
40
39
40
40
40
41
40
38
32
36
40
41
41
40
42
42
41
40
40
40
33
32
36
40
42
41
42
42
41
42
40
40
34
32
32
37
41
41
42
40
40
40
41
41
36
32
32
33
37
40
42
40
39
40
42
43
38
32
32
32
33
37
41
40
40
40
41
43
40
31
32
32
32
34
