96
92
87
82
79
76
75
74
75
76
80
82
99
96
91
86
82
79
78
78
78
81
84
87
106
102
97
92
89
85
84
84
85
88
91
95
113
110
105
100
96
94
92
92
94
96
100
104
123
119
114
109
106
103
102
102
104
109
113
118
125
127
127
124
120
116
117
120
121
123
122
120
108
113
119
123
127
127
121
120
115
111
106
99
75
79
86
96
109
125
106
91
82
74
68
64
49
48
47
48
47
99
71
39
45
44
43
43
43
42
41
40
34
95
127
50
33
41
41
41
43
43
43
43
36
89
127
105
47
40
43
43
43
44
43
43
38
75
127
127
85
40
42
43
43
43
42
41
40
69
127
127
127
73
37
42
44
43
42
42
41
61
127
127
127
127
64
36
44
43
42
43
43
54
127
127
127
127
119
57
44
44
42
43
43
50
127
127
127
127
127
91
109
105
100
95
91
89
86
85
87
88
91
94
113
109
104
99
95
92
90
89
91
92
96
99
119
115
110
105
101
98
96
96
98
100
104
107
127
123
118
113
110
106
105
105
107
110
113
116
127
127
127
122
118
116
115
114
117
121
126
127
127
127
127
127
127
127
127
127
127
127
127
123
108
116
125
127
127
127
127
127
121
114
106
99
75
78
85
97
113
127
111
94
82
73
68
65
47
47
45
45
48
51
45
43
43
42
42
42
40
39
38
37
37
34
30
36
37
38
39
38
40
40
40
40
40
36
31
37
40
40
40
40
40
41
40
40
40
38
32
33
37
40
40
40
40
41
40
39
41
40
32
32
33
39
40
40
40
40
40
40
41
40
33
32
32
34
39
40
40
41
40
40
41
40
33
32
32
32
35
40
41
42
40
40
41
40
33
32
32
32
33
37
127
127
127
127
127
127
127
127
127
127
127
127
127
127
127
127
127
127
127
127
127
127
127
127
127
127
127
127
127
127
127
127
127
127
127
127
127
127
127
127
127
127
127
127
127
127
127
127
127
127
127
127
127
127
127
127
127
127
127
127
127
127
127
127
127
127
127
127
127
127
127
127
108
123
127
127
127
127
127
127
127
124
109
96
74
77
84
100
126
127
123
99
81
71
66
64
47
47
46
45
50
54
46
43
43
42
42
42
40
40
39
37
37
33
30
36
39
39
40
40
40
40
40
40
40
36
31
37
40
41
41
41
41
42
41
40
41
39
32
33
38
41
40
41
41
41
40
40
42
40
32
32
33
40
41
40
41
41
40
40
42
41
33
32
32
35
39
40
41
42
40
40
42
41
33
32
32
32
35
40
42
43
40
41
42
41
33
32
32
32
33
37
