96
92
87
82
79
76
75
74
75
77
79
82
99
96
91
86
82
79
78
78
78
81
84
87
106
102
97
92
89
85
84
84
85
88
92
95
113
110
105
100
96
94
92
92
94
96
100
104
123
118
113
109
106
103
102
102
104
109
113
118
126
127
127
124
120
116
117
120
121
123
122
119
109
115
120
123
127
126
122
120
115
110
104
98
76
80
86
96
110
125
104
92
82
73
68
64
50
48
47
47
49
104
63
41
45
43
43
43
43
42
41
40
36
113
114
40
37
41
41
41
43
43
43
43
37
120
127
85
40
41
43
43
43
44
43
42
38
116
127
127
61
38
43
44
43
43
43
43
39
115
127
127
127
43
40
43
43
43
43
43
39
114
127
127
127
100
40
40
42
42
43
43
38
113
127
127
127
127
77
41
43
42
43
43
37
113
127
127
127
127
126
44
109
105
100
95
91
89
86
85
86
88
91
94
113
109
104
99
95
92
90
89
91
92
96
99
119
115
110
105
101
99
96
96
99
100
104
107
127
123
118
113
110
106
105
105
107
110
113
116
127
127
127
122
118
116
114
115
118
122
127
127
127
127
127
127
127
127
127
127
127
127
127
123
109
117
125
127
127
127
127
127
122
114
105
97
75
79
86
98
114
127
110
93
81
73
67
64
47
46
45
45
49
51
46
43
43
42
42
42
40
39
38
37
37
33
31
37
37
37
38
38
40
40
40
40
40
34
32
37
40
40
40
40
40
40
40
39
41
36
31
33
39
40
40
40
40
40
40
40
41
36
32
32
35
39
40
39
40
40
40
40
42
36
32
32
33
36
40
39
40
39
40
40
41
36
32
32
32
33
37
39
40
40
40
40
40
36
32
32
32
32
35
40
127
127
127
127
127
127
127
127
127
127
127
127
127
127
127
127
127
127
127
127
127
127
127
127
127
127
127
127
127
127
127
127
127
127
127
127
127
127
127
127
127
127
127
127
127
127
127
127
127
127
127
127
127
127
127
127
127
127
127
127
127
127
127
127
127
127
127
127
127
127
127
127
109
125
127
127
127
127
127
127
127
123
107
96
74
77
85
102
127
127
122
97
80
71
66
64
48
47
46
45
50
54
46
43
43
42
42
42
40
40
39
37
37
33
30
36
39
39
39
39
40
41
40
40
40
34
32
37
41
41
40
41
41
42
40
40
42
36
31
33
40
40
41
42
41
41
40
40
43
36
32
32
35
40
40
40
40
40
41
41
43
37
32
32
33
37
40
40
40
40
41
41
42
37
32
32
32
33
38
40
40
40
41
40
41
36
32
32
32
32
35
40
