96
92
87
82
78
76
75
74
75
77
79
82
99
96
91
86
82
79
78
78
78
81
84
87
106
102
97
92
89
85
84
84
85
88
92
95
113
110
105
100
96
93
92
92
94
96
100
105
123
118
113
109
105
103
101
102
105
109
113
119
127
127
127
124
119
116
118
120
121
122
120
116
110
116
120
124
126
125
123
118
113
109
103
96
77
82
88
98
113
123
103
89
79
71
67
64
49
48
47
44
68
100
46
46
44
43
43
43
42
42
40
33
86
127
44
39
41
41
40
41
43
43
41
42
123
127
70
39
43
43
43
43
43
43
40
61
127
127
108
37
42
43
44
43
42
42
38
97
127
127
127
48
40
43
44
43
42
43
46
127
127
127
127
75
37
43
43
44
43
42
73
127
127
127
127
111
40
41
42
43
43
40
103
127
127
127
127
127
47
40
43
43
109
103
99
95
91
88
86
85
87
88
91
94
113
108
103
99
95
92
90
89
91
92
96
99
119
115
110
105
101
98
96
96
98
100
104
108
127
123
118
113
109
106
105
105
107
110
113
117
127
127
127
122
118
116
114
115
118
122
127
127
127
127
127
127
127
127
127
127
127
127
125
120
112
120
127
127
127
127
127
127
120
112
103
95
76
80
88
101
117
127
107
90
78
71
67
64
47
46
45
45
49
51
46
43
42
42
42
42
40
39
38
37
34
31
36
37
37
37
38
38
40
40
40
40
34
30
37
40
40
40
40
40
40
40
40
40
33
32
37
40
40
40
41
40
40
40
41
38
32
32
33
40
40
40
41
40
40
40
40
34
32
32
33
38
40
40
40
41
40
41
38
32
32
32
31
36
40
40
40
41
41
41
37
32
32
32
31
34
40
40
40
40
127
127
127
127
127
127
127
127
127
127
127
127
127
127
127
127
127
127
127
127
127
127
127
127
127
127
127
127
127
127
127
127
127
127
127
127
127
127
127
127
127
127
127
127
127
127
127
127
127
127
127
127
127
127
127
127
127
127
127
127
127
127
127
127
127
127
127
127
127
127
127
127
114
127
127
127
127
127
127
127
127
118
103
92
75
78
89
106
127
127
117
93
77
68
65
63
47
47
45
46
50
54
47
43
43
42
43
42
40
40
38
37
33
30
36
37
39
39
39
40
40
40
40
40
35
30
38
41
41
41
41
41
41
40
41
40
33
32
37
41
40
41
42
41
40
40
42
38
32
32
34
40
40
41
42
41
40
41
41
34
32
32
33
38
40
40
40
42
41
43
39
32
32
32
31
37
40
40
40
42
42
43
37
32
32
32
31
35
40
40
41
41
