96
92
87
82
78
76
75
74
75
77
79
82
99
96
91
86
82
79
78
78
78
81
84
87
106
102
97
92
89
85
84
84
85
88
92
95
113
110
105
100
96
93
92
92
94
96
100
104
123
118
113
109
105
103
102
102
104
109
113
119
127
127
127
124
120
116
117
120
122
123
120
116
110
116
121
124
126
126
123
118
114
110
103
96
77
81
89
98
112
123
103
89
80
71
67
64
49
48
47
44
68
100
47
46
44
43
43
43
42
43
40
33
91
127
41
39
41
40
41
41
43
43
40
47
127
127
59
40
43
43
43
43
43
42
38
75
127
127
87
37
43
44
43
43
43
43
40
123
127
127
120
38
41
43
43
43
43
40
66
127
127
127
127
50
39
43
43
43
42
43
110
127
127
127
127
74
37
43
43
43
41
51
127
127
127
127
127
95
36
44
44
43
109
105
99
95
91
89
86
85
87
88
91
94
113
109
103
99
95
92
90
89
91
92
96
99
119
115
110
105
101
98
96
96
98
100
104
108
127
123
118
113
109
106
105
105
107
110
113
117
127
127
127
122
118
116
114
115
118
122
127
127
127
127
127
127
127
127
127
127
127
127
125
120
111
120
127
127
127
127
127
127
120
112
103
95
76
80
88
100
116
127
108
91
79
71
67
64
47
46
45
46
48
52
46
43
43
42
42
42
40
39
38
37
33
32
36
37
38
37
38
38
40
40
40
40
33
31
39
40
40
40
40
40
40
40
40
38
33
32
38
40
40
40
40
40
40
40
41
35
32
32
35
40
39
40
40
40
40
41
40
33
32
32
34
39
39
40
41
40
40
41
37
32
32
32
33
38
39
41
41
40
41
40
34
32
32
32
32
37
39
42
42
40
127
127
127
127
127
127
127
127
127
127
127
127
127
127
127
127
127
127
127
127
127
127
127
127
127
127
127
127
127
127
127
127
127
127
127
127
127
127
127
127
127
127
127
127
127
127
127
127
127
127
127
127
127
127
127
127
127
127
127
127
127
127
127
127
127
127
127
127
127
127
127
127
113
127
127
127
127
127
127
127
127
119
103
92
75
78
87
104
127
127
119
94
78
69
64
63
47
47
45
46
50
54
47
43
43
42
42
42
40
40
38
37
33
31
36
37
39
39
39
39
40
40
40
40
33
31
39
40
41
42
40
40
41
40
41
39
33
32
38
40
40
42
41
41
41
40
42
36
32
32
35
40
40
41
41
42
41
41
40
33
32
32
34
40
40
41
41
41
41
41
37
32
32
32
33
39
40
42
42
41
41
41
34
32
32
32
32
38
40
43
43
41
