96
92
88
83
79
77
75
75
75
77
81
82
100
96
92
87
83
80
78
78
79
82
85
88
106
103
98
93
89
86
85
85
86
89
92
96
114
110
106
101
97
94
93
92
95
98
101
105
123
119
114
110
106
103
103
103
106
110
114
120
127
127
127
125
120
116
118
120
122
123
121
117
110
116
120
124
125
127
123
119
114
110
103
96
77
81
88
97
111
124
105
90
80
71
67
64
49
48
47
42
71
97
47
46
44
43
43
43
42
42
39
37
114
115
36
40
41
41
41
41
42
43
37
74
127
127
39
43
43
43
43
43
43
41
46
127
127
127
42
43
43
43
43
43
43
36
94
127
127
127
47
41
42
43
43
43
39
64
127
127
127
127
52
41
42
43
43
44
50
116
127
127
127
127
61
41
42
42
43
45
71
127
127
127
127
127
70
40
43
42
42
44
110
104
100
96
92
89
87
86
88
89
91
95
113
109
104
99
96
92
91
90
92
93
97
100
120
116
110
106
102
99
97
97
99
101
105
108
127
123
119
113
110
107
106
106
107
110
113
117
127
127
127
123
119
116
116
115
118
123
127
127
127
127
127
127
127
127
127
127
127
127
125
120
112
120
127
127
127
127
127
127
120
112
103
95
76
80
87
99
115
127
110
91
79
71
67
64
47
46
45
46
47
52
47
43
43
42
42
42
39
39
37
37
32
33
37
37
37
37
38
38
39
40
40
38
32
33
40
40
40
40
40
40
40
40
40
35
32
33
40
40
40
40
40
40
40
40
37
32
32
33
40
40
39
40
40
40
41
40
33
32
32
33
40
40
39
40
40
41
41
37
32
32
32
33
40
40
39
40
40
42
40
33
32
32
32
32
40
41
40
39
39
41
127
127
127
127
127
127
127
127
127
127
127
127
127
127
127
127
127
127
127
127
127
127
127
127
127
127
127
127
127
127
127
127
127
127
127
127
127
127
127
127
127
127
127
127
127
127
127
127
127
127
127
127
127
127
127
127
127
127
127
127
127
127
127
127
127
127
127
127
127
127
127
127
113
127
127
127
127
127
127
127
127
118
103
92
75
78
87
104
127
127
121
95
77
68
65
64
47
47
45
46
49
54
47
43
43
42
42
43
40
40
38
37
32
32
37
37
39
39
39
39
40
40
40
38
33
33
40
41
41
41
40
40
40
40
41
35
32
34
40
41
41
41
41
41
41
40
37
32
32
33
41
40
40
41
41
41
42
40
33
32
32
33
40
41
40
40
40
42
43
37
31
32
32
33
40
41
40
40
40
43
42
33
31
32
32
32
41
42
40
40
40
42
