96
92
89
84
80
78
76
75
76
77
79
82
100
96
92
87
83
81
79
79
80
82
85
88
106
103
98
93
89
87
85
85
87
89
92
96
114
110
106
101
97
95
93
93
96
97
101
105
123
119
114
110
106
104
103
103
106
110
114
120
127
127
127
125
121
117
119
120
122
122
120
116
110
116
120
124
124
127
124
119
114
109
102
95
77
82
88
96
110
124
106
90
80
71
66
64
49
48
48
40
81
89
47
46
44
43
43
43
43
41
32
61
127
78
36
40
40
41
40
41
42
37
54
121
127
68
38
43
43
43
43
43
40
45
107
127
127
55
40
43
43
43
44
43
38
101
127
127
127
49
41
43
43
43
43
43
95
127
127
127
125
43
40
42
43
44
43
43
127
127
127
127
110
40
41
41
43
43
43
45
127
127
127
127
98
37
43
42
42
43
43
47
110
106
101
96
92
89
88
87
87
90
92
95
113
110
105
100
96
93
92
91
92
94
97
100
120
116
111
106
103
99
98
97
99
101
105
109
127
123
119
114
110
108
106
106
108
110
114
118
127
127
127
123
120
117
116
116
119
123
127
127
127
127
127
127
127
127
127
127
127
127
125
119
113
120
127
127
127
127
127
127
120
111
102
94
76
80
87
99
115
127
110
91
78
71
66
63
47
47
45
46
47
51
47
43
42
42
42
42
40
38
38
35
31
35
37
37
37
37
38
38
40
40
39
35
32
37
40
40
40
40
40
40
40
40
37
32
33
39
40
40
40
40
41
40
40
37
33
32
34
40
40
40
40
40
40
40
37
33
32
31
35
40
39
39
40
41
40
41
33
32
32
31
37
40
39
39
40
41
41
41
32
32
32
32
37
40
41
39
40
40
41
41
127
127
127
127
127
127
127
127
127
127
127
127
127
127
127
127
127
127
127
127
127
127
127
127
127
127
127
127
127
127
127
127
127
127
127
127
127
127
127
127
127
127
127
127
127
127
127
127
127
127
127
127
127
127
127
127
127
127
127
127
127
127
127
127
127
127
127
127
127
127
127
125
114
127
127
127
127
127
127
127
127
117
101
91
75
78
87
103
127
127
123
95
77
68
65
64
47
47
45
46
47
54
48
43
43
42
42
42
40
40
39
35
30
35
37
37
38
39
39
39
40
40
40
35
32
37
40
41
40
40
41
40
40
40
37
31
33
40
40
41
41
41
42
41
41
37
33
31
34
40
41
40
41
41
40
41
37
33
32
31
35
41
40
40
41
42
41
42
33
32
32
31
37
41
40
39
40
42
42
43
32
32
32
32
37
41
42
40
40
41
42
43
