96
92
88
83
80
77
75
75
75
76
78
82
100
96
92
87
83
80
78
78
79
81
83
87
106
103
98
93
89
86
85
84
85
88
91
95
114
110
106
101
97
94
92
92
94
96
100
104
124
120
114
110
106
103
103
102
104
108
113
119
127
127
127
125
121
116
117
120
121
122
120
116
110
115
120
123
123
127
125
120
115
110
103
96
76
80
86
95
106
125
110
92
82
72
67
64
49
48
47
40
72
97
49
46
45
43
43
43
43
40
33
59
127
85
36
40
40
40
40
41
41
37
57
119
127
71
37
43
43
43
43
43
40
48
113
127
127
51
39
43
43
44
44
43
44
113
127
127
127
42
42
43
43
43
43
43
111
127
127
127
103
38
43
43
43
43
43
43
127
127
127
127
80
37
42
43
43
43
42
43
127
127
127
127
64
37
40
40
42
44
43
43
110
106
101
96
92
89
87
86
87
88
90
94
113
110
105
99
96
92
91
90
91
92
96
99
120
116
111
106
102
99
97
96
98
100
104
107
127
123
119
114
110
106
105
105
107
110
113
116
127
127
127
123
119
116
115
114
117
122
126
127
127
127
127
127
127
127
127
127
127
127
126
120
110
119
126
127
127
127
127
127
121
113
103
95
75
79
86
97
111
127
115
94
81
71
67
64
47
45
45
46
46
51
49
43
43
42
42
42
40
39
38
36
31
35
37
37
37
37
38
38
40
40
39
35
32
37
40
40
40
40
40
40
40
40
36
31
33
39
40
40
40
40
40
40
40
36
32
31
35
40
41
40
40
40
41
41
36
33
32
32
37
40
41
41
40
41
40
40
33
32
32
32
38
40
40
40
40
41
40
40
32
32
32
33
40
40
38
38
40
42
40
40
127
127
127
127
127
127
127
127
127
127
127
127
127
127
127
127
127
127
127
127
127
127
127
127
127
127
127
127
127
127
127
127
127
127
127
127
127
127
127
127
127
127
127
127
127
127
127
127
127
127
127
127
127
127
127
127
127
127
127
127
127
127
127
127
127
127
127
127
127
127
127
127
112
127
127
127
127
127
127
127
127
120
104
92
74
78
85
100
122
127
127
99
79
69
65
63
48
46
46
46
47
54
50
43
42
42
42
42
40
40
39
36
30
34
37
37
37
39
39
40
40
40
39
35
32
37
40
41
41
42
41
41
41
40
36
31
33
40
40
41
42
42
42
41
41
37
32
31
36
40
42
40
40
41
42
42
36
33
32
32
37
41
42
42
40
42
41
41
33
32
32
32
38
41
40
41
40
42
40
40
32
32
32
33
40
40
38
39
40
42
40
41
