97
93
89
84
80
77
75
75
75
76
78
82
101
97
92
87
83
80
78
78
79
81
83
87
107
103
99
93
89
86
85
85
85
88
91
95
114
110
106
101
97
94
92
92
94
96
100
104
124
120
115
110
106
104
103
102
104
108
113
119
127
127
127
126
122
117
117
120
121
122
121
118
109
114
120
123
124
127
126
120
115
110
103
96
76
79
86
94
104
123
112
93
82
73
67
63
49
48
48
41
64
101
52
46
45
43
43
43
42
42
33
51
123
97
37
40
40
41
40
41
41
38
50
108
127
85
37
43
43
43
43
43
40
44
99
127
127
61
40
43
43
43
44
43
38
99
127
127
127
50
40
42
43
43
43
43
98
127
127
127
122
43
41
41
43
43
45
43
127
127
127
127
100
39
42
41
43
44
45
43
127
127
127
127
84
37
42
41
42
43
43
44
110
105
101
96
92
88
87
86
87
88
90
94
114
110
105
100
96
92
91
90
91
93
96
99
120
116
111
106
102
99
97
96
98
100
103
107
127
123
119
114
110
106
106
105
107
109
113
116
127
127
127
123
119
116
115
114
117
121
126
127
127
127
127
127
127
127
127
127
127
127
127
120
110
118
126
127
127
127
127
127
122
113
104
96
75
79
85
96
109
126
118
96
82
72
67
64
47
47
45
46
46
50
50
43
43
42
42
42
39
39
38
37
31
33
37
37
37
37
38
38
39
40
39
36
31
36
40
40
40
40
40
40
40
40
37
32
32
38
40
40
40
40
41
40
40
37
33
32
34
40
39
40
40
40
41
40
37
33
32
32
35
40
40
39
40
41
41
40
33
32
32
32
37
41
40
39
40
41
41
40
32
32
32
32
39
40
40
39
39
41
40
42
127
127
127
127
127
127
127
127
127
127
127
127
127
127
127
127
127
127
127
127
127
127
127
127
127
127
127
127
127
127
127
127
127
127
127
127
127
127
127
127
127
127
127
127
127
127
127
127
127
127
127
127
127
127
127
127
127
127
127
127
127
127
127
127
127
127
127
127
127
127
127
127
111
125
127
127
127
127
127
127
127
122
105
93
74
77
84
99
120
127
127
101
81
70
65
64
47
47
46
47
47
53
51
43
43
42
42
42
40
40
39
37
30
33
37
37
38
39
39
39
40
40
40
37
32
37
40
41
41
41
41
40
40
40
37
32
33
39
41
40
41
41
42
40
41
37
33
32
34
40
40
40
41
40
41
42
37
33
32
32
36
41
40
40
40
41
42
41
33
32
32
32
38
42
41
40
40
42
42
41
32
32
32
32
40
42
40
40
40
42
41
43
