97
93
89
84
80
78
75
75
75
76
78
82
101
97
92
88
84
81
79
78
79
81
83
87
107
103
99
94
90
87
85
85
85
88
91
95
115
111
106
102
98
94
93
92
94
96
100
104
125
120
116
110
106
104
103
102
104
108
113
118
126
127
127
126
122
118
116
120
122
123
122
119
107
113
118
122
123
125
127
121
116
111
106
99
75
78
85
92
101
121
117
97
85
75
68
64
49
49
48
43
50
105
59
46
45
44
43
43
43
43
37
39
102
123
40
40
40
41
41
41
43
40
42
85
127
122
37
43
43
43
43
43
41
40
71
127
127
96
37
42
43
43
43
43
35
68
127
127
127
78
39
43
43
45
43
43
68
127
127
127
127
63
39
42
43
45
44
44
125
127
127
127
127
51
39
42
42
43
44
45
127
127
127
127
127
46
40
42
43
43
43
44
110
106
102
96
92
90
88
86
86
88
91
94
114
110
106
100
96
92
91
90
91
93
96
99
121
116
112
106
103
99
97
97
98
100
103
107
127
124
120
115
110
107
106
106
106
109
113
116
127
127
127
123
120
117
116
115
117
121
126
127
127
127
127
127
127
127
127
127
127
127
127
122
107
116
123
127
127
127
127
127
124
115
106
97
75
78
84
93
106
123
122
99
85
73
67
64
47
47
46
45
46
49
51
43
42
42
42
42
40
39
38
37
33
32
37
37
37
37
38
38
39
39
40
37
33
34
39
40
40
40
40
40
40
40
39
33
32
37
40
40
40
40
40
40
41
40
33
32
32
38
40
40
40
41
40
40
39
35
32
32
33
38
40
40
40
41
41
41
35
32
32
32
34
39
40
40
40
41
41
41
32
32
32
31
34
40
39
40
40
40
41
41
127
127
127
127
127
127
127
127
127
127
127
127
127
127
127
127
127
127
127
127
127
127
127
127
127
127
127
127
127
127
127
127
127
127
127
127
127
127
127
127
127
127
127
127
127
127
127
127
127
127
127
127
127
127
127
127
127
127
127
127
127
127
127
127
127
127
127
127
127
127
127
127
108
121
127
127
127
127
127
127
127
126
109
96
74
76
82
95
114
127
127
106
85
71
67
64
48
47
46
46
46
50
54
44
43
42
42
42
40
40
39
38
33
31
37
37
38
39
39
40
40
40
40
37
33
34
40
41
41
41
40
41
40
41
40
33
31
37
40
40
41
41
41
41
42
40
34
32
32
39
41
40
41
42
41
41
40
35
32
32
33
39
40
40
40
42
42
42
36
32
32
32
34
40
40
40
40
42
42
42
32
32
32
31
35
40
40
40
41
41
41
42
