96
93
89
85
81
78
76
75
75
76
78
82
101
97
92
88
84
82
79
78
79
81
83
87
108
103
99
94
90
88
85
85
85
88
91
95
115
111
106
102
98
95
93
92
94
96
100
103
125
120
116
111
107
104
103
102
104
108
113
117
125
127
127
126
123
118
116
120
122
123
122
118
106
113
118
122
123
125
127
122
116
112
106
99
75
78
84
92
99
120
118
98
85
75
69
64
49
49
48
45
47
105
64
46
45
44
43
43
43
43
38
36
93
127
45
39
40
41
40
41
43
40
39
76
127
127
40
43
43
43
43
43
42
40
61
127
127
114
38
43
43
43
43
43
36
56
127
127
127
97
38
42
43
45
43
43
54
120
127
127
127
82
38
43
42
44
44
44
109
127
127
127
127
68
38
43
42
43
44
45
127
127
127
127
127
58
38
43
41
42
44
46
110
106
102
97
92
90
88
87
86
88
91
94
114
110
106
101
96
94
92
91
91
93
96
99
121
116
112
107
103
100
98
97
98
100
103
107
127
124
120
115
111
107
106
106
106
109
113
116
127
127
127
123
120
117
116
115
117
121
126
127
127
127
127
127
127
127
127
127
127
127
127
123
106
115
123
127
127
127
127
127
124
116
106
99
74
77
83
92
105
123
123
101
85
74
68
64
47
47
46
45
46
49
51
44
42
42
42
42
40
39
38
37
33
31
37
37
37
37
38
38
40
40
40
37
33
33
39
40
40
40
40
40
40
41
39
33
32
36
40
40
40
40
40
40
40
40
34
32
32
37
40
39
40
41
41
40
40
36
32
32
32
38
40
40
40
40
41
40
36
33
32
32
32
38
40
41
40
40
41
40
33
32
32
32
33
38
39
40
39
40
41
40
127
127
127
127
127
127
127
127
127
127
127
127
127
127
127
127
127
127
127
127
127
127
127
127
127
127
127
127
127
127
127
127
127
127
127
127
127
127
127
127
127
127
127
127
127
127
127
127
127
127
127
127
127
127
127
127
127
127
127
127
127
127
127
127
127
127
127
127
127
127
127
127
106
120
127
127
127
127
127
127
127
127
110
96
74
75
81
93
113
127
127
109
86
71
67
64
47
47
46
46
47
50
54
44
43
42
42
42
40
40
39
38
33
30
37
37
38
39
39
39
40
40
40
38
33
33
39
41
41
41
40
40
40
42
40
33
31
36
41
40
41
41
41
41
41
41
35
32
32
38
41
40
40
42
42
41
40
36
33
32
32
39
41
41
40
41
42
42
37
33
32
32
32
39
40
42
40
40
42
42
33
32
32
32
33
38
40
41
40
40
42
42
