98
92
89
85
81
78
76
75
75
76
78
82
102
97
92
88
84
82
79
78
79
81
83
87
108
104
99
94
90
88
85
85
85
88
91
95
115
111
106
102
98
95
93
92
94
96
100
103
125
120
116
111
107
104
103
102
104
108
112
117
125
127
127
126
123
118
116
120
122
123
121
118
106
113
118
122
123
125
127
122
116
112
106
99
75
78
84
92
99
120
119
98
85
75
69
64
49
49
48
45
46
103
64
46
45
44
43
43
43
43
38
35
91
127
45
39
40
40
40
41
43
40
40
74
127
127
40
43
44
43
43
43
42
40
59
127
127
119
39
42
44
43
43
43
37
53
127
127
127
102
37
42
43
44
44
43
51
116
127
127
127
87
37
43
43
43
44
43
104
127
127
127
127
74
37
43
43
43
43
43
127
127
127
127
127
65
38
43
43
43
42
43
111
106
102
97
93
89
88
87
86
88
91
94
115
110
106
101
96
93
92
91
91
93
96
99
121
117
112
107
103
100
98
97
98
100
103
107
127
124
120
115
111
107
106
106
106
109
113
116
127
127
127
123
120
117
116
115
117
121
126
127
127
127
127
127
127
127
127
127
127
127
127
123
106
115
123
127
127
127
127
127
124
116
107
99
74
77
83
92
105
123
123
101
85
74
68
64
47
47
46
45
46
49
51
44
42
42
41
42
40
40
38
38
33
32
37
37
37
38
38
38
40
40
40
38
33
33
39
40
40
40
40
40
40
40
40
33
31
35
40
40
40
40
40
40
40
40
34
32
32
36
40
40
40
41
40
40
40
36
32
32
32
37
39
40
40
41
40
41
37
32
32
32
32
39
39
40
40
41
40
41
33
31
32
32
33
40
39
40
40
40
40
41
127
127
127
127
127
127
127
127
127
127
127
127
127
127
127
127
127
127
127
127
127
127
127
127
127
127
127
127
127
127
127
127
127
127
127
127
127
127
127
127
127
127
127
127
127
127
127
127
127
127
127
127
127
127
127
127
127
127
127
127
127
127
127
127
127
127
127
127
127
127
127
127
106
120
127
127
127
127
127
127
127
127
110
96
74
75
81
93
112
127
127
109
86
71
67
64
47
47
45
46
47
50
54
44
43
42
42
43
40
40
39
38
33
30
37
37
38
39
39
40
40
40
41
38
33
33
39
41
41
41
40
41
41
40
40
34
31
36
41
40
41
41
41
41
41
40
35
32
32
37
40
40
40
42
42
41
40
36
33
32
32
38
40
40
41
41
41
42
37
32
32
32
32
40
40
40
41
41
41
42
33
31
32
32
33
40
40
40
41
41
40
41
