98
94
89
85
81
78
76
75
75
76
78
82
102
98
93
88
84
82
79
78
79
81
83
87
108
104
99
94
90
88
85
85
85
88
91
95
115
111
107
102
98
95
93
92
94
96
100
103
125
120
116
111
107
104
103
102
104
108
112
117
125
127
127
126
123
118
116
120
122
123
122
119
106
113
118
122
123
124
127
122
117
112
106
99
75
78
84
92
99
118
119
99
85
75
69
64
49
49
48
46
45
102
67
46
45
44
43
43
42
43
39
34
86
127
48
39
40
40
40
41
42
41
37
70
127
127
42
42
43
43
43
43
42
40
53
127
127
127
40
43
43
43
44
44
38
46
123
127
127
116
39
43
43
43
43
43
45
106
127
127
127
102
38
41
42
43
43
43
93
127
127
127
127
87
38
41
42
43
43
43
127
127
127
127
127
78
39
43
41
42
43
43
111
106
102
97
93
89
88
87
86
88
91
94
115
110
106
101
96
93
92
91
91
93
96
99
121
117
112
107
103
100
98
97
98
100
103
107
127
125
120
115
111
107
106
106
106
109
113
116
127
127
127
123
120
117
116
115
117
120
125
127
127
127
127
127
127
127
127
127
127
127
127
123
106
115
123
127
127
127
127
127
124
116
106
99
74
77
83
92
104
122
123
102
85
74
68
64
47
47
46
45
46
48
51
44
42
42
42
42
39
39
38
37
33
31
37
37
37
37
38
38
39
40
40
38
33
32
39
40
40
40
40
40
40
40
40
34
32
34
40
40
40
40
40
40
40
40
35
32
32
36
40
41
40
40
40
41
40
36
33
32
32
37
40
39
39
40
40
40
37
33
32
32
32
37
40
39
39
40
40
40
33
32
32
32
32
37
40
40
38
40
41
41
127
127
127
127
127
127
127
127
127
127
127
127
127
127
127
127
127
127
127
127
127
127
127
127
127
127
127
127
127
127
127
127
127
127
127
127
127
127
127
127
127
127
127
127
127
127
127
127
127
127
127
127
127
127
127
127
127
127
127
127
127
127
127
127
127
127
127
127
127
127
127
127
106
120
127
127
127
127
127
127
127
127
110
97
74
75
81
92
112
127
127
110
86
72
67
64
48
47
46
46
47
50
54
45
43
43
42
42
40
40
39
38
33
30
37
37
38
38
39
39
40
40
40
39
33
32
39
41
41
41
41
41
40
41
40
35
31
35
40
41
41
42
41
42
41
40
35
32
31
36
41
42
40
40
40
41
41
37
33
32
32
37
40
40
40
41
41
41
38
33
32
32
32
38
40
40
40
41
41
41
33
32
32
32
32
38
41
41
39
40
42
42
