98
94
89
85
81
78
76
75
75
76
78
82
102
98
93
88
84
82
79
78
79
81
83
87
108
104
99
94
90
88
85
85
85
88
91
95
116
112
107
102
98
96
93
92
94
96
100
103
125
121
116
111
107
104
103
102
104
107
111
117
125
127
127
126
123
118
116
120
122
123
122
119
106
112
118
122
123
124
127
122
117
112
106
99
74
77
84
92
99
118
120
99
85
75
69
65
49
49
48
47
43
101
70
45
45
44
43
43
43
43
40
33
81
127
52
38
40
41
40
41
43
42
37
64
127
127
46
41
43
44
43
43
43
40
49
125
127
127
43
41
43
44
43
43
40
43
113
127
127
127
41
43
42
44
44
43
41
96
127
127
127
118
38
43
42
43
45
44
83
127
127
127
127
106
37
43
42
43
44
44
127
127
127
127
127
99
37
43
42
43
43
44
111
106
102
97
93
89
88
87
86
88
92
94
115
110
106
101
97
93
92
91
91
93
96
99
121
117
112
107
103
99
98
97
98
100
103
107
127
125
120
115
111
107
106
106
106
109
113
116
127
127
127
124
120
117
116
115
117
120
125
127
127
127
127
127
127
127
127
127
127
127
127
123
106
115
123
127
127
127
127
127
124
117
108
99
74
77
82
92
104
122
123
103
85
75
68
64
47
47
46
45
46
48
51
44
42
42
42
42
40
40
38
37
33
31
36
37
37
38
38
38
40
40
40
38
33
32
39
40
40
40
40
40
40
40
40
35
32
34
40
40
40
40
40
40
40
40
36
32
32
35
40
40
40
41
40
40
41
37
33
32
32
36
40
40
39
40
41
40
38
33
32
32
32
37
39
40
39
40
41
40
35
32
32
32
32
37
39
40
40
40
41
41
127
127
127
127
127
127
127
127
127
127
127
127
127
127
127
127
127
127
127
127
127
127
127
127
127
127
127
127
127
127
127
127
127
127
127
127
127
127
127
127
127
127
127
127
127
127
127
127
127
127
127
127
127
127
127
127
127
127
127
127
127
127
127
127
127
127
127
127
127
127
127
127
106
119
127
127
127
127
127
127
127
127
111
98
74
75
80
92
111
127
127
110
86
72
67
64
48
47
46
46
47
50
54
45
43
43
42
42
40
40
39
38
34
30
37
37
38
39
39
40
40
40
41
39
34
32
39
41
41
41
40
41
40
40
41
35
31
33
41
40
41
42
41
41
41
41
37
32
32
35
41
41
40
42
42
41
42
37
33
32
32
36
40
40
40
41
42
41
40
33
32
32
32
37
40
40
40
41
42
41
35
32
32
32
32
38
40
40
40
40
42
42
