97
94
90
85
82
78
76
75
76
76
78
82
102
98
93
89
85
81
79
78
79
81
83
87
109
104
99
95
91
87
85
85
85
89
91
95
116
112
107
103
99
95
93
93
94
97
99
103
126
122
116
112
107
105
103
103
104
107
111
116
123
127
127
127
123
120
116
119
121
123
123
121
104
110
116
121
124
125
127
123
118
114
108
102
74
77
82
89
98
112
123
102
89
78
71
66
49
49
47
48
43
76
95
44
45
44
43
43
42
42
41
37
41
122
106
33
40
41
40
41
42
43
42
38
82
127
121
37
43
43
43
43
43
43
40
53
127
127
127
40
42
43
44
43
43
42
37
104
127
127
127
43
40
43
44
44
43
37
69
127
127
127
127
50
39
43
43
43
40
50
122
127
127
127
127
58
37
44
43
43
37
72
127
127
127
127
127
64
37
45
44
43
110
107
103
98
93
91
88
87
88
89
92
94
115
111
106
102
97
93
92
91
92
93
96
99
122
117
113
108
103
99
98
97
98
100
103
107
127
125
120
116
112
108
106
106
106
109
113
116
127
127
127
124
120
117
116
115
116
120
124
127
127
127
127
127
127
127
127
127
127
127
127
126
104
111
120
127
127
127
127
127
127
119
110
103
74
75
80
89
100
117
127
107
89
77
70
66
48
47
46
46
45
48
50
46
43
42
41
42
40
40
39
38
37
32
33
37
37
38
38
38
39
40
40
40
37
32
34
40
40
40
40
40
40
40
40
40
33
31
35
40
40
40
40
40
40
40
41
37
32
32
34
39
40
40
41
41
40
41
39
33
32
32
33
40
39
40
40
40
40
40
35
32
32
32
33
39
39
41
41
40
40
38
33
32
32
32
33
38
39
42
42
40
127
127
127
127
127
127
127
127
127
127
127
127
127
127
127
127
127
127
127
127
127
127
127
127
127
127
127
127
127
127
127
127
127
127
127
127
127
127
127
127
127
127
127
127
127
127
127
127
127
127
127
127
127
127
127
127
127
127
127
127
127
127
127
127
127
127
127
127
127
127
127
127
102
114
127
127
127
127
127
127
127
127
116
101
73
75
78
89
106
127
127
117
92
76
68
65
48
47
46
46
46
50
54
47
43
43
42
42
40
40
40
39
36
31
33
37
37
39
39
40
40
40
40
40
37
31
33
40
40
41
41
41
40
41
40
41
34
31
35
40
40
41
42
41
40
40
42
37
32
32
34
40
40
41
42
42
40
41
40
33
32
32
33
40
40
41
41
41
40
40
36
32
32
32
33
40
40
42
42
40
40
39
33
32
32
32
33
39
40
43
43
41
