97
94
90
85
82
78
76
75
76
76
78
82
102
98
93
89
85
82
79
79
80
81
84
86
109
104
99
95
91
88
85
85
86
89
92
94
116
112
107
103
99
95
93
93
94
97
100
103
126
122
116
112
107
105
103
102
104
107
111
116
123
127
127
127
123
120
116
119
121
123
123
121
104
110
116
120
123
125
126
124
119
114
108
103
73
76
82
88
97
112
123
103
89
78
71
67
49
49
47
47
43
72
97
44
46
44
43
43
43
42
41
38
39
116
113
34
40
41
40
40
43
42
42
37
73
127
127
40
42
43
43
43
44
43
40
46
127
127
127
45
40
43
43
44
43
43
35
86
127
127
127
54
40
44
43
43
43
39
54
127
127
127
127
64
39
44
43
43
43
43
101
127
127
127
127
78
37
43
43
43
41
54
127
127
127
127
127
89
37
41
43
43
110
106
103
98
94
90
88
87
88
89
92
94
115
111
106
102
97
94
92
91
92
93
96
99
122
118
113
108
103
100
98
97
98
100
103
107
127
125
120
116
112
108
106
106
106
109
113
116
127
127
127
125
120
117
116
115
116
120
124
127
127
127
127
127
127
127
127
127
127
127
127
126
103
111
120
127
127
127
127
127
127
120
111
103
73
75
80
89
100
116
127
108
89
78
71
67
48
47
46
46
45
47
50
46
43
42
42
42
40
40
39
37
37
32
33
37
37
38
37
38
40
40
40
40
38
32
33
40
40
40
40
40
40
40
40
40
35
32
34
40
40
40
40
40
40
40
40
38
32
32
33
39
40
41
40
40
40
40
40
34
32
32
33
39
41
41
40
40
40
40
37
32
32
32
33
39
41
40
40
40
41
40
33
32
32
32
32
38
41
38
40
40
127
127
127
127
127
127
127
127
127
127
127
127
127
127
127
127
127
127
127
127
127
127
127
127
127
127
127
127
127
127
127
127
127
127
127
127
127
127
127
127
127
127
127
127
127
127
127
127
127
127
127
127
127
127
127
127
127
127
127
127
127
127
127
127
127
127
127
127
127
127
127
127
101
114
127
127
127
127
127
127
127
127
117
102
73
75
78
89
106
127
127
118
92
77
68
65
48
47
46
46
46
50
53
47
43
43
42
42
41
40
40
39
37
31
32
37
37
39
39
39
40
40
40
40
38
31
33
40
40
41
41
40
41
40
40
41
35
31
34
40
40
42
41
41
41
40
41
38
32
32
33
40
41
42
41
41
41
41
40
34
32
32
33
40
42
41
40
40
41
40
37
32
32
32
33
39
42
40
40
40
42
40
33
32
32
32
32
38
42
40
40
41
