97
93
90
85
82
78
76
75
76
76
78
82
102
98
94
89
85
82
80
79
80
81
83
86
109
105
100
95
91
88
86
85
86
89
91
94
116
112
108
103
99
95
94
93
94
97
100
103
127
123
116
112
108
104
103
103
104
107
111
116
123
127
127
127
123
119
116
118
121
123
123
121
103
110
116
120
123
125
126
123
119
114
109
103
73
76
81
89
98
111
123
104
89
79
71
67
49
49
47
47
45
66
102
45
46
44
43
43
43
43
41
40
35
103
127
38
40
40
41
41
43
43
43
39
58
127
127
49
40
43
43
43
43
43
42
40
102
127
127
64
38
43
43
43
43
42
39
59
127
127
127
83
37
42
42
44
42
43
40
108
127
127
127
103
38
42
43
43
43
42
65
127
127
127
127
123
42
41
43
42
43
40
98
127
127
127
127
127
46
40
43
42
112
106
103
98
94
90
88
87
88
89
92
94
116
111
106
102
97
94
92
91
92
93
96
99
122
118
113
108
103
100
98
97
98
100
103
107
127
126
121
116
112
108
106
106
106
109
113
116
127
127
127
125
120
117
116
115
116
120
124
127
127
127
127
127
127
127
127
127
127
127
127
127
103
110
120
127
127
127
127
127
127
120
111
103
73
75
80
88
99
116
127
108
90
78
71
67
48
47
46
46
45
48
51
46
43
42
42
42
40
40
39
38
37
33
32
36
37
38
37
38
40
40
40
40
39
33
32
39
40
40
40
40
40
40
40
40
36
32
33
39
40
40
40
40
40
40
40
40
33
32
32
38
40
39
40
41
39
40
40
37
33
32
32
36
40
40
40
41
40
41
39
33
32
32
32
34
40
40
40
40
41
41
37
32
32
32
32
34
39
40
40
39
127
127
127
127
127
127
127
127
127
127
127
127
127
127
127
127
127
127
127
127
127
127
127
127
127
127
127
127
127
127
127
127
127
127
127
127
127
127
127
127
127
127
127
127
127
127
127
127
127
127
127
127
127
127
127
127
127
127
127
127
127
127
127
127
127
127
127
127
127
127
127
127
100
113
127
127
127
127
127
127
127
127
118
103
72
74
78
88
105
127
127
120
94
76
68
64
48
47
46
46
46
50
54
47
43
42
42
42
41
40
40
39
37
33
31
36
37
38
39
39
40
40
40
40
40
33
31
40
41
41
40
40
41
40
40
41
37
32
33
40
40
40
41
41
41
40
41
40
33
31
32
39
41
40
40
43
40
41
42
37
32
32
31
37
40
40
41
42
40
41
40
33
32
32
31
35
40
41
41
40
41
42
37
32
32
32
32
34
40
40
40
40
