97
94
90
85
82
78
76
75
76
76
78
82
102
98
93
89
85
82
79
78
80
81
84
86
109
104
99
95
91
88
85
85
86
89
92
94
116
112
108
103
99
95
93
93
94
97
100
103
127
123
116
112
108
104
103
103
104
107
111
115
123
127
127
127
123
119
116
118
121
123
123
121
103
110
116
120
123
126
125
123
119
114
110
103
73
76
81
88
98
111
124
104
90
79
71
67
49
49
47
47
47
61
106
46
45
44
43
43
43
43
41
41
34
85
127
46
37
41
41
41
43
43
43
41
43
127
127
70
38
43
43
43
43
43
43
39
65
127
127
101
38
43
43
43
43
41
41
40
106
127
127
127
44
40
42
43
43
43
40
55
127
127
127
127
63
39
42
43
42
44
40
89
127
127
127
127
92
39
42
43
42
44
41
120
127
127
127
127
118
39
43
43
110
106
103
98
94
90
88
87
88
89
92
94
115
111
106
102
97
94
92
91
92
93
96
99
122
118
113
108
103
100
98
97
98
100
103
107
127
126
121
116
112
108
106
106
106
109
113
116
127
127
127
125
120
117
116
115
116
120
124
127
126
127
127
127
127
127
127
127
127
127
127
127
103
110
119
127
127
127
127
127
127
120
112
103
73
75
79
88
99
116
127
108
91
78
71
67
48
47
45
46
45
48
51
46
43
42
42
42
40
40
39
38
37
33
31
36
37
38
37
38
40
40
40
40
40
33
30
37
40
40
40
40
40
40
40
40
39
33
32
37
40
40
40
40
41
39
40
41
37
32
32
34
40
40
40
40
40
40
40
40
33
32
32
33
40
40
39
39
40
41
40
38
32
32
32
32
38
40
39
40
40
42
40
36
32
32
32
32
35
40
40
41
127
127
127
127
127
127
127
127
127
127
127
127
127
127
127
127
127
127
127
127
127
127
127
127
127
127
127
127
127
127
127
127
127
127
127
127
127
127
127
127
127
127
127
127
127
127
127
127
127
127
127
127
127
127
127
127
127
127
127
127
127
127
127
127
127
127
127
127
127
127
127
127
100
113
127
127
127
127
127
127
127
127
119
103
72
74
77
87
104
127
127
120
94
77
69
65
48
47
46
46
45
50
54
47
43
42
42
42
41
40
40
39
37
33
30
35
37
38
39
39
40
40
40
40
41
34
30
38
41
41
41
40
41
41
41
41
40
33
32
37
41
41
40
41
42
40
40
42
38
32
32
34
40
40
40
41
41
40
41
41
34
32
32
33
40
41
40
40
40
42
42
39
32
32
32
32
38
41
40
40
40
42
41
36
32
32
32
32
36
41
40
42
