98
94
89
85
81
78
76
75
76
76
78
82
102
98
93
89
85
82
79
78
79
81
83
87
108
104
99
95
91
87
85
85
85
88
91
95
116
112
107
103
99
95
93
93
94
96
100
103
126
122
116
111
107
105
103
103
104
107
111
116
123
127
127
127
123
119
116
119
121
123
123
121
103
110
116
120
123
125
125
123
119
114
109
103
73
76
81
88
98
112
123
102
89
78
71
67
49
49
47
47
47
62
105
45
45
44
43
43
43
42
41
41
34
83
127
47
37
41
40
41
43
42
43
42
40
123
127
75
37
43
43
43
44
43
43
39
58
127
127
110
38
43
43
43
43
43
43
37
92
127
127
127
50
40
43
43
43
43
41
44
127
127
127
127
78
39
43
43
43
43
40
67
127
127
127
127
116
42
43
43
42
44
38
89
127
127
127
127
127
47
41
42
110
107
103
97
93
91
88
87
88
89
92
94
115
111
106
101
97
93
92
91
92
93
96
99
122
117
113
107
103
100
98
97
98
100
103
107
127
125
120
116
111
109
106
106
106
109
113
116
127
127
127
124
120
117
116
115
116
120
124
127
127
127
127
127
127
127
127
127
127
127
127
127
103
110
120
127
127
127
127
127
127
120
111
103
73
75
80
88
100
117
127
107
90
78
71
67
48
47
46
46
45
48
51
46
43
42
42
42
40
40
39
38
37
33
31
36
37
38
37
38
40
40
40
40
40
34
30
37
40
40
40
40
40
40
40
40
40
33
31
36
40
40
40
40
40
40
40
40
37
32
32
33
39
40
41
40
40
40
40
40
35
32
32
33
37
40
40
40
40
40
40
38
33
32
32
32
36
40
40
40
40
41
40
37
32
32
32
32
34
41
40
39
127
127
127
127
127
127
127
127
127
127
127
127
127
127
127
127
127
127
127
127
127
127
127
127
127
127
127
127
127
127
127
127
127
127
127
127
127
127
127
127
127
127
127
127
127
127
127
127
127
127
127
127
127
127
127
127
127
127
127
127
127
127
127
127
127
127
127
127
127
127
127
127
100
113
127
127
127
127
127
127
127
127
117
103
72
74
78
88
105
127
127
118
92
77
68
64
48
47
46
46
46
50
54
47
43
43
42
42
41
40
40
39
37
33
30
36
37
39
39
40
40
40
40
40
40
34
30
38
40
41
40
41
42
40
40
40
40
33
31
37
40
40
41
41
40
41
40
40
38
32
32
33
40
41
42
41
41
41
41
40
35
32
32
33
38
41
42
41
41
41
41
40
33
32
32
32
36
41
40
40
40
42
41
37
32
32
32
32
34
41
40
40
