99
93
90
85
82
79
77
76
76
77
79
82
103
98
94
89
85
82
80
79
80
82
85
87
109
105
100
95
91
89
86
85
86
89
92
95
116
112
108
103
99
96
94
94
95
97
101
103
126
122
116
112
108
105
103
103
105
108
112
116
123
127
127
127
123
119
116
120
122
123
123
121
103
110
116
120
123
127
125
123
119
115
109
103
73
76
81
89
99
113
123
102
89
79
71
67
49
49
47
47
47
62
105
45
45
44
43
43
42
42
42
41
35
72
127
54
36
41
41
40
42
42
43
43
37
104
127
91
37
43
43
43
43
43
43
41
45
127
127
127
47
40
43
44
41
42
43
40
63
127
127
127
75
37
43
43
41
43
43
38
89
127
127
127
121
40
41
43
43
43
42
43
119
127
127
127
127
64
39
42
43
43
41
50
127
127
127
127
127
95
37
41
112
106
103
98
94
90
89
88
89
89
91
94
116
111
106
102
98
94
92
92
92
94
96
100
122
118
113
108
104
100
99
98
99
102
104
108
127
126
121
116
112
109
107
106
107
110
113
116
127
127
127
125
121
118
116
116
117
121
125
127
126
127
127
127
127
127
127
127
127
127
127
127
103
110
120
127
127
127
127
127
127
120
111
103
73
75
80
88
100
118
127
106
89
78
71
67
48
47
46
46
45
49
51
45
43
42
41
42
40
40
38
38
37
35
30
35
37
37
38
38
39
40
40
40
40
36
30
37
40
40
41
40
40
40
40
40
40
34
31
35
40
40
41
40
39
39
40
41
39
33
32
32
38
40
40
40
39
40
40
41
37
32
32
32
36
40
39
40
40
40
40
41
36
32
32
32
33
39
40
40
40
40
41
40
34
32
32
32
31
37
40
39
127
127
127
127
127
127
127
127
127
127
127
127
127
127
127
127
127
127
127
127
127
127
127
127
127
127
127
127
127
127
127
127
127
127
127
127
127
127
127
127
127
127
127
127
127
127
127
127
127
127
127
127
127
127
127
127
127
127
127
127
127
127
127
127
127
127
127
127
127
127
127
127
100
113
127
127
127
127
127
127
127
127
117
103
72
74
78
89
106
127
127
116
92
77
68
64
47
47
46
46
46
51
53
46
43
42
42
42
40
40
40
39
37
35
30
35
38
38
39
39
40
40
41
40
40
37
30
37
41
40
41
40
41
42
41
40
41
35
31
34
40
40
41
41
40
40
41
42
40
33
32
32
38
41
40
40
40
40
41
42
39
32
32
32
36
41
40
40
40
40
41
42
36
32
32
32
33
40
40
40
41
40
41
41
34
31
32
32
31
38
41
40
