98
94
89
85
81
78
76
75
76
77
79
82
102
98
93
89
85
82
80
79
80
82
85
87
108
104
99
95
91
88
86
85
86
89
92
95
116
112
107
103
99
96
94
93
95
96
100
103
126
122
116
111
107
105
103
103
104
107
112
116
122
127
127
127
123
118
116
120
122
124
123
121
103
110
116
120
123
127
124
122
119
114
109
103
73
76
81
89
99
116
122
100
89
78
71
67
49
49
47
47
47
61
105
46
44
44
43
43
43
42
41
40
38
55
127
71
33
40
41
41
43
43
43
43
39
66
127
123
46
40
43
43
44
44
43
43
38
80
127
127
81
38
43
43
43
43
43
43
37
95
127
127
127
49
40
43
43
41
42
43
38
110
127
127
127
100
40
41
43
40
42
43
43
126
127
127
127
127
66
40
43
41
43
43
47
127
127
127
127
127
103
40
111
107
103
98
93
91
89
86
87
89
91
94
115
111
106
101
97
95
92
91
92
94
97
99
121
117
113
107
103
101
99
98
99
101
105
107
127
125
120
116
112
108
106
106
107
110
113
116
127
127
127
124
120
118
116
115
118
121
125
127
126
127
127
127
127
127
127
127
127
127
127
127
103
110
120
127
127
127
127
127
127
120
111
103
73
75
80
89
101
120
125
105
89
78
71
67
48
47
46
46
45
50
50
44
43
42
41
42
40
39
39
38
37
37
30
34
37
37
38
39
40
40
40
40
40
38
30
35
39
40
40
40
41
41
40
40
40
38
32
33
37
40
40
40
40
40
40
40
40
37
32
32
33
40
41
40
40
39
40
41
41
36
32
32
32
37
40
39
40
38
40
41
41
36
32
32
32
33
38
40
40
38
40
40
41
35
32
32
32
32
37
40
127
127
127
127
127
127
127
127
127
127
127
127
127
127
127
127
127
127
127
127
127
127
127
127
127
127
127
127
127
127
127
127
127
127
127
127
127
127
127
127
127
127
127
127
127
127
127
127
127
127
127
127
127
127
127
127
127
127
127
127
127
127
127
127
127
127
127
127
127
127
127
127
100
113
127
127
127
127
127
127
127
127
118
103
72
74
78
89
106
127
127
114
92
76
69
65
48
47
46
46
46
52
51
45
43
43
42
42
41
40
40
39
37
36
30
33
37
38
39
40
40
40
40
40
40
39
30
35
40
40
41
41
42
42
40
40
41
39
32
33
37
40
41
41
41
40
41
41
41
37
32
32
34
40
42
40
40
40
40
41
42
37
32
32
32
37
41
40
40
39
40
41
43
36
32
32
32
33
39
40
41
39
40
42
43
35
32
32
32
32
37
41
