96
93
89
85
81
78
75
75
75
76
78
82
101
97
92
88
84
81
79
78
79
81
83
87
108
103
99
94
90
87
85
85
85
88
91
95
115
111
106
102
98
95
93
92
94
96
100
103
125
121
116
110
106
104
103
102
104
107
112
116
123
127
127
126
122
118
116
120
121
123
123
121
103
110
116
121
124
127
123
122
118
113
108
102
72
76
82
90
101
120
116
98
87
77
70
66
49
49
47
47
46
70
99
41
45
44
43
43
43
42
42
40
36
70
127
57
35
40
41
41
43
42
43
43
37
86
127
106
40
41
43
43
44
43
43
43
37
103
127
127
64
38
43
43
43
43
43
43
39
121
127
127
123
39
41
43
42
44
43
40
43
127
127
127
127
78
37
43
43
44
43
40
52
127
127
127
127
127
53
41
44
43
43
40
60
127
127
127
127
127
76
38
110
106
102
97
92
90
88
87
86
88
91
94
114
110
106
100
96
94
92
91
91
93
96
99
121
116
112
106
103
100
98
97
98
100
103
107
127
124
120
115
111
107
106
106
106
109
113
116
127
127
127
123
120
117
116
115
116
120
124
127
127
127
127
127
127
127
127
127
127
127
127
125
103
112
120
127
127
127
127
127
126
118
110
102
73
75
80
89
104
124
120
103
87
76
70
66
48
46
46
45
45
52
47
44
43
42
41
42
40
39
39
37
37
36
30
35
37
37
38
38
40
40
40
40
40
37
31
36
40
40
40
40
40
40
40
40
40
37
32
33
38
40
40
40
40
40
40
40
40
35
32
32
35
40
40
41
40
40
40
40
40
34
32
32
33
38
40
40
40
40
40
40
40
33
32
32
32
35
40
40
41
40
40
41
40
33
32
32
32
33
37
40
127
127
127
127
127
127
127
127
127
127
127
127
127
127
127
127
127
127
127
127
127
127
127
127
127
127
127
127
127
127
127
127
127
127
127
127
127
127
127
127
127
127
127
127
127
127
127
127
127
127
127
127
127
127
127
127
127
127
127
127
127
127
127
127
127
127
127
127
127
127
127
127
102
114
127
127
127
127
127
127
127
127
116
102
72
75
78
90
110
127
127
110
89
75
68
65
47
47
46
46
46
54
49
44
43
43
42
42
40
40
40
39
37
35
30
35
37
38
39
40
40
40
40
41
40
37
30
37
40
40
41
41
42
41
40
40
41
37
31
33
39
40
41
41
41
40
41
40
41
35
32
32
36
40
40
42
40
41
40
40
40
34
32
32
33
38
41
41
40
42
40
41
40
33
32
32
32
35
40
41
42
41
41
42
40
33
32
32
32
33
38
41
