97
93
89
84
80
78
75
75
75
76
78
82
101
97
92
88
84
81
79
78
79
81
83
87
107
103
99
94
90
87
85
85
85
88
91
95
115
111
106
102
98
94
93
92
94
96
100
103
125
121
116
110
106
104
103
102
104
107
112
116
123
127
127
126
122
118
117
120
121
123
123
120
104
111
117
121
125
127
122
122
118
113
108
101
73
77
82
89
103
120
113
98
87
77
70
66
49
49
47
47
47
73
94
41
46
44
43
43
43
42
42
40
35
76
127
53
35
40
41
41
43
42
43
43
37
95
127
100
39
41
43
43
44
43
43
43
38
113
127
127
58
38
43
43
43
43
43
42
41
127
127
127
113
37
42
43
43
44
43
40
47
127
127
127
127
70
38
43
43
43
43
39
59
127
127
127
127
121
49
42
43
43
43
39
69
127
127
127
127
127
68
39
110
106
102
96
92
90
88
86
86
88
91
94
114
110
106
100
96
92
91
90
91
93
96
99
121
116
112
106
103
99
97
97
98
100
103
107
127
124
120
115
110
107
106
106
106
109
113
116
127
127
127
123
120
117
116
115
117
120
125
127
127
127
127
127
127
127
127
127
127
127
127
125
103
113
121
127
127
127
127
127
125
118
110
102
73
75
81
90
106
125
115
102
87
75
69
66
47
47
46
45
47
52
45
44
43
42
41
42
40
39
38
37
37
35
30
35
37
37
38
38
40
39
40
40
40
36
31
36
40
40
40
40
40
40
40
40
40
37
32
33
39
40
40
40
40
40
40
40
40
34
32
32
36
40
40
41
40
40
40
40
40
33
32
32
33
38
40
40
40
41
40
40
40
33
32
32
32
36
40
40
40
41
40
41
39
33
32
32
32
33
39
40
127
127
127
127
127
127
127
127
127
127
127
127
127
127
127
127
127
127
127
127
127
127
127
127
127
127
127
127
127
127
127
127
127
127
127
127
127
127
127
127
127
127
127
127
127
127
127
127
127
127
127
127
127
127
127
127
127
127
127
127
127
127
127
127
127
127
127
127
127
127
127
127
103
116
127
127
127
127
127
127
127
127
115
101
72
75
78
90
113
127
127
110
88
74
68
65
47
47
46
45
47
54
46
45
43
43
42
42
40
40
40
38
37
35
29
35
37
39
39
40
40
40
40
40
40
36
31
37
40
41
40
41
42
40
40
40
41
37
32
34
40
40
41
41
41
40
41
40
41
35
32
32
37
40
41
41
40
41
40
40
40
34
32
32
33
39
41
41
40
42
40
41
39
33
32
32
32
35
40
41
41
42
41
42
39
33
32
32
32
33
39
41
