97
93
89
84
80
78
75
75
75
76
78
82
101
97
92
88
84
81
79
78
79
81
83
87
107
103
99
94
90
87
85
85
85
88
91
95
115
111
106
102
98
94
93
92
94
96
100
103
125
121
116
110
106
104
103
102
104
108
112
116
123
127
127
126
122
118
117
120
122
123
123
120
104
111
117
121
125
127
121
122
117
113
108
101
74
77
82
90
104
120
110
98
86
77
70
66
49
49
47
47
48
74
92
41
45
44
43
43
43
41
41
40
35
78
127
51
36
41
41
41
43
43
42
43
37
97
127
97
39
43
43
43
44
44
42
43
38
116
127
127
57
39
43
43
43
43
43
41
42
127
127
127
110
37
43
43
43
43
43
40
50
127
127
127
127
67
38
43
42
43
43
39
62
127
127
127
127
117
47
41
40
43
43
39
72
127
127
127
127
127
64
38
110
106
102
96
92
90
88
86
86
88
91
94
114
110
106
100
96
92
91
90
91
93
96
99
120
116
112
106
103
99
97
96
99
100
103
107
127
124
120
115
110
108
106
105
107
109
113
116
127
127
127
123
120
117
116
114
117
120
125
127
127
127
127
127
127
127
127
127
127
127
127
125
104
112
121
127
127
127
127
127
125
118
110
102
73
75
82
89
108
124
113
102
86
75
69
66
47
47
46
45
48
51
43
44
42
42
42
42
40
40
38
37
37
35
30
35
37
38
38
39
40
40
40
40
40
36
32
36
40
40
40
40
40
40
40
40
40
36
32
33
39
40
40
40
40
40
40
40
40
34
32
32
37
40
41
40
40
40
40
40
40
33
32
32
33
39
40
40
40
40
40
40
39
33
32
32
32
36
40
40
37
40
41
41
38
33
32
32
32
33
40
40
127
127
127
127
127
127
127
127
127
127
127
127
127
127
127
127
127
127
127
127
127
127
127
127
127
127
127
127
127
127
127
127
127
127
127
127
127
127
127
127
127
127
127
127
127
127
127
127
127
127
127
127
127
127
127
127
127
127
127
127
127
127
127
127
127
127
127
127
127
127
127
127
103
116
127
127
127
127
127
127
127
127
114
100
72
75
78
90
116
127
127
110
88
74
67
65
47
47
46
45
49
54
45
45
43
43
42
42
40
40
40
38
37
34
29
35
37
39
39
40
40
40
40
40
40
36
31
37
40
41
40
41
42
41
40
40
41
37
32
34
40
40
41
41
41
40
41
40
40
34
32
32
37
40
41
41
41
41
41
41
40
33
32
32
33
39
41
40
40
41
41
41
39
32
32
32
32
36
41
40
38
40
42
42
38
32
32
32
32
33
40
40
