97
93
89
84
80
78
75
75
75
76
78
82
101
97
92
88
84
81
79
78
79
81
83
87
107
103
99
94
90
86
85
85
85
88
91
95
115
111
106
102
98
94
93
92
94
96
100
103
125
121
116
110
106
104
103
102
104
108
112
116
123
127
127
126
121
118
118
119
122
123
123
120
104
111
117
121
127
126
120
121
117
113
107
101
73
77
82
90
109
116
108
96
86
77
70
66
48
49
47
47
49
73
89
41
45
44
43
43
42
42
42
40
35
82
127
50
36
40
41
41
42
42
43
43
36
103
127
93
38
42
43
43
43
43
43
42
40
120
127
127
54
39
43
43
43
41
42
41
44
127
127
127
104
35
42
43
43
43
43
40
54
127
127
127
127
62
37
43
43
43
43
38
68
127
127
127
127
112
44
42
45
43
42
37
79
127
127
127
127
127
58
40
110
106
102
96
92
90
87
86
86
88
91
94
114
110
106
100
96
92
91
90
91
93
96
99
120
116
112
106
103
99
97
96
99
100
103
107
127
124
120
115
110
108
106
105
107
109
113
116
127
127
127
123
120
117
116
114
117
120
125
127
127
127
127
127
127
127
127
127
127
127
127
125
104
113
121
127
127
127
127
127
125
118
110
101
73
75
81
90
113
120
110
101
86
75
69
66
47
47
46
45
50
49
43
44
42
42
42
42
39
40
38
37
37
34
30
36
37
37
39
38
39
40
40
40
39
36
32
37
40
40
40
40
40
40
40
40
40
36
32
34
39
40
40
40
40
39
40
40
40
33
32
32
37
40
39
40
40
40
40
40
40
33
32
32
33
39
40
40
40
40
40
40
39
33
32
32
32
37
40
40
41
40
39
40
37
33
32
32
32
33
39
41
127
127
127
127
127
127
127
127
127
127
127
127
127
127
127
127
127
127
127
127
127
127
127
127
127
127
127
127
127
127
127
127
127
127
127
127
127
127
127
127
127
127
127
127
127
127
127
127
127
127
127
127
127
127
127
127
127
127
127
127
127
127
127
127
127
127
127
127
127
127
127
127
103
116
127
127
127
127
127
127
127
127
114
100
72
75
79
91
123
127
122
108
88
74
67
65
47
47
46
45
51
50
43
45
43
43
42
42
40
40
40
38
37
34
29
35
37
38
39
39
40
40
41
40
40
37
31
37
40
40
41
40
41
40
41
40
41
36
31
34
40
40
41
41
40
40
40
41
42
34
32
32
37
40
40
41
41
40
40
41
41
33
32
32
33
40
40
41
41
41
40
41
40
33
32
32
32
37
40
41
42
41
40
40
38
33
32
32
32
33
40
42
