97
93
89
84
80
78
75
75
75
76
78
82
101
97
92
88
84
81
78
78
79
81
83
87
107
103
99
94
90
86
85
85
85
88
91
95
115
111
106
102
98
94
93
92
94
96
100
103
125
121
116
110
106
104
103
102
104
108
112
116
123
127
127
124
120
119
119
119
122
123
123
120
104
112
118
124
127
123
120
120
116
113
107
101
73
77
85
100
112
110
103
92
85
76
69
66
48
49
48
51
48
73
85
40
45
44
43
43
42
42
42
41
34
86
127
47
37
41
41
40
42
43
43
42
37
110
127
88
38
43
43
43
43
44
43
41
41
127
127
127
50
40
43
44
42
42
43
40
50
127
127
127
94
35
42
43
43
42
43
40
63
127
127
127
127
54
38
42
43
42
43
38
81
127
127
127
127
99
41
41
43
43
43
37
95
127
127
127
127
127
50
40
110
106
102
96
92
90
87
86
86
88
90
94
114
110
106
100
96
92
91
90
91
93
96
99
120
116
112
106
103
99
97
96
99
100
103
107
127
124
120
114
110
108
106
105
107
109
113
116
127
127
127
123
120
117
116
114
117
121
126
127
127
127
127
127
127
127
127
127
127
127
127
125
104
113
123
127
127
127
127
127
124
117
109
101
73
76
83
102
117
112
105
96
85
75
69
65
47
47
46
47
49
45
42
44
43
42
41
42
39
40
38
37
37
33
30
36
37
37
38
38
39
40
40
40
40
36
31
37
40
40
41
40
40
40
40
40
40
35
31
34
40
40
41
40
39
40
40
40
40
33
32
32
37
40
40
40
39
40
40
41
40
33
32
32
33
39
40
40
40
40
40
41
38
32
32
32
32
37
40
40
40
40
40
41
37
32
32
32
32
34
40
40
127
127
127
127
127
127
127
127
127
127
127
127
127
127
127
127
127
127
127
127
127
127
127
127
127
127
127
127
127
127
127
127
127
127
127
127
127
127
127
127
127
127
127
127
127
127
127
127
127
127
127
127
127
127
127
127
127
127
127
127
127
127
127
127
127
127
127
127
127
127
127
127
103
117
127
127
127
127
127
127
127
127
113
99
72
75
81
106
127
124
115
101
85
73
67
64
47
47
46
48
50
44
43
43
43
43
42
42
40
40
40
38
37
33
29
36
38
38
39
39
40
40
41
40
41
37
31
38
41
40
41
41
41
42
41
40
42
36
31
34
40
40
41
42
40
40
40
41
42
33
32
32
37
40
40
41
40
40
41
42
40
33
32
32
34
40
40
40
40
40
41
42
39
32
32
32
32
37
40
40
41
40
41
41
38
32
32
32
32
34
40
40
