97
93
89
84
80
78
75
75
75
76
78
82
101
97
92
88
84
81
79
78
79
81
83
87
107
103
99
94
90
86
85
85
85
88
91
95
115
111
106
102
98
94
93
92
94
96
100
103
125
121
115
110
106
104
103
102
104
108
112
117
124
127
127
124
120
119
119
119
122
123
123
120
106
113
119
126
127
123
120
119
116
113
107
100
75
78
86
103
111
109
102
92
85
76
69
65
49
49
49
50
47
73
84
40
45
44
43
43
43
41
41
40
33
88
127
46
37
41
41
41
43
43
42
43
37
112
127
87
37
43
43
43
44
44
42
42
41
127
127
127
49
40
43
44
43
43
43
40
50
127
127
127
92
36
43
42
41
42
43
38
63
127
127
127
127
53
40
42
40
42
43
38
82
127
127
127
127
97
41
41
41
43
43
39
98
127
127
127
127
127
48
40
110
106
102
96
92
90
87
86
86
88
91
94
114
110
106
100
96
92
91
90
91
93
96
99
120
116
112
106
103
99
97
96
99
100
103
107
127
124
120
114
110
108
106
105
107
109
113
116
127
127
127
123
120
117
116
114
117
121
126
127
127
127
127
127
127
127
127
127
127
127
127
125
105
114
124
127
127
127
127
127
123
116
109
101
74
78
85
106
117
111
104
95
84
75
68
65
48
47
47
49
47
44
42
43
43
42
42
42
40
40
39
37
36
33
30
36
37
38
38
38
39
40
40
40
40
36
31
37
40
40
40
40
40
40
40
40
40
35
31
34
40
40
40
40
41
40
40
40
40
33
32
32
37
40
40
40
39
40
40
40
39
33
32
32
33
40
40
39
38
39
40
42
38
33
32
32
32
37
40
39
39
40
41
43
38
32
32
32
32
34
40
40
127
127
127
127
127
127
127
127
127
127
127
127
127
127
127
127
127
127
127
127
127
127
127
127
127
127
127
127
127
127
127
127
127
127
127
127
127
127
127
127
127
127
127
127
127
127
127
127
127
127
127
127
127
127
127
127
127
127
127
127
127
127
127
127
127
127
127
127
127
127
127
127
103
118
127
127
127
127
127
127
127
127
113
100
73
76
83
111
127
123
114
99
84
72
68
65
47
47
47
49
50
45
42
44
43
43
42
42
40
40
40
38
37
33
29
37
37
39
39
39
40
40
40
40
40
36
31
37
40
41
41
40
42
42
40
40
41
35
31
33
40
40
41
41
42
41
41
40
40
33
32
32
37
41
41
40
40
40
41
41
40
33
32
32
33
40
40
40
39
40
41
43
39
33
32
32
32
37
40
40
40
40
41
43
39
32
32
32
32
34
40
40
