97
93
89
84
80
78
75
75
75
76
78
82
101
97
92
88
84
81
78
78
79
81
83
87
107
103
99
94
90
86
85
85
85
88
91
95
115
111
106
102
98
94
93
92
94
96
100
103
124
120
115
110
106
104
103
102
104
108
113
117
127
127
127
125
121
119
119
120
121
123
122
119
110
116
123
127
127
121
118
118
115
111
106
99
78
83
93
109
110
107
97
89
82
74
68
64
51
50
50
50
47
85
71
41
45
44
43
43
43
43
41
40
34
100
123
43
37
41
41
41
43
43
43
43
37
121
127
80
37
43
43
43
44
44
43
42
43
127
127
127
46
41
43
43
43
42
43
40
54
127
127
127
85
37
42
42
42
40
43
39
71
127
127
127
127
49
39
43
41
40
43
40
91
127
127
127
127
92
42
43
42
41
43
41
106
127
127
127
127
127
48
42
110
106
102
96
92
90
87
86
86
88
91
94
114
110
106
100
96
92
91
90
91
93
96
99
120
116
112
106
103
99
97
96
99
100
103
107
127
124
120
114
110
108
106
105
107
109
113
116
127
127
127
123
120
117
116
115
118
121
126
127
127
127
127
127
127
127
127
127
127
127
127
123
110
120
127
127
127
127
127
127
120
114
106
99
78
83
93
114
114
108
100
90
81
73
68
65
50
49
47
48
47
43
43
43
43
42
41
41
40
40
37
37
37
32
31
37
37
38
38
38
39
40
39
40
40
35
32
37
40
40
40
40
41
41
40
40
40
34
31
33
40
40
40
40
40
40
40
40
39
33
32
32
38
41
40
40
40
39
40
41
39
33
32
32
34
40
40
40
39
38
40
42
38
33
32
32
32
37
41
40
39
39
40
41
37
32
32
32
32
35
42
41
127
127
127
127
127
127
127
127
127
127
127
127
127
127
127
127
127
127
127
127
127
127
127
127
127
127
127
127
127
127
127
127
127
127
127
127
127
127
127
127
127
127
127
127
127
127
127
127
127
127
127
127
127
127
127
127
127
127
127
127
127
127
127
127
127
127
127
127
127
127
127
127
109
126
127
127
127
127
127
127
127
123
109
97
78
81
93
125
127
120
108
93
79
71
67
64
50
49
48
49
48
43
43
43
42
42
42
42
40
40
39
37
37
32
30
37
38
39
39
39
40
40
40
40
40
35
32
37
40
41
41
40
42
42
40
40
40
34
31
34
40
41
41
41
41
40
41
41
40
33
32
32
38
41
40
40
40
40
41
42
40
33
32
32
34
40
40
40
40
39
41
43
39
32
32
32
32
38
41
41
40
40
41
43
37
32
32
32
32
35
43
42
