97
93
89
84
80
78
75
75
75
76
78
82
101
97
92
88
84
80
78
78
79
81
83
87
107
103
99
94
90
86
85
85
85
88
91
95
115
111
106
102
97
95
93
92
94
96
100
104
124
120
115
110
106
104
103
102
105
108
113
118
127
127
127
125
121
120
119
120
121
122
120
117
113
120
127
127
127
120
119
116
113
109
104
97
82
88
101
111
109
105
95
87
78
71
68
64
52
51
51
49
53
96
51
44
44
43
43
43
43
42
41
37
45
127
88
34
40
41
40
41
42
42
43
38
60
127
127
49
40
43
43
43
43
43
43
37
82
127
127
83
37
43
43
43
43
42
42
38
106
127
127
127
45
40
43
43
43
43
40
45
127
127
127
127
77
37
43
43
43
43
39
61
127
127
127
127
123
46
43
43
44
42
38
76
127
127
127
127
127
57
42
43
110
106
102
96
92
89
88
86
86
88
91
94
114
110
106
100
96
92
91
90
91
93
96
99
120
116
112
106
103
99
97
96
99
100
103
107
127
124
120
114
110
108
106
105
107
109
113
116
127
127
127
123
120
117
116
115
118
121
126
127
127
127
127
127
127
127
127
127
127
127
126
121
114
123
127
127
127
127
127
125
119
112
104
96
81
86
102
116
113
106
98
87
78
71
67
64
50
49
48
47
46
42
43
43
42
42
41
41
40
39
38
37
35
30
33
37
37
38
38
38
39
39
40
40
39
32
34
40
40
40
40
40
40
40
40
40
38
32
33
38
40
40
40
40
40
39
40
40
37
32
32
35
40
39
40
41
40
40
40
40
34
32
32
33
39
40
40
41
40
41
40
40
33
32
32
32
37
40
40
41
40
40
40
39
32
32
32
32
33
40
40
40
127
127
127
127
127
127
127
127
127
127
127
127
127
127
127
127
127
127
127
127
127
127
127
127
127
127
127
127
127
127
127
127
127
127
127
127
127
127
127
127
127
127
127
127
127
127
127
127
127
127
127
127
127
127
127
127
127
127
127
127
127
127
127
127
127
127
127
127
127
127
127
127
116
127
127
127
127
127
127
127
127
120
105
94
80
84
105
127
125
116
103
89
77
69
65
64
50
50
49
48
47
42
43
43
43
42
42
42
40
40
38
36
35
29
33
37
38
39
39
40
40
40
40
40
40
33
34
40
40
41
40
41
41
40
41
41
39
33
33
38
41
40
41
41
40
40
40
41
37
32
32
35
40
40
40
41
41
41
40
40
35
32
32
33
39
40
40
42
41
42
40
39
33
32
32
32
37
41
40
42
41
41
40
39
32
32
32
32
33
41
41
41
