96
93
89
85
81
78
76
75
76
77
79
82
101
97
93
88
84
82
79
79
80
82
85
87
108
103
99
94
90
87
85
85
86
89
92
95
115
111
107
102
98
95
93
93
95
97
101
104
124
120
115
110
107
105
103
103
106
109
114
120
127
127
127
124
122
120
120
120
121
121
120
116
119
125
127
127
123
121
119
115
111
106
101
93
87
96
109
111
109
101
92
84
75
70
65
63
53
52
50
46
87
70
43
44
44
43
43
42
43
42
37
44
127
90
36
40
40
40
41
40
42
42
38
87
127
112
39
43
43
43
43
43
43
41
54
127
127
123
40
43
43
43
43
43
41
38
109
127
127
127
43
44
44
42
42
43
36
74
127
127
127
127
46
44
43
42
42
43
53
127
127
127
127
127
51
43
43
44
42
43
81
127
127
127
127
127
57
42
43
46
42
43
110
106
102
97
93
89
88
87
87
89
91
94
114
110
106
101
97
93
92
91
92
94
96
99
121
116
112
107
103
99
98
97
99
101
104
108
127
124
120
115
111
108
106
106
108
110
113
117
127
127
127
123
120
117
116
116
119
122
126
127
127
127
127
127
127
127
127
127
127
127
123
117
121
127
127
127
127
127
127
122
116
109
100
92
86
94
113
116
110
103
93
83
75
68
65
63
50
50
47
47
43
43
43
42
42
41
41
41
40
38
37
36
30
33
37
37
37
38
39
38
39
39
40
37
32
36
40
40
40
40
40
40
40
40
40
33
32
35
40
40
40
40
40
40
40
39
36
32
32
34
40
41
40
39
40
40
40
37
33
32
32
33
40
42
40
40
39
40
40
35
32
32
32
33
40
42
40
41
39
40
39
33
32
32
32
33
40
41
41
42
40
41
127
127
127
127
127
127
127
127
127
127
127
127
127
127
127
127
127
127
127
127
127
127
127
127
127
127
127
127
127
127
127
127
127
127
127
127
127
127
127
127
127
127
127
127
127
127
127
127
127
127
127
127
127
127
127
127
127
127
127
127
127
127
127
127
127
127
127
127
127
127
127
123
127
127
127
127
127
127
127
127
127
112
99
90
85
94
122
127
122
113
98
83
72
68
64
63
51
50
48
47
43
43
43
42
43
42
42
42
40
39
37
35
29
33
37
37
38
39
40
39
40
40
41
37
32
37
41
41
40
41
42
40
41
41
40
33
32
36
41
41
40
40
42
41
40
40
37
32
32
34
42
42
41
40
40
41
41
38
33
32
32
33
41
43
42
40
40
41
40
36
32
32
32
33
41
43
42
42
40
41
40
33
32
32
32
33
40
42
42
43
40
42
