96
93
89
85
81
78
76
75
76
77
80
82
101
97
92
88
84
82
79
78
80
82
85
87
108
103
99
94
90
88
85
85
86
89
92
94
115
111
106
102
98
95
93
93
94
96
101
104
123
120
115
111
107
104
103
103
106
110
115
120
127
127
127
125
122
120
120
120
120
120
118
114
121
127
127
127
123
122
119
114
110
105
99
92
89
99
111
110
109
99
90
82
74
68
64
62
53
53
47
54
96
54
43
44
44
43
42
42
43
39
34
97
127
47
38
40
40
41
41
40
40
40
75
127
127
46
42
43
43
43
43
43
40
62
127
127
117
40
43
43
43
43
43
43
57
127
127
127
103
38
43
44
44
43
42
42
125
127
127
127
88
37
43
43
43
42
43
43
127
127
127
127
72
38
43
44
42
43
43
43
127
127
127
127
61
40
45
45
43
43
42
42
110
106
102
97
93
89
88
87
88
89
91
94
114
110
106
101
96
93
92
91
92
94
97
99
121
116
112
107
103
100
98
97
99
101
105
108
127
124
120
115
111
107
106
106
107
110
113
117
127
127
127
123
120
116
116
116
119
123
126
127
127
127
127
127
127
127
127
127
127
127
121
116
125
127
127
127
127
127
127
121
114
106
98
91
89
99
116
115
110
102
91
82
73
67
64
63
50
50
48
46
43
43
43
42
42
41
41
41
40
38
37
33
30
36
37
37
37
38
39
38
39
40
38
33
33
40
40
40
40
40
40
40
40
40
33
31
35
40
40
40
40
40
40
40
40
34
32
32
37
41
40
40
41
40
40
40
35
32
32
33
38
41
40
40
40
40
40
40
32
32
32
33
38
41
40
40
40
40
40
40
32
32
32
33
39
41
40
40
40
40
39
39
127
127
127
127
127
127
127
127
127
127
127
127
127
127
127
127
127
127
127
127
127
127
127
127
127
127
127
127
127
127
127
127
127
127
127
127
127
127
127
127
127
127
127
127
127
127
127
127
127
127
127
127
127
127
127
127
127
127
127
127
127
127
127
127
127
127
127
127
127
127
127
120
127
127
127
127
127
127
127
127
123
108
96
89
86
100
127
127
120
110
95
80
71
66
64
63
51
50
49
47
43
43
43
42
42
42
42
42
40
40
37
32
30
36
37
37
39
40
39
39
40
41
38
33
34
41
41
41
41
41
41
40
41
40
33
31
36
41
41
41
40
40
41
41
41
34
32
32
38
42
41
42
42
41
40
40
36
32
32
33
39
41
41
41
41
40
40
41
33
32
32
33
39
41
41
41
40
40
40
41
32
32
32
33
40
42
42
42
41
41
40
40
