97
93
89
84
80
78
75
75
75
76
78
82
101
97
92
88
84
81
79
78
79
81
83
87
107
103
99
94
90
87
85
85
85
88
91
95
115
111
106
102
98
94
93
92
94
96
101
104
123
120
115
110
106
103
103
103
105
110
116
120
127
127
127
124
122
120
120
120
120
120
116
113
122
127
127
127
123
121
117
113
110
104
97
90
91
102
111
110
108
98
89
81
73
68
64
62
53
52
43
66
93
47
44
43
44
43
42
42
41
33
52
122
99
36
40
40
40
40
41
40
37
56
110
127
87
37
43
43
43
43
43
43
50
111
127
127
55
40
43
43
43
42
43
44
125
127
127
123
42
43
44
44
43
42
42
43
127
127
127
85
40
44
44
44
46
43
41
42
127
127
127
55
42
44
44
44
47
43
42
42
127
127
127
40
44
45
44
44
46
43
43
42
110
106
102
96
92
90
88
86
86
88
91
94
114
110
106
100
96
92
91
90
91
93
96
99
120
116
112
106
103
99
97
97
98
100
103
107
127
124
120
115
110
107
106
106
106
109
113
116
127
127
127
123
120
117
116
116
118
123
125
127
127
127
127
127
127
127
127
127
127
126
120
114
127
127
127
127
127
127
126
120
113
105
96
89
90
103
117
115
109
101
90
80
72
67
64
62
50
50
48
45
43
44
43
42
42
41
41
41
39
39
36
31
32
37
37
37
37
38
39
38
39
38
36
32
37
41
40
40
40
40
40
40
40
36
32
33
40
41
40
40
40
40
40
40
34
32
32
35
41
40
40
40
40
40
40
40
32
32
32
38
41
41
40
41
41
40
40
40
32
32
33
40
41
41
40
41
41
40
40
40
32
32
34
40
41
41
41
41
42
40
40
39
127
127
127
127
127
127
127
127
127
127
127
127
127
127
127
127
127
127
127
127
127
127
127
127
127
127
127
127
127
127
127
127
127
127
127
127
127
127
127
127
127
127
127
127
127
127
127
127
127
127
127
127
127
127
127
127
127
127
127
127
127
127
127
127
127
127
127
127
127
127
127
118
127
127
127
127
127
127
127
127
122
106
94
87
88
104
127
127
120
109
93
78
70
65
64
62
51
50
49
46
43
44
43
41
42
42
42
42
40
39
35
30
31
37
37
37
39
39
40
39
40
40
36
32
37
42
41
41
41
40
41
41
40
37
32
33
40
42
41
41
40
40
41
42
35
33
32
36
42
41
41
42
41
40
40
40
33
32
32
39
42
42
42
42
42
41
40
40
32
32
33
40
42
42
42
42
43
41
40
40
32
32
34
41
42
42
42
42
43
41
41
40
