99
95
90
85
82
79
76
75
76
76
78
82
103
99
94
89
85
82
80
79
80
81
83
86
109
105
100
96
92
88
86
85
86
88
90
95
116
113
108
103
99
96
94
93
95
96
100
106
124
120
116
112
108
105
103
103
106
110
118
123
127
127
127
126
123
120
120
120
120
118
114
110
127
127
127
127
127
122
117
113
107
101
92
85
95
104
112
113
108
97
87
78
70
65
63
61
48
46
68
91
59
45
44
44
43
43
41
41
61
95
97
67
43
38
40
41
40
40
40
40
110
116
89
48
41
43
43
43
43
43
43
43
127
78
37
40
43
43
44
43
43
43
42
43
58
44
42
42
43
43
44
44
45
44
44
42
42
40
43
43
43
43
43
45
45
44
46
43
44
43
43
44
43
43
43
44
43
44
45
43
44
42
44
44
42
42
43
43
43
43
44
43
112
108
103
98
94
90
89
87
88
89
92
94
116
112
107
102
98
94
92
91
92
93
96
99
122
118
113
108
104
100
98
97
99
100
104
107
127
126
121
116
112
108
106
106
107
109
113
117
127
127
127
125
121
117
116
116
119
123
126
126
127
127
127
127
127
127
127
127
127
122
116
110
127
127
127
127
127
127
125
118
110
100
92
85
94
107
117
114
109
100
88
78
70
65
62
61
52
50
46
43
44
43
43
41
41
40
40
40
38
34
32
34
37
36
37
37
37
37
38
38
34
35
37
40
40
40
41
40
40
40
40
40
34
39
40
40
40
40
41
40
40
40
40
40
40
41
40
39
40
40
41
41
40
40
40
40
41
40
40
40
40
40
41
41
41
41
41
40
41
40
40
41
41
40
40
41
41
41
42
40
41
40
40
41
40
39
40
40
40
41
42
40
127
127
127
127
127
127
127
127
127
127
127
127
127
127
127
127
127
127
127
127
127
127
127
127
127
127
127
127
127
127
127
127
127
127
127
127
127
127
127
127
127
127
127
127
127
127
127
127
127
127
127
127
127
127
127
127
127
127
127
127
127
127
127
127
127
127
127
127
127
127
120
110
127
127
127
127
127
127
127
127
115
99
89
84
92
110
127
127
120
108
90
76
68
65
63
61
53
51
47
44
45
44
43
42
41
41
41
40
39
34
32
34
37
36
37
38
38
38
39
39
35
35
37
40
41
40
42
41
40
40
40
41
35
40
41
41
40
40
42
41
41
41
40
41
41
43
40
40
40
41
42
42
42
42
42
40
43
41
41
41
41
41
42
42
42
42
43
40
43
40
41
42
41
40
41
42
41
42
43
40
42
40
42
42
40
40
40
41
40
42
42
41
