100
96
92
87
83
79
78
76
77
78
80
82
104
100
96
90
86
83
81
80
80
82
84
86
110
106
102
96
92
89
87
86
86
88
90
95
118
114
110
104
100
96
95
94
95
96
100
106
127
122
118
113
110
106
104
103
106
110
117
123
127
127
127
127
123
121
120
120
120
118
115
110
124
127
127
127
127
123
118
113
108
102
94
86
93
100
111
114
110
100
89
80
71
66
63
61
47
47
66
87
64
45
46
43
43
42
41
41
68
93
90
65
45
40
40
40
41
41
40
40
106
106
82
49
41
43
42
43
43
43
43
43
116
62
37
40
44
43
43
43
43
43
44
43
48
42
43
43
43
42
42
43
43
43
43
43
39
40
44
45
45
43
42
42
43
44
44
43
43
43
44
44
44
43
42
42
43
46
44
43
43
43
43
43
42
42
42
42
43
46
45
42
113
110
103
99
96
92
90
88
89
89
91
94
117
113
108
103
99
96
93
92
92
93
96
99
123
120
115
110
106
102
99
98
99
100
103
107
127
127
123
117
113
110
107
106
107
109
113
117
127
127
127
126
122
120
117
116
119
123
126
126
127
127
127
127
127
127
127
127
127
123
116
110
127
127
127
127
127
127
127
120
111
102
93
85
93
101
116
116
111
103
91
79
71
66
63
61
53
51
47
44
44
43
43
42
41
40
40
40
38
35
33
34
36
36
37
37
38
37
38
38
35
35
37
40
40
40
40
40
40
40
40
40
36
40
40
40
41
40
40
40
40
40
40
40
40
41
40
40
40
40
39
40
41
40
40
40
41
40
40
41
41
40
39
40
40
41
40
40
40
40
40
40
40
40
39
40
40
42
40
40
40
40
40
40
40
40
39
39
41
41
41
39
127
127
127
127
127
127
127
127
127
127
127
127
127
127
127
127
127
127
127
127
127
127
127
127
127
127
127
127
127
127
127
127
127
127
127
127
127
127
127
127
127
127
127
127
127
127
127
127
127
127
127
127
127
127
127
127
127
127
127
127
127
127
127
127
127
127
127
127
127
127
122
110
127
127
127
127
127
127
127
127
118
102
90
84
91
102
127
127
123
112
95
78
68
65
64
61
54
51
47
45
45
44
43
42
41
41
41
40
39
35
33
34
36
37
37
38
39
38
39
39
35
35
37
40
42
41
41
41
41
41
41
40
37
40
41
41
42
41
41
40
41
41
42
40
41
41
41
42
41
40
40
41
42
40
41
41
42
41
41
42
42
41
40
40
41
42
41
41
41
41
41
41
41
41
40
40
41
43
42
40
40
41
40
40
40
40
40
40
42
43
43
40
