104
101
97
92
89
86
83
81
81
81
82
85
108
105
101
96
92
89
87
85
84
85
86
89
114
111
107
103
99
96
93
91
90
91
92
95
122
119
115
110
106
103
101
99
99
99
101
103
127
127
124
120
116
112
110
107
107
108
110
113
127
127
127
127
127
127
124
123
123
123
123
121
111
116
123
127
127
127
125
123
120
115
110
104
89
90
94
101
115
113
110
99
89
80
72
68
61
58
56
54
51
50
99
52
44
43
43
43
45
44
43
39
35
91
127
47
38
40
40
41
42
41
40
38
71
127
127
47
42
43
43
43
45
42
40
57
127
127
127
41
43
43
43
43
43
38
47
127
127
127
118
39
44
43
42
42
38
47
112
127
127
127
104
37
43
43
43
41
48
96
127
127
127
127
89
37
43
43
43
42
67
127
127
127
127
127
79
38
43
42
43
43
116
114
110
106
102
98
96
93
93
93
95
97
121
118
114
110
106
102
99
97
97
97
99
101
127
124
120
116
112
108
106
103
103
103
105
107
127
127
127
123
120
116
113
111
111
112
113
116
127
127
127
127
127
125
123
120
120
121
123
127
127
127
127
127
127
127
127
127
127
127
127
127
110
117
126
127
127
127
127
127
127
121
113
106
88
89
92
100
119
120
110
101
90
79
72
67
58
56
54
52
52
48
43
43
43
42
41
40
43
41
40
39
38
33
30
36
37
37
37
38
38
38
39
39
37
33
33
40
41
40
40
40
40
40
40
39
33
32
34
40
41
40
40
40
40
40
40
34
32
32
36
40
41
40
40
40
40
40
36
32
32
32
37
40
40
40
40
39
40
37
33
32
32
32
37
40
40
40
40
40
40
33
32
32
32
32
38
40
40
40
40
40
127
127
127
127
127
127
127
127
127
127
127
127
127
127
127
127
127
127
127
127
127
127
127
127
127
127
127
127
127
127
127
127
127
127
127
127
127
127
127
127
127
127
127
127
127
127
127
127
127
127
127
127
127
127
127
127
127
127
127
127
127
127
127
127
127
127
127
127
127
127
127
127
108
117
127
127
127
127
127
127
127
127
122
106
88
89
91
99
127
127
122
110
93
78
70
66
59
57
54
52
53
49
43
43
43
42
41
41
43
42
41
40
38
32
29
36
37
38
38
39
40
39
40
40
37
33
33
41
42
40
40
41
42
40
41
40
33
32
34
41
42
40
40
41
40
40
41
35
32
32
36
42
42
41
40
40
41
40
36
33
32
31
37
41
41
41
40
40
41
37
33
32
32
31
38
41
41
41
40
40
40
33
32
32
32
32
40
41
40
40
41
41
