103
101
97
92
89
86
84
82
81
82
82
85
108
105
101
96
92
90
87
85
85
85
86
89
115
111
107
103
99
96
93
91
91
91
92
95
123
119
115
111
107
103
101
99
99
99
101
103
127
127
124
120
116
112
110
107
107
108
110
113
126
127
127
127
127
127
124
123
123
123
123
122
110
116
122
127
127
127
126
123
120
116
110
106
89
90
94
100
114
113
110
99
90
81
73
68
61
58
56
54
53
47
92
64
41
43
43
43
45
44
43
43
37
50
127
81
33
40
40
40
41
41
42
42
40
94
127
105
38
43
43
43
43
43
44
41
57
127
127
120
42
42
43
43
43
43
43
40
110
127
127
127
47
42
43
43
43
43
37
71
127
127
127
127
54
42
44
44
43
40
47
123
127
127
127
127
64
41
44
44
43
37
66
127
127
127
127
127
71
40
43
45
118
114
110
106
102
99
96
94
93
93
94
96
122
118
114
110
106
103
99
97
97
97
99
101
127
125
120
116
112
109
106
103
103
103
106
109
127
127
127
124
120
116
114
112
111
112
113
116
127
127
127
127
127
125
123
120
120
121
123
127
127
127
127
127
127
127
127
127
127
127
127
127
110
116
126
127
127
127
127
127
127
121
115
106
88
90
92
100
118
120
111
102
91
80
72
68
59
57
54
53
51
47
43
43
43
42
41
40
43
41
40
39
37
36
30
33
37
37
38
37
38
37
39
39
40
37
31
36
40
40
40
40
40
40
41
41
40
33
31
35
41
40
40
40
40
40
41
40
36
32
32
34
40
40
40
40
40
40
41
39
33
32
32
33
40
41
40
40
40
39
40
35
32
32
32
33
40
41
40
41
40
37
38
33
32
32
32
33
39
41
41
42
127
127
127
127
127
127
127
127
127
127
127
127
127
127
127
127
127
127
127
127
127
127
127
127
127
127
127
127
127
127
127
127
127
127
127
127
127
127
127
127
127
127
127
127
127
127
127
127
127
127
127
127
127
127
127
127
127
127
127
127
127
127
127
127
127
127
127
127
127
127
127
127
107
116
127
127
127
127
127
127
127
127
123
109
89
90
91
99
127
127
122
110
94
79
71
67
60
57
54
52
53
49
43
43
43
42
41
41
43
42
41
40
38
35
29
33
37
38
39
38
39
38
40
40
40
37
31
37
42
41
41
40
41
40
42
42
40
33
31
36
42
41
41
41
40
40
42
41
37
32
32
35
41
41
41
41
41
40
42
39
33
32
32
34
41
42
42
42
41
40
40
35
32
32
32
33
40
42
42
42
41
38
39
33
32
32
32
33
39
42
42
43
