102
98
95
90
86
84
81
78
78
79
80
82
106
103
99
94
90
87
84
82
82
83
85
87
113
110
105
100
96
92
90
89
89
89
92
94
120
117
113
108
104
100
98
96
96
97
100
103
127
125
121
116
113
110
106
106
106
108
112
118
127
127
127
127
127
125
123
121
121
120
118
116
126
127
127
127
127
123
120
115
111
106
101
95
99
106
115
113
110
100
90
83
75
69
65
63
59
56
50
47
78
78
40
44
43
42
42
41
44
41
40
34
85
127
50
37
41
40
41
40
41
42
43
38
103
127
96
40
43
43
43
43
43
44
43
42
119
127
127
56
41
43
42
43
43
43
41
48
127
127
127
103
40
44
42
42
42
41
39
59
127
127
127
127
61
40
43
42
42
40
38
76
127
127
127
127
106
43
44
42
41
42
39
92
127
127
127
127
127
51
43
43
116
113
108
103
99
96
93
91
91
92
92
95
120
116
112
107
103
99
97
95
95
96
97
99
127
123
119
113
110
106
103
101
101
102
104
106
127
127
127
121
117
113
111
109
110
110
113
115
127
127
127
127
126
122
120
119
120
121
124
127
127
127
127
127
127
127
127
127
127
127
123
118
127
127
127
127
127
127
127
123
116
109
101
94
98
106
119
117
111
103
92
82
74
68
65
63
57
54
48
47
43
42
43
42
41
40
40
40
40
39
37
36
33
30
36
37
38
37
38
38
37
38
40
40
36
31
37
40
40
40
40
40
40
41
40
40
35
31
34
40
40
40
40
40
40
40
40
40
34
32
32
37
41
41
39
40
40
39
40
40
33
32
32
33
40
42
40
39
40
39
40
39
32
32
32
32
37
42
42
39
39
40
41
38
32
32
32
32
34
41
42
40
127
127
127
127
127
127
127
127
127
127
127
127
127
127
127
127
127
127
127
127
127
127
127
127
127
127
127
127
127
127
127
127
127
127
127
127
127
127
127
127
127
127
127
127
127
127
127
127
127
127
127
127
127
127
127
127
127
127
127
127
127
127
127
127
127
127
127
127
127
127
127
125
127
127
127
127
127
127
127
127
127
113
100
92
96
106
127
127
122
111
96
82
72
67
65
63
57
54
49
47
44
42
43
43
42
40
41
40
42
40
37
36
33
30
36
38
39
38
39
38
39
40
41
40
37
31
37
41
41
40
41
40
40
42
42
41
35
31
33
40
41
41
40
40
40
41
41
41
34
32
32
37
43
43
40
40
40
39
40
40
33
32
32
34
41
43
41
40
40
39
41
39
32
32
32
32
37
43
43
40
39
40
42
38
32
32
32
32
34
42
43
41
