102
99
94
90
87
83
81
79
79
79
82
84
106
103
99
94
90
86
85
82
82
83
85
88
113
110
106
100
96
92
91
89
89
89
92
94
120
117
113
108
104
100
98
96
96
98
99
103
127
125
121
117
113
110
107
106
106
109
113
120
127
127
127
127
127
126
123
122
121
120
117
114
127
127
127
127
127
125
120
114
110
105
99
92
102
109
115
113
110
99
89
81
73
68
64
63
58
54
48
53
94
55
43
43
43
43
41
40
43
42
32
74
127
57
37
40
40
41
40
40
40
39
47
126
127
70
40
43
43
43
43
43
41
39
86
127
127
77
40
43
43
43
43
43
37
61
127
127
127
84
39
43
42
43
44
44
45
118
127
127
127
91
37
43
43
43
45
45
90
127
127
127
127
99
37
43
42
43
45
45
127
127
127
127
127
106
37
42
41
42
44
44
116
113
107
103
99
96
93
91
91
92
92
95
120
116
112
107
103
99
97
95
95
96
97
99
127
123
119
114
110
106
103
101
101
102
104
107
127
127
127
122
117
113
111
110
110
110
113
116
127
127
127
127
126
123
120
119
120
122
124
127
127
127
127
127
127
127
127
127
127
126
120
116
127
127
127
127
127
127
127
121
113
106
98
92
100
110
120
116
110
102
90
80
73
67
64
63
56
53
47
46
42
43
43
42
41
40
40
40
40
38
37
33
30
35
37
37
37
38
38
38
37
39
40
34
32
39
41
40
40
40
40
40
40
40
37
32
32
38
41
40
40
40
40
40
40
40
33
32
32
37
40
40
40
40
41
41
41
36
32
32
32
37
40
40
40
40
41
41
38
33
32
32
32
35
39
40
40
40
41
41
34
32
32
32
32
35
40
40
39
40
41
41
127
127
127
127
127
127
127
127
127
127
127
127
127
127
127
127
127
127
127
127
127
127
127
127
127
127
127
127
127
127
127
127
127
127
127
127
127
127
127
127
127
127
127
127
127
127
127
127
127
127
127
127
127
127
127
127
127
127
127
127
127
127
127
127
127
127
127
127
127
127
127
120
127
127
127
127
127
127
127
127
123
108
96
89
98
113
127
127
121
110
93
79
70
66
64
63
57
53
49
47
43
43
43
42
40
41
40
40
41
39
36
33
29
35
37
38
38
39
39
38
38
40
40
35
32
40
42
40
40
41
41
41
40
41
37
32
32
40
42
40
40
40
41
41
41
40
33
32
32
38
41
41
40
41
42
42
41
36
32
32
32
37
40
41
40
40
42
43
38
33
32
32
32
36
40
41
40
40
42
43
34
32
32
32
32
36
40
40
40
40
42
42
