103
99
96
91
87
84
82
79
79
80
82
84
107
103
99
95
91
87
85
83
83
83
85
88
113
110
106
101
97
93
91
89
89
89
92
94
121
117
113
109
105
101
99
97
97
98
100
103
127
126
122
117
113
110
107
106
106
110
114
120
127
127
127
127
127
126
123
123
121
120
118
114
127
127
127
127
127
125
120
115
110
104
99
92
102
110
115
113
110
99
89
81
73
68
64
62
59
56
47
57
96
51
43
43
43
42
41
40
44
40
34
99
125
43
37
40
40
40
40
40
39
40
75
127
127
45
41
43
43
43
43
43
40
61
127
127
120
42
43
43
43
43
42
43
53
127
127
127
109
40
43
45
45
43
43
43
119
127
127
127
96
39
43
45
44
43
42
42
127
127
127
127
85
38
43
44
44
43
42
42
127
127
127
127
75
38
44
43
46
45
41
42
116
112
109
104
100
96
94
92
92
92
94
96
120
116
113
108
104
100
98
96
96
96
98
100
127
123
119
114
110
106
104
102
102
102
104
107
127
127
127
122
118
114
112
110
110
110
113
116
127
127
127
127
127
123
120
120
120
123
125
127
127
127
127
127
127
127
127
127
127
126
120
115
127
127
127
127
127
127
127
121
113
106
97
90
101
109
120
117
110
102
91
81
72
67
64
63
57
53
47
46
42
43
43
42
41
40
40
40
40
39
37
32
30
35
37
37
38
37
38
37
38
40
38
33
33
40
40
40
40
40
40
40
41
40
33
31
35
40
40
40
40
40
40
40
40
35
32
32
37
41
41
40
41
40
40
40
36
33
32
32
37
41
41
41
40
40
39
39
33
32
32
32
37
41
41
42
41
40
39
39
32
32
32
33
38
41
41
41
42
40
38
39
127
127
127
127
127
127
127
127
127
127
127
127
127
127
127
127
127
127
127
127
127
127
127
127
127
127
127
127
127
127
127
127
127
127
127
127
127
127
127
127
127
127
127
127
127
127
127
127
127
127
127
127
127
127
127
127
127
127
127
127
127
127
127
127
127
127
127
127
127
127
127
119
127
127
127
127
127
127
127
127
123
107
96
89
98
112
127
127
122
110
94
79
71
66
64
63
57
54
49
47
43
43
43
42
41
40
40
40
41
40
37
31
30
35
37
38
39
38
39
38
39
40
39
33
33
40
41
41
41
41
41
40
42
40
34
31
35
42
42
41
41
41
40
40
41
35
32
32
37
42
42
42
42
40
40
40
36
33
32
32
38
42
42
43
41
41
40
40
33
32
32
32
38
42
42
43
42
41
40
40
32
32
32
33
39
42
42
42
43
42
39
40
