103
101
97
92
89
85
83
82
81
81
82
85
108
105
101
96
92
89
87
85
85
85
86
89
115
111
107
103
99
96
93
91
91
91
92
95
122
119
115
110
106
103
101
99
99
99
100
103
127
127
123
120
116
112
110
108
108
110
114
119
127
127
127
127
127
127
125
124
123
120
118
114
127
127
127
127
127
127
123
117
112
106
99
92
101
105
113
114
113
105
93
83
75
68
64
63
60
57
48
49
96
61
43
44
43
42
41
40
43
36
42
102
118
46
37
40
40
40
40
40
36
50
94
127
109
40
42
43
43
43
43
43
47
99
127
127
64
37
43
44
43
43
44
43
120
127
127
126
42
41
43
44
44
44
43
43
127
127
127
80
38
43
43
43
43
45
46
44
127
127
127
48
41
43
43
43
43
45
45
44
127
127
109
38
43
42
43
44
43
44
42
43
116
114
110
106
102
98
96
93
93
93
94
96
121
118
114
110
106
102
99
97
97
97
99
101
127
124
120
116
112
108
106
103
103
103
106
109
127
127
127
124
120
116
113
111
111
112
113
116
127
127
127
127
127
125
123
121
121
123
125
127
127
127
127
127
127
127
127
127
127
127
121
116
127
127
127
127
127
127
127
124
116
107
99
92
99
103
116
120
115
107
96
83
74
68
64
62
57
55
50
47
43
43
43
42
41
40
40
40
41
40
37
31
30
36
37
37
38
38
37
37
39
38
36
33
35
40
40
40
40
40
40
40
40
37
32
32
38
40
40
40
40
40
40
40
35
33
32
35
40
40
41
41
40
40
40
40
33
32
32
38
40
40
40
41
41
41
41
40
32
32
34
40
40
40
40
41
41
41
40
40
32
32
37
41
41
40
40
41
41
42
40
40
127
127
127
127
127
127
127
127
127
127
127
127
127
127
127
127
127
127
127
127
127
127
127
127
127
127
127
127
127
127
127
127
127
127
127
127
127
127
127
127
127
127
127
127
127
127
127
127
127
127
127
127
127
127
127
127
127
127
127
127
127
127
127
127
127
127
127
127
127
127
127
120
127
127
127
127
127
127
127
127
127
111
97
89
98
103
123
127
126
116
99
84
72
67
64
63
58
56
51
47
43
44
43
42
41
41
40
40
42
41
37
31
30
36
37
37
38
39
38
38
40
39
37
33
36
40
41
41
41
41
41
40
40
37
33
32
39
40
41
42
41
41
41
40
36
33
32
35
41
41
42
42
41
42
41
40
33
32
32
38
41
40
41
42
42
43
43
41
32
32
34
40
41
40
41
42
42
43
42
41
32
32
37
42
42
40
40
42
42
43
40
40
