105
100
96
93
89
86
84
82
82
82
83
84
109
105
101
97
93
90
88
85
85
85
87
89
115
112
108
103
99
96
94
92
91
92
93
96
123
120
116
111
107
104
102
99
99
99
101
104
127
127
124
120
116
113
110
108
109
110
113
119
127
127
127
127
127
127
126
124
123
121
119
115
126
127
127
127
127
127
124
118
113
106
101
93
100
104
112
115
115
108
95
85
76
69
65
62
61
59
51
44
92
68
43
44
43
42
41
40
44
37
37
90
124
54
37
40
40
40
40
40
36
47
85
127
124
44
43
43
43
43
44
43
44
88
127
127
79
37
44
43
43
43
44
43
110
127
127
127
48
43
43
42
43
43
43
44
127
127
127
92
39
44
43
42
43
43
43
43
127
127
127
54
40
43
43
42
41
43
44
43
127
127
120
37
42
42
42
41
41
43
43
43
118
115
111
106
103
99
96
94
94
94
96
96
122
119
115
110
106
103
100
98
98
98
99
101
127
125
121
117
113
109
106
104
104
104
106
109
127
127
127
125
121
117
114
112
112
113
114
116
127
127
127
127
127
127
123
121
122
123
125
127
127
127
127
127
127
127
127
127
127
127
123
117
127
127
127
127
127
127
127
126
117
109
100
92
99
103
114
121
116
109
97
85
75
69
65
63
58
56
51
48
43
43
43
42
41
40
40
40
41
40
37
33
30
35
37
37
37
37
38
37
38
38
36
33
35
40
41
40
40
40
40
40
40
37
33
31
38
41
41
40
40
40
40
40
36
33
32
33
40
40
40
39
40
40
40
41
33
32
32
37
41
40
40
39
40
40
40
40
32
32
33
39
41
40
40
39
39
40
41
40
32
32
34
40
40
40
40
39
39
40
41
40
127
127
127
127
127
127
127
127
127
127
127
127
127
127
127
127
127
127
127
127
127
127
127
127
127
127
127
127
127
127
127
127
127
127
127
127
127
127
127
127
127
127
127
127
127
127
127
127
127
127
127
127
127
127
127
127
127
127
127
127
127
127
127
127
127
127
127
127
127
127
127
123
127
127
127
127
127
127
127
127
127
113
99
89
98
101
117
127
127
118
103
85
74
67
64
62
59
56
53
49
44
43
43
42
42
40
40
40
42
42
39
33
30
35
37
37
38
38
39
39
39
40
37
33
35
41
42
41
40
41
42
41
41
38
33
32
39
41
42
41
41
41
42
41
37
33
32
33
42
42
40
40
41
40
40
42
33
32
32
37
42
41
41
40
40
41
41
41
32
32
33
40
42
41
41
40
40
41
42
41
32
32
34
40
41
40
40
40
40
41
42
40
