104
101
97
95
91
87
85
83
82
83
84
85
109
106
102
99
95
91
89
87
86
86
88
89
116
113
109
105
101
97
95
93
92
92
94
96
123
120
116
113
109
105
103
100
100
100
102
104
127
127
125
121
117
115
112
110
110
110
113
118
127
127
127
127
127
127
127
126
124
123
120
116
123
127
127
127
127
127
127
121
115
110
103
96
99
103
109
115
114
112
98
89
79
71
67
64
62
60
57
43
70
92
45
44
43
42
41
41
45
43
33
55
125
91
36
40
40
40
40
40
39
37
56
116
127
78
40
43
43
43
44
43
40
51
114
127
127
50
42
43
43
42
44
43
54
123
127
127
112
40
43
43
43
43
43
44
125
127
127
127
78
37
42
43
43
42
43
43
127
127
127
127
53
40
41
42
43
42
42
43
127
127
127
123
40
43
41
40
43
43
43
43
119
116
112
106
103
101
98
96
95
95
96
97
123
120
116
111
107
104
102
99
99
99
100
102
127
126
122
118
114
110
108
106
105
105
107
110
127
127
127
126
122
118
116
113
113
113
115
117
127
127
127
127
127
127
125
123
123
124
126
127
127
127
127
127
127
127
127
127
127
127
125
119
124
127
127
127
127
127
127
127
120
112
103
96
99
102
109
120
119
112
101
89
78
71
66
64
60
57
54
49
45
43
43
43
41
41
40
40
42
41
40
36
30
32
37
37
37
37
38
37
38
38
38
35
32
38
41
40
40
40
40
40
40
39
35
31
33
40
41
40
40
40
40
40
40
35
32
32
36
40
40
40
40
40
40
41
35
33
32
32
38
40
40
40
40
40
40
40
32
32
32
33
40
41
39
40
40
40
40
40
32
32
32
35
41
42
39
37
40
40
40
40
127
127
127
127
127
127
127
127
127
127
127
127
127
127
127
127
127
127
127
127
127
127
127
127
127
127
127
127
127
127
127
127
127
127
127
127
127
127
127
127
127
127
127
127
127
127
127
127
127
127
127
127
127
127
127
127
127
127
127
127
127
127
127
127
127
127
127
127
127
127
127
127
126
127
127
127
127
127
127
127
127
119
104
92
98
99
109
127
127
123
109
91
76
68
65
63
61
57
54
50
46
43
44
43
42
41
40
40
43
42
40
36
30
33
37
37
38
38
39
38
39
39
38
35
33
39
42
41
41
40
42
41
41
40
35
31
33
40
42
40
40
40
42
41
40
35
32
32
36
42
42
40
41
41
41
42
35
33
32
32
39
41
40
41
41
40
40
41
32
32
32
34
40
41
39
40
41
40
40
41
32
32
32
36
42
42
40
38
40
41
41
41
