104
103
99
95
91
89
86
84
83
83
84
86
109
106
103
99
95
92
89
87
87
87
88
90
116
113
109
105
101
99
96
93
93
93
94
96
123
120
116
113
109
106
103
101
101
101
102
104
127
127
126
121
119
115
113
110
110
110
113
117
127
127
127
127
127
127
127
127
125
123
120
117
123
127
127
127
127
127
127
122
116
110
104
97
100
103
107
115
114
113
100
90
81
72
68
64
63
60
57
47
57
99
48
45
43
42
42
41
45
44
37
40
106
118
38
40
40
40
40
40
40
38
43
89
127
114
39
43
43
43
44
43
42
43
81
127
127
82
39
43
43
43
44
43
37
82
127
127
127
64
41
43
43
44
44
43
85
127
127
127
127
51
42
43
43
43
44
44
127
127
127
127
117
43
43
45
43
43
43
44
127
127
127
127
98
38
43
47
45
43
43
43
119
116
112
108
104
102
99
96
96
96
96
98
123
120
116
112
108
106
103
100
99
99
100
103
127
126
122
118
114
112
109
106
106
106
107
110
127
127
127
127
123
119
116
114
113
114
115
117
127
127
127
127
127
127
126
123
123
123
127
127
127
127
127
127
127
127
127
127
127
127
127
120
123
127
127
127
127
127
127
127
122
114
105
97
99
101
107
119
120
113
103
91
80
71
67
64
61
58
54
50
47
43
43
43
42
41
40
40
42
40
40
37
32
31
37
37
37
38
38
37
37
38
38
37
33
35
40
40
40
40
41
40
40
41
38
33
32
37
40
41
40
40
41
40
41
38
33
32
33
40
40
40
40
40
40
40
37
33
32
32
34
40
40
40
40
41
40
41
33
32
32
32
36
41
40
40
40
41
40
41
32
32
32
32
36
41
41
40
40
40
40
40
127
127
127
127
127
127
127
127
127
127
127
127
127
127
127
127
127
127
127
127
127
127
127
127
127
127
127
127
127
127
127
127
127
127
127
127
127
127
127
127
127
127
127
127
127
127
127
127
127
127
127
127
127
127
127
127
127
127
127
127
127
127
127
127
127
127
127
127
127
127
127
127
124
127
127
127
127
127
127
127
127
122
106
94
99
99
106
127
127
124
111
94
78
70
65
64
61
58
55
50
47
43
44
43
41
40
40
40
43
41
40
37
31
30
37
37
38
38
39
38
38
39
39
37
33
35
41
41
41
41
42
41
41
42
39
33
32
38
41
42
41
41
42
41
43
39
33
32
33
40
42
41
41
41
42
41
39
34
32
32
34
41
42
41
40
41
42
42
34
31
32
32
36
42
42
42
41
41
41
42
32
32
32
32
37
42
42
43
42
41
40
41
