106
103
99
95
92
89
87
85
84
84
85
87
110
106
103
99
96
93
90
88
88
88
89
91
116
113
109
105
102
99
96
94
94
94
95
97
123
121
117
113
110
107
104
102
102
102
103
105
127
127
127
122
119
116
113
111
110
111
113
116
127
127
127
127
127
127
127
127
126
124
122
119
122
127
127
127
127
127
127
123
117
112
106
99
100
102
106
114
116
113
103
92
82
75
68
64
64
61
58
54
43
95
64
43
44
43
42
42
46
44
43
34
58
127
69
35
40
40
40
41
40
41
38
46
113
127
78
38
43
44
43
44
43
43
41
85
127
127
75
39
43
44
43
44
44
37
63
127
127
127
75
40
43
43
43
43
40
52
127
127
127
127
75
40
43
43
44
44
48
102
127
127
127
127
73
39
43
43
44
44
65
127
127
127
127
127
72
40
43
43
43
43
119
115
111
107
105
103
99
97
96
96
96
99
123
120
116
112
109
106
103
101
100
100
101
103
127
127
123
120
115
113
110
107
106
106
108
110
127
127
127
127
123
120
117
115
115
115
116
118
127
127
127
127
127
127
127
124
123
124
127
127
127
127
127
127
127
127
127
127
127
127
127
123
121
127
127
127
127
127
127
127
124
116
106
99
99
102
105
117
120
114
105
93
82
73
68
64
62
59
56
50
47
43
43
43
42
41
40
40
43
41
40
37
34
30
34
37
37
38
38
38
37
38
39
39
36
32
37
40
40
40
40
40
40
41
41
37
33
32
38
40
40
40
40
40
40
40
38
33
32
32
38
41
40
40
40
40
41
40
34
32
32
32
39
41
40
40
41
40
41
37
32
32
32
32
39
41
40
40
41
40
40
33
32
32
32
32
39
41
40
40
41
40
127
127
127
127
127
127
127
127
127
127
127
127
127
127
127
127
127
127
127
127
127
127
127
127
127
127
127
127
127
127
127
127
127
127
127
127
127
127
127
127
127
127
127
127
127
127
127
127
127
127
127
127
127
127
127
127
127
127
127
127
127
127
127
127
127
127
127
127
127
127
127
127
121
127
127
127
127
127
127
127
127
126
110
97
99
99
104
124
127
126
113
96
82
71
67
64
63
60
57
51
49
43
43
43
42
40
40
40
43
42
40
38
34
29
33
37
37
38
39
39
38
39
40
40
36
32
38
41
41
42
41
42
41
42
43
38
33
32
39
41
41
42
41
42
41
41
39
33
32
32
39
42
40
41
41
41
42
40
34
32
32
32
39
41
41
41
42
41
41
37
32
32
32
32
39
41
41
41
42
41
40
33
32
32
32
32
40
42
40
41
42
41
