106
102
99
96
92
89
87
85
85
85
85
87
110
106
103
99
96
93
91
89
88
88
89
91
116
113
110
106
102
99
97
95
94
94
95
97
123
121
118
114
110
106
105
103
102
102
103
105
127
127
127
122
119
116
113
111
111
111
113
116
127
127
127
127
127
127
127
127
127
124
122
119
121
127
127
127
127
127
127
123
118
112
106
100
100
102
106
114
116
113
103
92
82
75
68
65
64
61
59
54
44
88
71
42
44
43
43
41
46
44
43
37
43
127
92
34
40
40
40
40
40
40
40
37
85
127
116
37
43
43
43
43
43
42
40
53
127
127
126
40
43
43
42
43
43
43
38
107
127
127
127
43
40
43
42
43
44
39
71
127
127
127
127
48
40
43
43
43
42
52
123
127
127
127
127
55
40
43
43
43
39
75
127
127
127
127
127
61
40
45
43
43
119
116
112
109
105
101
99
98
97
97
98
99
123
120
116
113
109
106
103
101
101
101
102
103
127
127
123
119
116
113
110
107
107
107
108
110
127
127
127
127
124
120
118
116
115
115
116
118
127
127
127
127
127
127
127
124
124
124
127
127
127
127
127
127
127
127
127
127
127
127
127
123
121
127
127
127
127
127
127
127
124
116
107
99
100
102
105
116
121
115
106
94
82
74
68
64
63
60
56
50
47
43
42
43
42
41
40
40
43
42
40
37
35
30
33
37
37
38
37
37
37
37
39
40
37
31
36
40
40
40
40
40
40
40
40
40
34
31
35
40
40
40
40
40
40
41
41
37
32
32
34
40
38
40
39
40
40
41
39
33
32
32
33
40
40
40
40
40
40
40
35
32
32
32
33
39
41
41
40
40
40
39
33
32
32
32
33
39
41
42
40
40
127
127
127
127
127
127
127
127
127
127
127
127
127
127
127
127
127
127
127
127
127
127
127
127
127
127
127
127
127
127
127
127
127
127
127
127
127
127
127
127
127
127
127
127
127
127
127
127
127
127
127
127
127
127
127
127
127
127
127
127
127
127
127
127
127
127
127
127
127
127
127
127
120
127
127
127
127
127
127
127
127
127
111
98
99
99
103
123
127
126
113
97
82
71
67
64
64
60
57
51
48
44
43
43
42
41
41
40
43
42
41
38
35
29
32
37
38
39
38
38
38
38
40
40
37
31
36
41
41
41
40
40
41
40
41
40
33
31
35
41
41
41
40
40
41
42
42
37
32
32
35
42
40
40
40
40
42
42
40
33
32
32
34
40
40
40
40
41
42
40
35
32
32
32
33
39
42
42
40
41
41
39
33
32
32
32
33
39
42
43
41
41
