106
102
98
96
92
89
87
85
85
85
86
87
110
106
103
99
96
92
91
89
88
89
89
91
116
113
110
106
103
99
97
95
94
95
96
97
123
121
118
113
110
108
105
103
102
103
103
105
127
127
127
122
119
116
114
112
111
112
114
118
127
127
127
127
127
127
127
127
126
123
120
117
126
127
127
127
127
127
126
121
115
109
103
96
103
106
113
116
114
108
96
87
78
71
67
64
64
61
55
47
58
95
47
45
43
42
41
41
46
43
41
33
63
127
62
37
40
40
40
40
41
41
42
37
95
127
100
38
43
43
43
43
43
43
42
46
127
127
127
45
41
43
44
43
44
46
39
68
127
127
127
68
37
43
44
44
45
47
38
109
127
127
127
99
38
43
43
43
47
43
53
127
127
127
127
127
48
42
43
43
47
37
74
127
127
127
127
127
59
41
43
43
119
116
112
108
104
103
100
98
97
97
99
99
123
120
116
113
109
106
104
102
101
101
102
103
127
127
123
120
116
113
110
108
107
107
108
110
127
127
127
127
123
121
118
116
115
115
116
118
127
127
127
127
127
127
127
125
124
126
127
127
127
127
127
127
127
127
127
127
127
127
126
120
127
127
127
127
127
127
127
127
120
112
103
96
103
106
114
121
117
110
99
87
77
71
66
64
62
58
53
47
46
42
43
42
41
41
40
40
42
40
38
37
34
30
35
37
37
37
37
38
37
38
39
40
37
31
37
40
40
40
40
40
40
40
40
40
35
31
34
40
40
40
40
40
40
41
40
38
33
32
33
38
40
40
41
41
40
41
40
36
32
32
32
36
41
40
40
40
40
40
39
33
32
32
32
34
40
41
40
40
41
39
37
32
32
32
32
33
40
41
40
40
127
127
127
127
127
127
127
127
127
127
127
127
127
127
127
127
127
127
127
127
127
127
127
127
127
127
127
127
127
127
127
127
127
127
127
127
127
127
127
127
127
127
127
127
127
127
127
127
127
127
127
127
127
127
127
127
127
127
127
127
127
127
127
127
127
127
127
127
127
127
127
127
127
127
127
127
127
127
127
127
127
119
104
94
102
103
117
127
127
120
105
89
75
68
65
64
62
59
54
48
47
42
44
43
41
40
40
40
43
41
38
36
34
29
35
37
38
38
38
39
38
39
40
41
37
31
37
41
41
40
41
41
41
41
41
41
35
31
35
40
40
40
42
41
41
42
41
40
33
32
33
39
41
40
42
42
42
43
41
36
32
32
31
37
42
41
41
41
43
42
39
33
32
32
31
35
41
41
40
40
43
40
37
32
32
32
32
33
40
42
41
40
