105
103
100
96
92
90
88
85
85
85
86
88
110
107
104
100
96
94
92
89
89
89
90
92
116
113
110
107
103
100
98
96
95
95
96
98
124
121
117
115
111
107
106
103
103
103
103
106
127
127
127
123
120
116
114
113
112
113
116
120
127
127
127
127
127
127
127
127
125
123
120
116
127
127
127
127
127
127
126
119
113
107
101
94
105
109
116
115
114
106
93
83
75
68
65
63
62
59
53
44
87
70
43
44
43
42
40
40
45
43
33
52
127
79
36
40
40
40
40
40
41
39
42
106
127
89
39
43
43
43
43
44
42
40
76
127
127
85
39
43
43
42
43
44
37
60
127
127
127
86
37
42
43
42
43
44
50
120
127
127
127
85
37
42
43
43
43
43
99
127
127
127
127
82
37
42
43
44
43
43
127
127
127
127
127
81
37
42
43
44
44
43
120
116
112
108
106
103
101
99
98
98
99
99
123
120
116
113
110
107
105
103
102
102
103
104
127
127
123
120
116
114
111
109
108
108
109
111
127
127
127
127
125
122
119
116
116
116
116
119
127
127
127
127
127
127
127
126
125
127
127
127
127
127
127
127
127
127
127
127
127
127
123
117
127
127
127
127
127
127
127
127
117
108
100
92
104
108
118
120
115
107
95
83
74
68
65
63
61
57
50
47
43
43
43
41
40
40
39
39
41
40
37
34
30
33
37
37
37
37
37
37
37
38
40
36
32
37
41
40
40
40
40
40
40
40
38
33
32
37
41
40
40
40
40
41
41
40
33
32
32
38
40
40
40
40
41
41
40
36
32
32
32
37
39
40
41
40
40
40
37
33
32
32
32
37
39
40
41
41
40
40
33
32
32
32
32
37
40
40
40
41
41
40
127
127
127
127
127
127
127
127
127
127
127
127
127
127
127
127
127
127
127
127
127
127
127
127
127
127
127
127
127
127
127
127
127
127
127
127
127
127
127
127
127
127
127
127
127
127
127
127
127
127
127
127
127
127
127
127
127
127
127
127
127
127
127
127
127
127
127
127
127
127
127
123
127
127
127
127
127
127
127
127
127
112
98
90
103
107
126
127
126
116
99
83
72
66
64
62
61
57
50
48
44
43
43
42
41
40
40
40
43
40
37
34
29
33
37
37
38
38
38
39
39
39
40
36
31
37
42
40
41
40
41
42
40
41
38
33
31
38
42
40
40
40
42
42
42
41
34
32
32
38
40
40
41
40
41
42
41
36
32
32
32
38
40
40
42
41
40
41
38
33
32
32
32
38
40
40
42
41
41
40
33
32
32
32
32
37
40
41
41
42
42
41
