106
103
99
96
92
90
88
85
85
85
85
88
110
107
103
99
96
94
92
89
89
89
89
92
116
113
110
106
103
100
98
96
95
95
96
98
123
121
118
114
110
108
106
103
103
103
103
106
127
127
127
123
120
117
114
112
112
113
116
120
127
127
127
127
127
127
127
127
125
122
120
116
127
127
127
127
127
127
126
119
113
106
101
93
105
109
116
115
114
105
93
83
75
68
65
62
62
59
53
44
89
68
43
44
43
41
41
40
44
43
33
62
127
70
36
40
40
40
40
40
41
37
50
121
127
71
39
43
43
43
43
44
43
42
99
127
127
63
40
44
43
43
43
44
36
85
127
127
127
58
41
44
43
43
44
44
76
127
127
127
127
53
42
44
44
44
43
43
127
127
127
127
127
49
42
44
46
46
44
43
127
127
127
127
127
47
42
45
46
47
47
43
119
116
113
108
106
103
100
99
98
98
97
100
123
120
117
113
110
106
104
103
102
102
102
104
127
127
123
120
116
113
110
109
108
108
109
111
127
127
127
127
124
120
119
116
116
116
116
119
127
127
127
127
127
127
127
125
125
127
127
127
127
127
127
127
127
127
127
127
127
127
123
117
127
127
127
127
127
127
127
127
117
108
100
92
104
108
117
120
116
107
96
83
74
68
65
62
61
57
50
47
43
43
43
42
40
40
40
39
41
40
37
34
30
34
37
37
37
38
38
37
38
38
39
35
32
38
40
40
40
40
40
40
41
40
37
32
33
39
40
40
40
40
40
40
40
37
33
32
33
40
41
41
40
40
40
41
37
33
32
32
33
40
41
41
40
40
40
40
34
32
32
32
34
40
41
41
40
41
40
40
32
32
32
32
35
41
41
42
41
42
42
40
127
127
127
127
127
127
127
127
127
127
127
127
127
127
127
127
127
127
127
127
127
127
127
127
127
127
127
127
127
127
127
127
127
127
127
127
127
127
127
127
127
127
127
127
127
127
127
127
127
127
127
127
127
127
127
127
127
127
127
127
127
127
127
127
127
127
127
127
127
127
127
123
127
127
127
127
127
127
127
127
127
112
99
89
103
107
125
127
126
116
99
83
72
66
64
62
61
57
51
48
44
43
43
42
41
40
40
40
42
40
37
33
29
34
37
37
38
39
38
39
39
39
40
35
32
40
41
41
41
41
41
42
42
41
37
32
33
40
41
42
41
41
41
42
41
37
33
32
33
40
42
42
41
41
42
42
38
33
32
32
34
41
42
42
42
42
40
41
34
32
32
32
34
41
42
42
42
43
42
41
32
32
32
32
35
42
41
43
43
43
44
41
