106
103
100
96
92
90
89
86
85
85
87
88
110
107
104
100
96
94
92
89
89
89
90
92
116
113
110
106
103
100
98
96
96
96
96
98
123
121
118
114
112
109
106
103
103
103
104
106
127
127
127
123
120
117
115
113
113
113
116
120
127
127
127
127
127
127
127
127
126
123
119
116
127
127
127
127
127
127
127
120
113
107
100
93
105
108
115
115
114
106
94
84
75
69
65
62
63
60
54
43
89
70
43
43
43
42
41
40
45
43
33
63
127
70
36
40
40
40
40
40
40
37
53
123
127
69
39
44
43
43
43
43
40
45
105
127
127
57
40
44
43
42
42
43
37
98
127
127
127
52
42
43
42
44
43
43
92
127
127
127
127
46
42
43
41
43
43
41
127
127
127
127
116
40
42
43
40
42
43
42
127
127
127
127
106
38
42
43
41
42
43
43
118
116
113
109
105
103
101
99
98
98
99
99
123
120
116
113
110
107
105
103
102
102
103
104
127
127
123
120
117
113
111
109
108
108
109
111
127
127
127
127
125
122
119
116
116
116
117
119
127
127
127
127
127
127
127
126
126
127
127
127
127
127
127
127
127
127
127
127
127
127
123
117
127
127
127
127
127
127
127
127
118
109
100
92
105
108
117
120
116
108
96
84
75
68
65
63
61
57
51
47
43
43
43
41
40
40
40
39
42
40
38
34
30
33
37
37
37
38
37
37
37
38
38
35
32
38
41
40
40
40
40
40
40
40
36
32
33
39
41
41
40
40
40
40
40
37
32
32
34
40
41
40
40
41
40
40
37
33
32
32
35
40
41
40
39
40
40
40
34
32
32
32
35
40
40
40
38
39
40
40
32
32
32
32
36
40
40
39
39
39
41
41
127
127
127
127
127
127
127
127
127
127
127
127
127
127
127
127
127
127
127
127
127
127
127
127
127
127
127
127
127
127
127
127
127
127
127
127
127
127
127
127
127
127
127
127
127
127
127
127
127
127
127
127
127
127
127
127
127
127
127
127
127
127
127
127
127
127
127
127
127
127
127
124
127
127
127
127
127
127
127
127
127
113
99
90
103
106
123
127
127
117
101
84
73
66
64
62
61
58
51
48
44
43
43
42
41
40
40
40
43
41
38
34
29
33
37
37
38
39
39
37
39
40
39
35
32
39
42
42
41
40
41
40
40
41
36
31
33
40
42
42
41
40
40
40
41
37
32
31
33
41
42
40
40
42
40
41
39
33
32
32
34
41
42
41
40
40
41
40
34
32
32
32
36
41
41
40
39
40
41
40
32
32
32
32
36
41
40
40
40
40
41
42
