106
103
100
97
95
92
89
88
87
87
89
89
110
106
104
101
98
96
93
92
91
91
92
93
116
113
111
107
104
102
99
98
97
97
98
99
123
121
119
115
112
110
107
106
105
105
105
107
127
127
127
123
121
119
116
114
114
114
116
120
127
127
127
127
127
127
127
127
127
125
120
117
127
127
127
127
127
127
127
123
116
110
103
96
105
106
112
116
115
111
98
88
78
71
67
64
64
61
57
44
66
91
45
44
43
42
41
40
45
44
38
37
113
113
37
40
40
40
40
39
41
38
38
83
127
123
39
43
43
43
43
43
43
40
63
127
127
109
40
43
43
43
42
43
38
52
127
127
127
99
39
43
43
42
43
44
48
114
127
127
127
88
38
43
43
43
43
43
99
127
127
127
127
77
38
44
43
42
43
43
127
127
127
127
127
71
38
43
42
40
43
43
118
115
113
110
107
105
103
100
100
100
100
101
123
120
117
114
111
109
106
104
104
104
104
106
127
127
124
120
117
115
113
110
110
110
110
113
127
127
127
127
126
123
121
119
118
118
119
120
127
127
127
127
127
127
127
127
127
127
127
127
127
127
127
127
127
127
127
127
127
127
127
120
127
127
127
127
127
127
127
127
122
112
103
96
105
106
113
121
118
112
101
88
78
71
65
64
64
59
54
48
45
42
43
42
40
40
40
39
43
40
39
36
31
30
37
37
37
37
37
37
37
38
39
37
33
35
41
40
40
40
40
40
40
40
39
33
32
37
41
40
40
40
39
40
40
40
34
32
32
37
41
40
40
40
40
41
40
35
32
32
32
37
40
40
40
40
40
40
36
33
32
32
32
36
40
40
40
40
40
40
33
32
32
32
32
36
40
40
40
38
40
41
127
127
127
127
127
127
127
127
127
127
127
127
127
127
127
127
127
127
127
127
127
127
127
127
127
127
127
127
127
127
127
127
127
127
127
127
127
127
127
127
127
127
127
127
127
127
127
127
127
127
127
127
127
127
127
127
127
127
127
127
127
127
127
127
127
127
127
127
127
127
127
127
127
127
127
127
127
127
127
127
127
118
103
92
104
104
114
127
127
121
107
89
75
68
64
63
63
60
54
49
46
43
44
43
41
40
40
40
43
41
40
36
30
30
37
37
38
39
38
38
38
39
40
37
33
35
42
41
41
41
40
41
41
42
40
33
31
37
43
41
40
40
40
41
42
40
34
32
32
37
42
40
41
40
40
42
41
36
32
32
32
37
41
41
41
40
41
41
37
33
32
32
32
37
41
42
41
40
41
41
33
32
32
32
32
37
40
41
40
38
40
42
