106
103
100
97
95
92
90
89
88
88
89
90
110
106
104
101
99
96
94
92
92
92
93
94
116
113
110
107
105
103
100
99
98
98
99
100
123
121
119
116
113
110
108
106
106
106
107
108
127
127
127
124
122
120
117
115
115
115
117
120
127
127
127
127
127
127
127
127
127
126
123
119
126
127
127
127
127
127
127
125
118
111
104
98
106
107
111
116
114
113
99
89
79
72
67
64
66
62
58
49
51
99
50
44
43
43
41
40
45
44
43
33
75
127
50
37
40
40
40
40
40
42
37
50
127
127
60
40
44
43
43
44
43
43
40
93
127
127
64
40
44
44
43
43
43
37
67
127
127
127
71
39
43
45
44
41
40
50
127
127
127
127
75
39
43
44
43
42
46
96
127
127
127
127
81
40
43
43
42
43
57
127
127
127
127
127
85
40
43
43
42
43
119
115
113
110
108
106
103
101
101
101
101
102
123
120
117
114
112
110
107
105
105
105
105
106
127
127
124
120
118
116
113
111
111
111
111
113
127
127
127
127
126
123
122
120
119
119
120
121
127
127
127
127
127
127
127
127
127
127
127
127
127
127
127
127
127
127
127
127
127
127
127
122
127
127
127
127
127
127
127
127
123
113
105
97
105
106
111
120
119
113
103
90
78
71
67
64
64
61
56
49
47
42
43
43
41
40
40
39
43
41
40
37
33
29
35
37
37
37
38
37
37
37
38
39
34
32
39
40
40
40
40
40
40
40
40
37
33
32
38
41
41
40
40
40
40
41
39
33
32
32
39
40
40
41
40
38
41
40
35
32
32
32
38
41
41
40
40
39
41
37
32
32
32
32
38
41
41
40
40
40
40
33
32
32
32
32
39
42
40
40
40
40
127
127
127
127
127
127
127
127
127
127
127
127
127
127
127
127
127
127
127
127
127
127
127
127
127
127
127
127
127
127
127
127
127
127
127
127
127
127
127
127
127
127
127
127
127
127
127
127
127
127
127
127
127
127
127
127
127
127
127
127
127
127
127
127
127
127
127
127
127
127
127
127
127
127
127
127
127
127
127
127
127
122
106
94
104
104
111
127
127
123
110
92
78
69
65
64
64
61
57
50
47
42
43
43
41
40
40
40
43
42
40
37
33
28
35
37
38
38
38
39
38
38
39
40
35
32
40
42
42
41
41
41
41
41
40
37
33
32
39
42
42
42
41
41
41
41
40
33
32
32
40
41
41
42
41
39
42
40
36
32
32
32
39
42
42
41
40
40
42
37
33
32
32
32
39
42
42
41
40
40
41
34
32
32
32
31
40
43
41
41
40
40
