106
103
100
98
95
92
91
89
89
89
90
91
110
107
104
102
99
96
95
93
92
92
94
95
116
113
110
108
105
103
101
99
99
99
100
101
123
121
119
116
113
111
109
107
106
106
108
109
127
127
127
124
122
120
118
116
116
116
118
120
127
127
127
127
127
127
127
127
127
127
123
120
126
127
127
127
127
127
127
126
119
112
106
99
106
107
110
116
114
113
102
90
80
73
68
65
67
64
58
51
45
93
61
43
43
43
42
40
46
45
43
38
41
127
92
33
40
40
40
40
40
41
41
38
70
127
127
42
43
43
43
44
43
43
43
40
111
127
127
57
41
44
43
43
43
43
40
57
127
127
127
82
38
44
45
43
43
44
39
99
127
127
127
110
40
44
45
42
43
43
54
127
127
127
127
127
49
43
43
41
44
42
75
127
127
127
127
127
59
40
43
42
119
116
113
111
108
106
104
101
102
102
101
104
123
120
117
115
112
110
108
106
106
106
106
108
127
127
124
121
118
116
114
113
112
112
113
114
127
127
127
127
127
124
123
120
120
120
121
122
127
127
127
127
127
127
127
127
127
127
127
127
127
127
127
127
127
127
127
127
127
127
127
123
125
127
127
127
127
127
127
127
125
116
106
98
106
106
110
119
119
113
104
91
80
72
67
64
66
61
57
48
46
42
43
43
41
40
40
40
43
42
40
37
35
30
33
37
37
37
38
37
37
38
37
40
38
32
34
40
40
40
40
40
40
40
40
40
35
32
33
40
40
40
40
40
40
40
40
39
33
32
32
38
42
41
41
40
40
41
40
37
32
32
32
36
41
41
40
39
41
41
40
33
32
32
32
34
40
41
40
38
41
40
38
32
32
32
32
33
40
40
40
39
127
127
127
127
127
127
127
127
127
127
127
127
127
127
127
127
127
127
127
127
127
127
127
127
127
127
127
127
127
127
127
127
127
127
127
127
127
127
127
127
127
127
127
127
127
127
127
127
127
127
127
127
127
127
127
127
127
127
127
127
127
127
127
127
127
127
127
127
127
127
127
127
126
127
127
127
127
127
127
127
127
125
108
96
104
105
110
127
127
123
111
94
79
70
66
64
66
62
57
50
47
43
43
43
41
40
40
40
44
43
40
37
35
30
32
37
37
38
39
38
38
38
39
40
38
32
34
40
41
41
41
41
41
40
40
41
36
31
33
40
42
41
41
41
40
41
41
40
33
32
32
38
43
42
42
40
41
42
42
37
33
32
32
36
42
43
42
40
42
43
41
34
32
32
32
34
40
42
42
39
42
42
40
32
32
32
32
33
40
41
41
40
