106
103
101
99
96
93
92
90
90
90
90
92
110
107
105
103
99
97
96
94
94
94
94
96
116
113
111
109
106
103
102
100
100
100
100
103
123
121
119
116
114
112
110
108
108
108
108
110
127
127
127
125
123
120
119
117
116
117
119
121
127
127
127
127
127
127
127
127
127
127
123
119
127
127
127
127
127
127
127
125
118
111
104
98
106
108
112
115
113
110
99
89
78
71
68
64
66
63
57
49
50
96
53
43
43
42
42
40
46
44
42
37
44
127
88
34
40
40
40
40
40
40
42
39
63
127
127
47
41
43
43
43
43
43
44
39
89
127
127
75
38
42
43
44
43
43
41
40
120
127
127
117
40
42
43
43
44
44
40
53
127
127
127
127
62
40
43
43
44
43
39
78
127
127
127
127
101
40
43
43
43
43
38
101
127
127
127
127
127
42
43
43
118
116
114
112
108
106
105
103
102
103
103
105
123
120
118
116
113
110
109
107
106
107
107
109
127
127
124
122
120
117
115
113
113
113
113
115
127
127
127
127
127
125
123
121
121
121
121
123
127
127
127
127
127
127
127
127
127
127
127
127
127
127
127
127
127
127
127
127
127
127
127
122
127
127
127
127
127
127
127
127
123
114
105
97
106
106
112
120
116
111
102
89
78
71
66
64
65
61
54
46
46
42
43
43
41
40
40
40
43
41
39
35
35
30
33
37
37
37
37
37
37
37
39
40
38
32
35
40
40
40
40
40
40
40
41
41
37
32
33
38
40
40
40
40
40
41
40
40
34
32
32
36
40
40
40
40
40
41
40
40
33
32
32
33
40
41
40
40
40
41
41
37
32
32
32
32
37
40
40
40
40
40
40
36
32
32
32
32
33
40
41
41
127
127
127
127
127
127
127
127
127
127
127
127
127
127
127
127
127
127
127
127
127
127
127
127
127
127
127
127
127
127
127
127
127
127
127
127
127
127
127
127
127
127
127
127
127
127
127
127
127
127
127
127
127
127
127
127
127
127
127
127
127
127
127
127
127
127
127
127
127
127
127
127
127
127
127
127
127
127
127
127
127
122
106
95
105
105
114
127
127
120
107
91
76
69
65
64
64
61
54
47
47
42
43
43
41
40
40
40
43
42
39
35
35
29
33
37
37
39
38
38
38
38
40
41
40
33
35
40
41
41
40
41
40
41
42
42
38
32
33
38
41
40
40
42
41
42
40
40
35
32
32
36
42
41
40
41
41
42
41
40
33
32
32
33
41
42
40
41
41
42
42
38
32
32
32
32
38
41
41
41
41
41
41
37
32
32
32
32
34
40
42
42
