104
102
99
98
96
95
93
92
92
92
92
95
108
106
103
102
100
98
97
96
96
96
96
99
114
112
110
108
106
104
103
103
102
103
103
105
122
120
117
116
114
113
111
110
110
110
110
112
127
127
126
125
123
121
120
120
119
120
121
123
127
127
127
127
127
127
127
127
127
127
124
120
127
127
127
127
127
127
127
125
119
111
104
96
106
108
113
113
111
108
96
87
78
71
66
64
67
61
52
43
62
92
46
44
43
42
40
40
45
44
37
37
109
116
37
40
40
40
40
40
40
40
39
80
127
127
40
43
43
43
43
43
44
41
59
127
127
116
40
43
42
43
42
43
39
47
127
127
127
110
39
43
43
43
43
43
42
105
127
127
127
102
39
43
43
43
44
44
89
127
127
127
127
94
38
43
43
43
44
45
127
127
127
127
127
88
37
43
43
43
44
46
117
115
113
110
110
108
106
104
105
104
106
107
121
119
116
115
113
112
110
109
109
109
110
111
127
125
123
122
120
118
116
116
115
116
116
118
127
127
127
127
127
126
125
123
123
123
123
126
127
127
127
127
127
127
127
127
127
127
127
127
127
127
127
127
127
127
127
127
127
127
127
121
127
127
127
127
127
127
127
127
124
113
104
96
106
107
115
118
114
108
99
87
77
70
66
64
64
59
50
46
44
42
43
42
40
40
39
39
42
40
37
36
31
31
37
37
37
37
37
37
37
38
40
37
33
35
41
40
40
40
40
40
40
41
39
33
32
36
41
40
40
40
39
40
40
40
34
32
32
37
41
40
40
40
41
40
39
35
32
32
32
37
41
40
40
40
41
41
37
33
32
32
32
37
41
40
40
40
41
41
33
32
32
32
32
38
40
40
40
41
40
41
127
127
127
127
127
127
127
127
127
127
127
127
127
127
127
127
127
127
127
127
127
127
127
127
127
127
127
127
127
127
127
127
127
127
127
127
127
127
127
127
127
127
127
127
127
127
127
127
127
127
127
127
127
127
127
127
127
127
127
127
127
127
127
127
127
127
127
127
127
127
127
127
127
127
127
127
127
127
127
127
127
121
105
93
106
106
121
127
123
116
103
89
75
68
65
64
65
60
50
47
45
41
43
42
41
40
40
40
43
41
37
35
30
30
37
37
37
39
39
38
37
39
40
38
33
35
42
41
40
41
41
40
41
42
40
33
31
36
42
40
40
41
40
40
40
40
34
32
32
37
41
41
40
41
42
41
40
36
32
32
32
37
42
40
40
41
42
42
37
33
32
32
32
37
42
40
40
41
42
42
34
32
32
32
32
38
41
40
41
42
41
42
