103
101
99
98
97
95
94
93
93
93
95
96
107
105
103
102
100
99
98
97
97
97
99
99
113
111
110
108
106
105
104
103
103
103
105
106
121
120
117
116
115
113
112
111
111
111
113
113
127
127
126
124
123
122
121
120
120
120
123
123
127
127
127
127
127
127
127
127
127
127
126
121
125
127
127
127
127
127
127
127
120
113
106
99
106
107
112
113
111
108
98
89
80
73
68
65
68
64
54
49
44
89
65
43
43
43
42
40
46
44
42
35
47
127
84
34
40
40
40
40
40
40
41
39
92
127
106
37
43
43
43
43
43
43
40
55
127
127
118
40
43
43
43
43
43
43
38
105
127
127
127
45
42
43
44
44
43
39
63
127
127
127
127
55
43
43
43
45
43
47
112
127
127
127
127
68
41
42
42
44
40
63
127
127
127
127
127
78
39
41
41
43
116
113
113
111
110
108
107
106
106
106
108
109
120
118
116
115
113
112
111
110
110
110
112
113
127
125
123
122
120
118
117
116
116
116
118
119
127
127
127
127
127
127
125
124
124
124
126
127
127
127
127
127
127
127
127
127
127
127
127
127
127
127
127
127
127
127
127
127
127
127
127
125
126
127
127
127
127
127
127
127
127
116
107
99
106
106
113
118
114
109
99
89
79
71
68
65
67
61
52
46
46
41
41
43
42
40
40
40
43
42
38
36
35
29
33
37
37
37
37
37
37
37
39
40
37
31
36
41
40
40
40
40
40
40
40
40
34
31
36
41
40
40
40
40
40
40
41
37
32
32
34
40
40
40
40
40
40
41
40
33
32
32
33
40
41
40
40
41
40
41
36
32
32
32
33
39
42
40
40
41
40
40
33
32
32
32
33
38
41
39
39
40
127
127
127
127
127
127
127
127
127
127
127
127
127
127
127
127
127
127
127
127
127
127
127
127
127
127
127
127
127
127
127
127
127
127
127
127
127
127
127
127
127
127
127
127
127
127
127
127
127
127
127
127
127
127
127
127
127
127
127
127
127
127
127
127
127
127
127
127
127
127
127
127
126
127
127
127
127
127
127
127
127
126
110
97
105
105
117
127
124
116
106
91
78
70
66
64
66
62
53
46
46
42
42
43
41
40
40
40
44
43
39
35
35
29
33
37
38
38
38
38
38
38
40
40
37
31
37
42
41
41
40
41
40
40
41
40
33
31
36
42
41
41
40
41
41
41
43
37
32
32
34
42
41
41
42
41
41
42
40
33
32
32
33
41
43
40
41
42
41
42
37
32
32
32
33
40
43
40
40
42
41
42
33
32
32
32
33
39
42
40
40
41
