103
101
99
98
97
95
94
93
93
94
96
96
106
105
103
102
99
99
98
97
97
98
99
100
113
111
110
108
106
105
104
103
103
104
106
106
120
119
117
116
115
113
113
112
112
112
113
114
127
127
125
124
123
122
121
120
120
121
123
124
127
127
127
127
127
127
127
127
127
127
127
123
125
127
127
127
127
127
127
127
121
114
106
99
106
107
111
113
111
109
98
89
81
74
68
64
68
64
54
48
47
71
81
40
44
43
41
41
47
44
41
39
35
75
127
54
37
40
40
40
40
40
42
43
37
99
127
97
39
43
43
43
43
43
43
43
40
125
127
127
51
40
43
43
43
43
43
40
51
127
127
127
86
36
43
42
41
43
43
38
75
127
127
127
127
44
43
43
42
42
42
40
106
127
127
127
127
77
42
44
43
41
40
43
127
127
127
127
127
113
42
46
115
114
111
111
110
108
107
106
106
107
106
110
120
118
116
115
113
112
111
110
110
111
112
113
127
124
123
121
120
118
117
116
116
117
119
120
127
127
127
127
127
127
126
125
125
125
127
127
127
127
127
127
127
127
127
127
127
127
127
127
127
127
127
127
127
127
127
127
127
127
127
127
124
127
127
127
127
127
127
127
127
118
108
100
106
105
113
118
114
108
99
90
80
72
68
65
68
61
51
46
46
42
41
43
42
41
40
40
44
42
38
36
37
33
30
35
37
38
37
37
37
37
40
40
40
37
31
37
40
40
40
40
40
40
40
40
40
35
31
34
40
40
40
40
40
40
40
41
39
33
32
32
37
40
40
40
40
40
40
41
38
32
32
32
33
40
41
40
40
40
40
41
37
32
32
32
32
39
41
41
40
39
38
40
35
32
32
32
31
37
42
42
127
127
127
127
127
127
127
127
127
127
127
127
127
127
127
127
127
127
127
127
127
127
127
127
127
127
127
127
127
127
127
127
127
127
127
127
127
127
127
127
127
127
127
127
127
127
127
127
127
127
127
127
127
127
127
127
127
127
127
127
127
127
127
127
127
127
127
127
127
127
127
127
124
127
127
127
127
127
127
127
127
127
111
99
106
103
117
127
123
117
106
91
79
70
67
64
67
61
52
46
46
43
40
43
41
40
40
40
44
43
38
35
36
33
29
36
38
38
38
39
38
38
40
41
41
37
31
37
41
41
40
41
41
41
41
41
41
36
31
34
40
41
40
40
41
40
41
42
40
33
32
32
37
40
41
40
40
41
41
42
39
33
32
32
33
40
42
41
40
40
40
42
37
32
32
32
32
40
43
42
41
40
39
41
35
32
32
32
31
38
43
43
