103
101
99
98
97
95
94
93
93
94
95
96
106
105
103
102
99
99
98
97
97
98
99
100
113
111
110
108
106
105
104
103
103
104
105
106
120
119
117
116
115
113
113
112
112
112
113
114
127
127
125
124
123
122
121
120
121
121
123
125
127
127
127
127
127
127
127
127
127
127
125
120
127
127
127
127
127
127
127
125
119
112
104
98
106
108
112
111
109
106
93
85
77
71
67
64
65
57
49
48
49
83
69
38
43
42
41
41
46
42
40
39
37
76
127
62
33
40
40
40
40
41
43
43
39
68
127
120
54
40
43
43
43
43
43
43
41
58
127
127
102
43
42
44
44
45
45
43
42
56
127
127
127
84
36
41
44
46
43
43
43
52
127
127
127
127
67
36
43
43
42
43
42
49
127
127
127
127
123
57
41
40
42
43
41
47
127
127
127
127
127
92
115
114
111
111
110
108
107
106
106
107
106
110
120
118
116
115
113
112
111
110
110
111
112
113
127
124
123
121
120
118
117
116
116
117
119
120
127
127
127
127
127
127
126
125
125
125
127
127
127
127
127
127
127
127
127
127
127
127
127
127
127
127
127
127
127
127
127
127
127
127
127
124
127
127
127
127
127
127
127
127
123
115
106
98
105
109
116
115
111
104
96
85
77
70
67
64
64
56
46
46
44
42
41
42
41
41
40
40
43
40
36
36
36
33
30
35
38
37
37
37
37
39
40
40
40
39
32
35
40
40
40
40
40
40
40
40
40
40
32
33
37
41
40
40
41
41
40
40
41
40
33
32
33
38
40
40
41
41
40
40
40
40
33
32
32
33
38
40
40
40
40
40
40
40
33
32
32
32
35
40
39
38
40
40
40
41
33
32
32
32
33
37
127
127
127
127
127
127
127
127
127
127
127
127
127
127
127
127
127
127
127
127
127
127
127
127
127
127
127
127
127
127
127
127
127
127
127
127
127
127
127
127
127
127
127
127
127
127
127
127
127
127
127
127
127
127
127
127
127
127
127
127
127
127
127
127
127
127
127
127
127
127
127
127
127
127
127
127
127
127
127
127
127
122
106
96
103
110
126
124
120
112
100
86
75
68
65
64
64
56
47
46
45
42
42
42
41
40
40
40
43
40
36
35
36
33
30
36
38
38
38
38
38
39
40
41
41
40
32
36
40
42
41
41
40
40
41
41
41
40
32
32
37
42
41
41
42
42
42
40
42
41
33
32
33
39
40
40
42
42
41
40
42
41
33
32
32
34
39
41
41
41
40
40
41
41
33
32
32
31
35
40
40
39
40
40
40
42
33
32
32
32
33
38
