102
101
99
98
97
95
94
93
93
94
94
96
106
105
103
102
100
99
98
97
97
98
98
100
113
111
109
108
106
105
104
103
103
104
104
106
120
119
117
116
115
113
112
111
111
112
112
113
127
127
126
124
123
122
121
120
120
122
123
125
127
127
127
127
127
127
127
127
127
127
124
120
127
127
127
127
127
127
127
124
117
110
103
96
105
110
112
110
109
103
91
83
75
70
67
64
63
54
47
47
54
89
56
39
43
42
42
40
44
40
39
39
37
101
118
48
35
40
40
40
40
43
43
43
37
102
127
99
44
40
44
43
43
44
43
44
38
86
127
127
77
40
43
42
43
43
42
43
37
81
127
127
127
59
37
43
43
43
42
43
37
77
127
127
127
123
52
40
41
43
42
42
38
74
127
127
127
127
101
49
41
43
43
43
40
73
127
127
127
127
127
64
116
114
111
111
110
108
107
106
106
106
108
108
120
118
116
115
113
112
111
110
110
110
111
113
127
125
123
122
120
118
117
116
116
117
117
120
127
127
127
127
127
127
126
125
125
125
125
127
127
127
127
127
127
127
127
127
127
127
127
127
127
127
127
127
127
127
127
127
127
127
127
123
127
127
127
127
127
127
127
127
123
113
103
96
104
111
116
113
110
103
93
84
75
69
65
64
62
50
45
45
44
41
42
42
41
40
40
40
42
38
35
35
36
32
31
36
38
37
38
37
37
40
40
40
40
37
32
37
40
40
40
40
40
40
40
40
41
37
32
33
37
40
40
40
40
40
40
40
40
37
32
32
33
39
40
40
40
40
40
40
40
37
32
32
32
34
40
40
40
40
40
39
40
38
32
32
32
32
37
41
39
40
40
40
42
40
32
32
32
32
33
40
127
127
127
127
127
127
127
127
127
127
127
127
127
127
127
127
127
127
127
127
127
127
127
127
127
127
127
127
127
127
127
127
127
127
127
127
127
127
127
127
127
127
127
127
127
127
127
127
127
127
127
127
127
127
127
127
127
127
127
127
127
127
127
127
127
127
127
127
127
127
127
127
127
127
127
127
127
127
127
127
127
118
104
94
103
116
126
123
118
109
96
83
73
68
65
64
61
52
45
46
44
40
42
42
42
40
40
40
43
38
35
35
36
32
31
37
39
38
38
39
38
40
41
41
42
37
32
37
41
41
41
41
41
42
41
41
42
37
31
33
38
41
41
40
41
41
40
41
40
37
32
32
33
40
40
40
40
41
40
40
40
37
32
32
32
35
40
42
40
41
40
40
41
39
32
32
32
32
37
42
39
41
40
40
43
40
32
32
32
31
33
41
