103
101
99
98
96
95
94
93
93
93
95
96
107
105
103
102
100
99
98
97
97
97
99
99
113
112
110
108
107
105
104
103
103
103
105
106
121
120
117
116
115
113
112
111
111
111
113
113
127
127
126
124
123
122
121
120
120
122
123
125
127
127
127
127
127
127
127
127
127
127
122
116
127
127
127
127
127
127
127
121
113
107
100
93
107
111
110
109
106
96
88
80
73
68
65
63
54
48
48
47
79
75
39
44
43
42
41
40
41
39
39
35
81
127
57
34
41
40
40
40
42
43
43
37
89
127
109
43
42
43
43
43
43
43
43
37
96
127
127
71
39
43
43
44
44
44
42
38
110
127
127
127
46
41
44
43
43
43
41
43
124
127
127
127
90
38
45
44
43
43
41
49
127
127
127
127
127
57
43
46
43
43
40
54
127
127
127
127
127
88
39
46
116
113
113
111
110
108
107
106
106
106
108
109
120
118
116
115
113
112
111
110
110
110
112
113
127
125
123
122
120
118
117
116
116
116
118
119
127
127
127
127
127
127
125
124
124
124
126
127
127
127
127
127
127
127
127
127
127
127
127
127
127
127
127
127
127
127
127
127
127
127
127
120
127
127
127
127
127
127
127
127
118
108
100
93
109
115
113
110
106
98
88
79
72
68
65
63
53
45
45
44
42
41
43
42
41
40
40
40
38
35
36
36
33
30
36
37
38
37
37
37
39
40
40
40
37
32
37
40
40
40
40
40
40
40
40
40
37
32
33
38
40
40
40
40
40
41
40
40
36
32
32
35
40
40
40
40
40
41
40
41
35
32
32
33
37
40
41
41
40
40
40
41
34
32
32
32
34
38
41
42
40
40
41
40
33
32
32
32
32
37
40
43
127
127
127
127
127
127
127
127
127
127
127
127
127
127
127
127
127
127
127
127
127
127
127
127
127
127
127
127
127
127
127
127
127
127
127
127
127
127
127
127
127
127
127
127
127
127
127
127
127
127
127
127
127
127
127
127
127
127
127
127
127
127
127
127
127
127
127
127
127
127
127
125
127
127
127
127
127
127
127
127
127
112
99
90
111
124
123
120
113
103
90
78
70
66
64
63
53
46
46
45
42
41
43
41
40
40
40
40
39
35
36
36
33
30
36
38
38
38
38
38
40
40
40
41
38
32
37
41
42
40
40
41
41
40
40
41
37
32
33
39
42
40
40
42
41
42
40
41
36
32
32
35
40
41
41
41
41
41
40
41
35
32
32
33
37
41
42
41
41
41
40
41
34
32
32
32
34
39
42
43
41
41
41
41
33
31
32
32
32
37
41
43
