103
101
99
98
96
95
94
93
93
93
95
96
107
105
103
102
100
99
98
97
97
97
99
99
113
112
110
108
107
105
104
103
103
103
105
106
121
120
117
116
115
113
112
111
111
111
113
113
127
127
126
124
123
122
121
120
120
122
123
125
127
127
127
127
127
127
127
127
127
125
120
116
127
127
127
127
127
127
126
119
113
105
98
92
109
110
110
108
103
93
85
78
72
67
64
62
50
48
47
54
89
55
42
43
42
42
40
40
40
39
37
43
123
102
34
40
40
40
40
39
43
43
40
52
127
127
54
40
43
43
44
43
44
43
39
71
127
127
93
39
43
43
44
44
43
43
38
101
127
127
127
50
41
43
43
43
43
43
44
127
127
127
127
83
38
43
41
43
43
41
61
127
127
127
127
126
46
40
40
42
43
38
80
127
127
127
127
127
60
38
41
41
116
113
113
111
110
108
107
105
105
106
106
109
120
118
116
115
113
112
111
110
110
110
111
113
127
125
123
122
120
118
117
116
116
116
118
119
127
127
127
127
127
127
125
124
124
124
126
127
127
127
127
127
127
127
127
127
127
127
127
127
127
127
127
127
127
127
127
127
127
127
123
117
127
127
127
127
127
127
127
125
116
106
97
91
113
114
113
110
104
96
86
77
71
67
64
62
47
45
45
43
41
42
42
41
40
40
39
39
36
36
36
35
30
32
37
37
37
38
37
37
40
40
40
40
33
33
39
41
40
41
40
40
40
40
40
39
33
32
37
41
40
41
41
40
40
40
42
37
32
32
33
40
41
40
40
40
40
41
42
34
32
32
32
37
41
40
39
40
40
41
40
33
32
32
32
34
40
40
38
40
40
40
37
32
32
32
32
33
39
39
39
38
127
127
127
127
127
127
127
127
127
127
127
127
127
127
127
127
127
127
127
127
127
127
127
127
127
127
127
127
127
127
127
127
127
127
127
127
127
127
127
127
127
127
127
127
127
127
127
127
127
127
127
127
127
127
127
127
127
127
127
127
127
127
127
127
127
127
127
127
127
127
127
122
127
127
127
127
127
127
127
127
123
108
96
89
120
123
121
117
110
100
87
76
68
66
64
63
47
46
45
44
41
42
42
42
40
40
40
40
36
36
36
36
30
32
37
38
38
39
38
38
40
40
40
40
33
33
40
42
41
42
42
41
41
40
40
40
33
32
37
42
41
42
42
42
42
41
43
37
32
32
34
41
42
41
41
40
41
42
43
34
32
32
32
38
42
40
40
41
41
42
40
33
32
32
32
34
40
40
39
40
41
41
37
32
32
32
32
33
40
40
39
39
