103
101
99
98
96
95
94
93
93
93
95
96
107
105
103
102
100
99
98
97
97
97
99
99
113
112
110
108
107
105
104
103
103
103
105
106
121
120
117
116
115
113
112
111
111
111
113
113
127
127
126
124
123
122
121
120
121
122
123
125
127
127
127
127
127
127
127
127
127
124
120
114
127
127
127
127
127
127
125
118
110
103
96
90
110
110
109
107
101
92
85
76
71
67
64
62
48
48
46
65
87
44
43
43
42
41
40
40
39
40
33
77
127
54
37
40
40
40
40
40
43
42
40
116
127
82
39
43
43
43
43
43
43
40
58
127
127
113
40
43
43
43
42
43
43
37
107
127
127
127
44
40
43
43
43
43
40
59
127
127
127
127
59
39
43
43
42
43
43
102
127
127
127
127
85
38
43
43
43
43
50
127
127
127
127
127
110
38
43
43
43
43
116
113
113
111
110
108
107
105
105
106
106
109
120
118
116
115
113
112
111
110
110
110
111
113
127
125
123
122
120
118
117
116
116
116
118
120
127
127
127
127
127
127
125
124
124
124
125
127
127
127
127
127
127
127
127
127
127
127
127
127
127
127
127
127
127
127
127
127
127
127
123
116
127
127
127
127
127
127
127
123
113
103
96
90
113
113
111
108
103
94
84
76
69
65
64
62
46
45
44
43
41
43
42
41
40
40
39
39
36
35
36
33
30
36
37
37
37
38
37
37
40
40
40
36
32
37
40
41
40
40
40
40
40
41
40
33
32
37
41
41
40
40
40
40
40
40
37
32
32
33
40
39
40
40
40
40
41
39
33
32
32
33
38
40
41
41
40
40
41
37
32
32
32
31
37
41
41
41
40
40
41
34
32
32
32
31
37
41
41
41
41
40
127
127
127
127
127
127
127
127
127
127
127
127
127
127
127
127
127
127
127
127
127
127
127
127
127
127
127
127
127
127
127
127
127
127
127
127
127
127
127
127
127
127
127
127
127
127
127
127
127
127
127
127
127
127
127
127
127
127
127
127
127
127
127
127
127
127
127
127
127
127
127
119
127
127
127
127
127
127
127
127
120
104
94
87
123
123
120
116
108
97
84
73
68
65
64
63
46
46
45
43
41
43
42
41
40
40
40
40
36
35
36
33
29
36
37
37
39
39
38
38
41
41
41
37
32
38
42
41
41
41
40
41
41
42
40
33
32
37
42
42
41
41
40
41
41
41
37
32
32
33
40
40
41
41
40
40
42
40
33
32
32
33
39
40
41
41
40
41
42
37
32
32
32
31
37
42
41
41
41
41
41
34
32
32
32
31
37
42
42
42
42
41
