102
101
98
98
97
95
94
93
93
93
95
96
106
105
103
102
100
99
98
97
97
97
99
99
113
111
110
108
106
105
104
103
103
103
105
106
121
119
117
116
115
113
112
111
111
111
112
114
127
127
126
124
123
122
121
121
122
123
123
125
127
127
127
127
127
127
127
127
127
124
118
113
127
127
127
127
127
127
124
117
110
103
96
89
110
110
108
107
100
92
84
75
70
66
64
62
48
48
46
76
79
42
44
43
42
41
41
39
39
37
35
117
113
38
39
40
40
40
40
40
43
38
69
127
127
46
40
43
43
43
43
43
41
47
126
127
127
51
40
43
43
43
43
43
37
93
127
127
127
56
40
43
43
43
44
44
68
127
127
127
127
61
41
43
43
43
44
45
123
127
127
127
127
67
40
43
43
43
44
44
127
127
127
127
127
69
39
43
43
43
43
43
116
113
111
111
110
108
107
106
106
106
108
109
120
118
116
115
113
112
111
110
110
110
112
113
127
125
123
122
120
118
117
116
116
116
118
120
127
127
127
127
127
127
126
125
124
125
126
127
127
127
127
127
127
127
127
127
127
127
127
127
127
127
127
127
127
127
127
127
127
127
121
114
127
127
127
127
127
127
127
122
112
103
95
89
113
113
112
107
101
93
83
75
70
65
64
62
45
45
44
42
41
43
42
41
40
40
39
39
35
36
36
31
31
37
37
38
37
37
37
37
40
40
39
33
34
40
40
40
40
40
40
40
40
40
35
32
34
40
40
40
40
40
40
40
41
37
32
32
33
39
41
40
40
40
41
40
38
33
32
32
33
39
42
40
40
40
40
41
35
32
32
32
33
39
41
40
40
40
40
41
33
32
32
32
33
38
40
41
40
40
41
41
127
127
127
127
127
127
127
127
127
127
127
127
127
127
127
127
127
127
127
127
127
127
127
127
127
127
127
127
127
127
127
127
127
127
127
127
127
127
127
127
127
127
127
127
127
127
127
127
127
127
127
127
127
127
127
127
127
127
127
127
127
127
127
127
127
127
127
127
127
127
127
117
127
127
127
127
127
127
127
127
118
103
92
86
122
122
120
115
107
96
83
72
68
65
64
62
46
46
45
43
41
43
42
41
40
40
40
40
36
36
36
30
31
37
38
38
38
38
39
38
41
41
39
33
34
41
41
41
40
40
41
40
41
41
35
31
33
40
40
41
40
40
40
40
42
38
32
32
33
40
41
40
40
41
42
42
40
34
32
32
33
40
42
40
40
41
42
42
35
32
32
32
33
40
42
41
40
41
42
42
33
32
32
32
33
38
41
42
41
41
42
42
