103
101
99
98
97
95
94
93
94
94
96
96
106
105
103
102
99
99
98
97
98
98
99
100
113
111
110
108
106
105
104
103
104
104
106
106
120
119
117
116
114
113
113
112
112
112
113
115
127
127
125
124
123
122
122
121
123
123
125
125
127
127
127
127
127
127
127
127
127
123
118
113
127
127
127
127
127
127
123
116
110
102
95
89
110
109
108
107
100
92
82
75
70
65
63
62
48
48
43
85
73
41
44
43
42
41
40
40
40
33
50
127
89
33
40
40
40
40
40
39
39
46
104
127
98
37
43
43
43
43
43
43
40
83
127
127
89
37
43
43
43
43
43
43
75
127
127
127
82
38
43
43
44
44
45
44
127
127
127
127
73
38
43
43
44
44
45
46
127
127
127
127
64
40
44
43
44
44
45
45
127
127
127
127
58
42
44
42
44
44
45
43
115
114
111
111
110
108
107
106
106
107
109
110
120
118
116
115
113
112
111
110
110
111
113
113
127
124
123
121
120
118
117
117
117
117
119
120
127
127
127
127
127
127
126
125
125
125
126
127
127
127
127
127
127
127
127
127
127
127
127
127
127
127
127
127
127
127
127
127
127
127
120
113
127
127
127
127
127
127
127
121
112
102
94
88
113
113
110
107
101
92
82
75
69
65
64
62
46
45
45
42
42
43
42
41
40
40
39
39
36
36
35
30
33
37
37
38
37
37
37
37
40
40
37
32
37
41
40
40
40
40
40
40
40
37
33
32
37
41
40
40
40
40
40
40
39
33
32
33
38
41
40
41
41
41
40
40
34
32
32
33
39
41
40
41
41
41
41
40
32
32
32
33
39
41
40
40
41
41
41
40
32
32
32
33
40
42
40
40
41
42
41
40
127
127
127
127
127
127
127
127
127
127
127
127
127
127
127
127
127
127
127
127
127
127
127
127
127
127
127
127
127
127
127
127
127
127
127
127
127
127
127
127
127
127
127
127
127
127
127
127
127
127
127
127
127
127
127
127
127
127
127
127
127
127
127
127
127
127
127
127
127
127
127
116
127
127
127
127
127
127
127
127
116
101
91
86
122
122
120
115
106
95
82
73
68
64
63
62
46
46
45
41
42
43
42
42
40
40
40
40
36
37
35
29
33
37
38
38
39
38
38
37
41
41
37
32
37
41
41
40
41
41
41
40
41
38
33
32
38
41
41
40
41
41
42
41
40
33
32
32
39
42
40
41
42
42
42
41
35
32
32
33
40
42
41
40
42
42
43
42
32
32
32
33
40
42
41
40
42
42
43
41
32
32
32
33
40
43
41
40
42
42
42
40
