101
100
99
97
96
96
95
94
94
95
96
97
106
104
103
101
99
99
99
98
98
99
99
101
113
111
109
107
106
105
105
104
104
105
106
108
120
119
116
116
115
113
113
112
112
113
113
116
127
127
125
124
123
122
122
122
123
123
125
125
127
127
127
127
127
127
127
127
127
123
117
112
127
127
127
127
127
127
124
116
110
102
94
88
110
110
108
107
100
92
83
75
69
65
63
62
48
47
43
89
69
41
44
43
42
41
40
40
38
31
65
127
73
34
40
40
40
40
40
39
38
60
125
127
70
38
43
43
43
43
43
43
50
116
127
127
53
40
43
44
44
44
43
43
123
127
127
127
42
43
43
44
44
45
43
43
127
127
127
108
39
44
43
44
43
43
42
42
127
127
127
82
40
43
43
43
43
43
42
42
127
127
127
62
40
42
41
43
43
44
43
43
116
113
112
110
110
109
108
107
107
106
107
110
120
117
116
114
113
113
112
111
111
111
113
114
126
124
122
121
120
119
118
117
117
118
120
121
127
127
127
127
127
127
126
126
126
126
127
127
127
127
127
127
127
127
127
127
127
127
127
127
127
127
127
127
127
127
127
127
127
127
120
113
127
127
127
127
127
127
127
121
111
101
93
88
113
113
112
107
101
93
82
75
69
65
63
62
46
45
46
42
41
43
42
41
40
40
39
39
36
37
34
30
34
37
37
37
37
37
37
37
40
39
35
32
39
40
40
40
40
40
40
40
40
35
32
33
40
40
40
41
40
40
40
40
35
32
32
35
40
40
40
41
41
40
40
40
33
32
31
37
41
41
40
40
40
40
40
39
32
32
31
39
41
40
40
40
40
40
39
39
32
32
32
40
41
39
39
40
40
42
40
40
127
127
127
127
127
127
127
127
127
127
127
127
127
127
127
127
127
127
127
127
127
127
127
127
127
127
127
127
127
127
127
127
127
127
127
127
127
127
127
127
127
127
127
127
127
127
127
127
127
127
127
127
127
127
127
127
127
127
127
127
127
127
127
127
127
127
127
127
127
127
127
115
127
127
127
127
127
127
127
127
116
101
91
85
122
122
120
115
107
96
82
73
67
64
63
62
46
46
45
41
42
43
42
41
40
40
40
39
36
37
34
29
33
37
38
37
38
39
37
38
41
40
36
32
39
41
41
41
41
42
40
41
40
36
32
33
40
41
40
42
42
42
41
41
36
32
32
35
41
41
40
43
42
42
41
40
33
32
31
37
42
42
41
42
41
40
40
40
32
32
31
39
42
41
40
42
40
40
40
40
32
32
32
40
42
40
40
41
41
43
40
40
