100
97
97
96
96
96
96
96
96
96
97
99
104
102
101
100
99
99
99
99
99
100
101
103
110
109
107
106
106
106
105
105
106
106
107
110
118
116
115
114
113
113
113
113
114
114
116
118
125
124
123
123
123
123
123
123
125
125
127
127
127
127
127
127
127
127
127
127
127
125
119
113
127
127
127
127
127
127
126
118
110
103
95
89
110
110
108
109
103
94
85
76
70
66
63
62
50
47
40
84
78
42
44
43
42
41
40
39
35
33
74
127
68
35
40
40
40
40
40
40
45
75
127
127
54
40
43
43
43
43
43
43
78
127
127
102
37
43
43
43
43
43
43
42
127
127
127
57
41
44
43
43
43
43
44
44
127
127
113
40
43
43
43
43
43
43
44
44
127
127
68
38
43
43
43
43
43
43
44
44
127
127
43
41
43
43
44
43
43
44
44
45
113
112
110
110
109
109
109
109
109
110
110
113
117
116
114
113
113
113
113
113
113
113
114
116
123
123
120
120
119
119
119
119
119
120
121
123
127
127
127
127
127
127
127
127
127
127
127
127
127
127
127
127
127
127
127
127
127
127
127
127
127
127
127
127
127
127
127
127
127
127
121
113
127
127
127
127
127
127
127
124
113
103
94
88
112
113
112
110
104
96
85
75
69
65
64
62
47
46
46
42
42
43
42
41
40
40
39
39
37
36
33
30
33
37
37
37
37
37
37
37
40
38
34
33
39
40
40
40
40
40
40
40
37
33
31
36
40
40
40
40
40
40
40
40
33
32
33
39
41
41
41
40
40
41
41
40
32
32
36
40
40
40
41
40
41
41
41
41
32
33
38
40
40
40
41
40
41
41
41
41
32
34
39
40
41
40
40
40
40
41
42
42
127
127
127
127
127
127
127
127
127
127
127
127
127
127
127
127
127
127
127
127
127
127
127
127
127
127
127
127
127
127
127
127
127
127
127
127
127
127
127
127
127
127
127
127
127
127
127
127
127
127
127
127
127
127
127
127
127
127
127
127
127
127
127
127
127
127
127
127
127
127
127
116
127
127
127
127
127
127
127
127
120
103
91
86
120
123
121
118
110
99
85
74
68
64
63
62
47
47
47
43
42
43
42
41
40
40
40
40
37
37
33
29
34
37
37
38
38
38
38
38
40
39
34
33
40
41
40
41
40
40
41
40
38
33
31
37
40
40
40
41
40
40
41
40
33
32
33
40
42
42
41
40
41
42
42
42
32
32
37
41
41
41
41
40
42
41
42
42
32
33
39
41
41
41
41
40
42
41
42
42
32
34
40
41
42
41
41
41
41
42
43
43
