99
99
96
96
96
96
96
96
96
97
99
100
103
103
100
100
99
99
99
99
100
101
103
104
110
109
107
106
106
106
106
106
106
107
110
112
117
116
115
114
113
113
113
113
115
116
117
120
124
124
123
123
123
123
123
124
126
127
127
122
127
127
127
127
127
127
127
127
125
118
111
104
127
127
127
127
127
127
120
111
103
94
86
82
108
107
110
103
96
87
77
71
67
63
61
60
45
69
93
53
44
44
43
42
41
40
39
39
96
89
64
40
39
40
40
40
40
40
39
39
106
78
46
42
43
43
43
43
43
43
43
42
53
37
42
44
44
43
43
43
43
44
44
43
43
43
46
44
43
44
44
43
43
44
44
46
43
43
44
43
43
44
43
43
43
44
43
44
43
42
42
43
43
44
43
42
43
43
43
43
42
43
42
43
43
43
43
40
41
43
43
43
112
112
109
110
109
109
109
109
109
110
111
113
116
115
113
113
113
113
113
113
113
114
116
117
123
122
120
120
119
119
119
119
120
121
123
125
127
127
127
127
127
127
127
127
127
127
127
127
127
127
127
127
127
127
127
127
127
127
127
123
127
127
127
127
127
127
127
127
127
120
112
104
127
127
127
127
127
127
125
114
103
93
86
82
113
111
109
105
98
87
76
70
65
64
62
61
47
43
41
43
43
43
41
40
40
39
39
39
33
32
33
36
36
37
37
37
37
37
37
37
36
37
40
40
40
40
40
40
40
40
40
39
39
40
40
40
40
40
40
40
40
40
40
40
41
41
41
40
40
41
41
40
41
41
40
40
41
40
40
39
40
41
40
40
41
40
40
40
40
39
39
40
40
41
40
40
40
40
40
40
39
40
40
41
40
40
41
37
39
40
40
40
127
127
127
127
127
127
127
127
127
127
127
127
127
127
127
127
127
127
127
127
127
127
127
127
127
127
127
127
127
127
127
127
127
127
127
127
127
127
127
127
127
127
127
127
127
127
127
127
127
127
127
127
127
127
127
127
127
127
127
126
127
127
127
127
127
127
127
127
127
127
112
103
127
127
127
127
127
127
127
120
103
91
85
82
122
120
116
112
102
89
75
68
64
64
62
61
47
44
41
43
43
43
41
40
40
40
39
39
32
32
33
36
37
37
37
39
38
38
37
37
37
38
40
41
41
41
41
41
41
41
41
40
40
41
41
42
42
41
41
40
41
42
42
41
42
42
43
42
40
42
42
41
42
42
42
42
42
40
40
40
40
42
41
41
42
41
41
41
40
40
40
40
40
42
41
40
40
41
40
40
40
40
40
41
40
41
42
38
40
41
40
41
