99
98
96
96
95
96
96
96
96
97
98
100
103
102
100
99
99
99
99
99
100
101
103
103
109
108
106
106
105
105
106
106
106
107
110
113
116
116
114
113
113
113
113
113
115
116
118
122
123
123
123
122
122
123
123
124
126
127
125
120
127
127
127
127
127
127
127
127
124
116
110
103
127
127
127
127
127
127
120
111
102
93
86
81
109
107
110
103
96
87
78
70
66
63
61
60
52
75
86
50
45
44
43
42
40
40
38
39
90
76
57
39
40
40
40
40
40
40
39
38
91
65
43
42
44
43
43
43
43
43
43
43
41
39
43
44
45
43
44
43
43
44
45
44
43
43
42
42
42
43
43
43
43
43
43
43
43
43
42
42
42
42
42
41
42
43
44
43
43
43
43
43
42
43
42
42
42
43
44
43
42
43
44
44
43
43
43
43
43
43
43
43
112
111
108
109
108
109
109
109
109
110
113
114
116
115
113
113
112
112
113
113
113
114
116
118
122
121
120
119
118
118
119
119
120
122
123
125
127
127
127
127
127
127
127
127
127
127
127
127
127
127
127
127
127
127
127
127
127
127
127
122
127
127
127
127
127
127
127
127
127
119
110
103
127
127
127
127
127
127
125
113
102
92
85
81
113
111
109
105
98
87
76
69
65
63
61
60
46
43
42
44
43
43
41
40
39
39
38
39
33
33
35
36
37
37
37
37
37
37
37
37
37
39
40
40
40
40
40
40
40
40
40
39
40
40
40
40
40
40
40
40
40
41
40
40
40
40
40
40
40
40
40
40
40
40
40
39
40
41
40
39
40
40
40
38
40
40
41
40
40
41
40
40
40
40
39
39
40
40
41
40
40
40
41
40
40
40
40
40
40
40
40
40
127
127
127
127
127
127
127
127
127
127
127
127
127
127
127
127
127
127
127
127
127
127
127
127
127
127
127
127
127
127
127
127
127
127
127
127
127
127
127
127
127
127
127
127
127
127
127
127
127
127
127
127
127
127
127
127
127
127
127
123
127
127
127
127
127
127
127
127
127
124
110
100
127
127
127
127
127
127
127
119
101
89
84
81
122
120
117
112
103
89
75
68
64
63
61
60
47
44
42
44
43
43
41
40
40
39
39
39
33
33
34
36
37
37
37
39
38
37
37
37
37
40
41
41
42
40
41
42
41
41
41
40
41
42
41
41
42
40
42
42
41
42
42
41
41
41
40
40
41
40
41
40
40
41
41
40
41
42
41
40
40
40
40
39
40
41
42
40
41
42
41
40
40
40
40
40
40
41
41
41
40
41
42
41
41
41
40
41
41
41
40
40
