98
97
96
95
95
95
96
96
97
98
99
101
102
101
99
99
99
99
99
99
101
102
103
104
108
107
106
105
105
105
106
106
107
108
110
113
116
115
113
113
113
113
113
113
115
116
119
123
123
122
122
122
122
122
123
125
126
127
125
120
127
127
127
127
127
127
127
127
124
116
109
102
127
127
127
127
127
127
120
110
101
92
85
80
109
108
111
103
96
87
77
70
66
63
61
60
57
75
82
49
45
44
43
42
40
40
38
39
83
69
54
40
40
40
40
40
40
40
39
38
79
57
41
43
43
43
43
43
43
43
43
42
37
39
43
43
43
43
43
43
42
43
44
43
43
41
43
43
43
43
43
42
42
43
43
43
43
43
43
43
44
44
44
44
44
44
43
42
43
44
45
43
44
44
44
45
46
44
43
42
42
45
45
44
45
43
43
43
44
44
43
42
111
110
109
108
108
108
109
109
110
111
112
113
115
114
113
112
112
112
113
113
114
115
116
118
121
120
119
119
119
118
119
119
121
122
124
127
127
127
127
127
127
127
127
127
127
127
127
127
127
127
127
127
127
127
127
127
127
127
127
120
127
127
127
127
127
127
127
127
127
118
109
101
127
127
127
127
127
127
125
113
101
91
85
80
113
111
109
105
99
87
76
70
65
63
61
60
46
43
42
44
43
42
41
40
39
39
38
39
33
33
35
36
37
37
37
38
37
37
37
37
37
39
40
40
40
40
40
40
40
40
40
39
40
40
40
40
40
40
40
40
40
41
40
40
41
40
40
40
40
40
40
40
40
40
40
40
41
40
40
41
41
40
40
40
41
41
40
40
40
41
41
41
41
40
40
40
41
41
40
40
40
41
40
41
41
40
40
40
40
41
40
40
127
127
127
127
127
127
127
127
127
127
127
127
127
127
127
127
127
127
127
127
127
127
127
127
127
127
127
127
127
127
127
127
127
127
127
127
127
127
127
127
127
127
127
127
127
127
127
127
127
127
127
127
127
127
127
127
127
127
127
121
127
127
127
127
127
127
127
127
127
123
109
99
127
127
127
127
127
127
127
119
99
89
84
80
123
121
118
113
103
89
75
68
64
63
61
60
47
44
43
44
43
43
41
40
40
39
39
39
33
33
35
36
37
37
37
39
38
37
38
37
37
40
41
41
41
41
40
41
40
41
41
40
40
40
41
41
41
40
40
41
40
42
41
40
41
40
40
41
41
40
41
40
40
41
41
40
40
41
41
42
42
41
42
42
42
42
40
40
40
41
42
42
43
42
42
42
42
42
40
40
40
42
42
42
43
41
41
40
41
42
40
40
