93
92
91
91
91
92
94
96
98
99
101
103
97
96
95
95
95
96
98
99
102
103
106
108
103
103
101
101
101
103
104
106
108
110
113
116
111
110
109
109
110
110
112
114
116
118
120
123
119
117
117
117
118
120
121
124
127
127
127
124
127
127
127
127
127
127
127
127
127
123
114
106
125
127
127
127
127
127
127
119
110
99
89
83
96
108
111
111
106
97
86
76
68
64
62
61
49
60
75
76
52
44
44
43
42
41
39
39
83
75
63
51
40
39
40
40
40
40
40
38
86
71
53
41
42
43
43
43
43
43
43
43
45
40
40
43
43
43
43
43
43
42
43
44
43
43
43
43
44
44
44
44
43
42
43
43
43
44
43
44
45
44
44
43
45
44
43
43
43
45
43
44
45
44
43
43
44
45
43
43
43
46
44
45
46
43
42
43
42
43
43
43
106
106
104
104
104
106
107
110
112
113
116
118
110
110
108
108
108
110
111
113
116
117
120
122
116
116
114
114
114
116
117
120
122
124
127
127
124
123
122
122
123
123
125
127
127
127
127
127
127
127
127
127
127
127
127
127
127
127
127
126
127
127
127
127
127
127
127
127
127
126
115
106
127
127
127
127
127
127
127
123
111
98
89
83
96
113
115
111
107
99
87
76
68
64
63
61
50
47
45
43
44
43
43
41
40
40
39
39
36
33
35
35
36
36
37
37
38
37
37
36
36
38
40
40
40
40
40
40
40
40
40
40
40
41
40
40
40
40
40
40
40
40
41
41
40
41
40
40
41
41
40
40
40
40
40
40
40
42
41
41
41
40
40
40
40
41
40
40
40
42
41
41
40
40
40
40
40
41
40
40
41
42
41
40
40
40
40
40
40
40
40
40
127
127
127
127
127
127
127
127
127
127
127
127
127
127
127
127
127
127
127
127
127
127
127
127
127
127
127
127
127
127
127
127
127
127
127
127
127
127
127
127
127
127
127
127
127
127
127
127
127
127
127
127
127
127
127
127
127
127
127
127
127
127
127
127
127
127
127
127
127
127
118
105
127
127
127
127
127
127
127
127
115
96
86
82
97
121
127
121
115
105
89
73
67
64
63
61
50
47
45
44
45
43
42
42
40
40
39
39
36
33
34
35
37
37
37
39
39
38
37
37
37
39
40
40
41
41
41
41
41
40
41
40
40
42
41
40
41
41
40
40
41
40
42
42
41
40
40
41
42
42
41
42
40
40
41
41
41
41
41
42
42
42
41
42
41
42
41
41
41
43
42
42
42
42
41
42
41
42
41
41
41
43
42
42
43
41
40
41
40
41
41
40
