87
87
85
85
86
89
91
92
96
100
103
106
92
90
89
89
90
92
94
97
100
104
107
110
99
96
96
96
96
98
100
104
106
110
113
116
106
105
103
103
104
106
109
111
114
118
121
123
116
113
112
112
113
115
117
120
123
127
127
127
124
124
126
126
127
127
127
127
127
127
127
124
116
119
122
127
127
127
127
127
124
117
107
99
92
92
94
107
110
111
103
93
83
74
68
64
59
57
50
41
58
98
54
44
44
43
42
42
40
34
41
81
109
81
40
39
40
40
40
40
43
62
97
127
112
57
41
43
43
43
43
43
78
127
127
123
50
37
43
44
43
43
43
43
127
127
112
48
41
41
42
42
43
44
44
43
127
113
57
38
42
43
42
42
43
44
43
43
111
56
37
44
44
43
43
42
42
43
42
43
49
40
44
44
44
45
44
42
41
42
40
40
101
98
99
99
99
101
103
105
110
113
116
119
105
103
103
103
103
105
107
110
113
117
120
123
111
110
109
109
109
111
114
117
120
123
127
127
119
117
116
116
117
120
122
124
127
127
127
127
127
127
125
125
126
127
127
127
127
127
127
127
127
127
127
127
127
127
127
127
127
127
127
127
116
120
127
127
127
127
127
127
127
121
109
98
92
92
94
111
116
110
105
94
83
74
68
64
57
54
50
48
47
43
44
43
42
41
40
40
42
40
39
33
32
33
37
37
37
37
37
38
38
37
35
34
36
39
40
40
40
40
40
40
37
35
32
35
40
40
40
40
40
40
40
40
33
32
36
39
40
40
40
40
40
41
41
40
32
36
40
41
41
40
40
40
40
41
40
41
36
40
42
41
41
40
40
40
39
40
39
40
40
41
42
41
40
41
42
40
38
39
38
38
127
127
127
127
127
127
127
127
127
127
127
127
127
127
127
127
127
127
127
127
127
127
127
127
127
127
127
127
127
127
127
127
127
127
127
127
127
127
127
127
127
127
127
127
127
127
127
127
127
127
127
127
127
127
127
127
127
127
127
127
127
127
127
127
127
127
127
127
127
127
127
127
116
127
127
127
127
127
127
127
127
127
113
97
92
90
93
122
127
121
111
98
82
71
66
64
57
54
51
49
47
43
43
43
43
41
41
40
43
42
40
33
31
33
36
37
37
38
38
38
39
37
36
34
36
40
41
42
40
40
40
40
38
35
32
35
40
41
41
42
41
41
41
40
33
32
36
40
41
40
40
41
41
42
42
40
32
37
40
42
42
40
40
40
40
42
41
41
37
41
43
42
42
42
41
40
40
40
40
40
43
43
43
42
42
43
43
40
39
40
38
39
