86
86
85
85
85
88
90
92
96
98
102
106
91
89
89
89
89
91
94
96
99
103
106
110
98
96
95
95
95
97
100
103
106
110
113
116
105
104
103
103
103
105
108
110
113
118
121
123
116
113
111
111
112
114
116
120
123
127
127
127
123
123
124
125
126
127
127
127
127
127
127
127
115
117
120
127
127
127
127
127
127
120
112
103
91
92
92
103
111
109
106
96
86
76
70
66
61
57
54
49
41
72
91
43
44
43
43
42
45
44
37
35
71
127
75
36
40
40
40
41
38
37
47
80
127
127
55
41
43
43
43
43
40
48
90
127
127
85
37
43
43
43
43
43
61
120
127
127
123
45
41
43
43
43
43
43
127
127
127
127
70
38
43
43
43
43
44
43
127
127
127
104
41
41
43
43
43
43
44
43
127
127
127
56
39
43
43
44
44
43
45
44
100
98
97
97
98
100
102
106
109
112
116
119
104
102
101
101
102
104
106
110
113
116
120
123
110
108
107
107
108
110
113
116
119
123
127
127
118
116
116
116
116
118
121
123
127
127
127
127
127
127
124
124
125
127
127
127
127
127
127
127
127
127
127
127
127
127
127
127
127
127
127
127
115
119
124
127
127
127
127
127
127
125
113
103
91
91
92
106
117
113
106
97
86
75
69
65
59
55
52
48
47
44
41
43
42
41
40
40
42
40
40
38
33
30
33
37
37
37
38
37
38
38
39
37
33
33
40
40
40
40
40
40
40
40
37
33
32
37
41
40
40
40
40
40
39
35
33
31
35
41
40
40
40
40
40
40
34
33
32
33
39
41
40
41
40
40
41
40
31
32
32
37
41
40
40
41
40
40
41
40
32
32
32
39
41
40
41
41
41
41
40
40
127
127
127
127
127
127
127
127
127
127
127
127
127
127
127
127
127
127
127
127
127
127
127
127
127
127
127
127
127
127
127
127
127
127
127
127
127
127
127
127
127
127
127
127
127
127
127
127
127
127
127
127
127
127
127
127
127
127
127
127
127
127
127
127
127
127
127
127
127
127
127
127
113
120
127
127
127
127
127
127
127
127
119
103
91
90
89
110
127
123
113
102
87
74
68
64
59
56
52
48
49
45
41
43
43
42
41
41
43
43
41
38
33
30
33
37
38
38
38
39
39
40
40
38
33
33
40
41
41
41
40
41
41
40
38
33
31
38
42
40
40
41
41
41
40
35
33
31
35
42
41
40
40
40
41
40
34
33
32
33
40
42
41
41
41
41
42
40
31
32
32
37
42
41
41
42
41
41
42
41
32
32
32
40
42
41
42
42
42
41
43
42
