87
85
84
84
85
87
89
92
95
99
103
106
91
89
88
88
88
90
93
96
99
103
106
110
97
95
94
94
94
96
99
102
105
109
113
116
106
103
102
102
102
104
107
110
113
117
121
123
120
114
111
110
111
113
115
119
123
127
127
127
121
123
123
124
125
127
127
127
127
127
127
127
108
113
116
126
127
127
127
126
126
122
115
107
85
86
87
104
111
109
104
96
85
78
72
68
60
57
52
50
50
50
63
85
51
37
43
43
46
43
42
40
40
40
43
89
117
63
34
37
41
42
42
42
43
43
39
70
127
126
71
44
43
44
43
43
42
43
43
37
110
127
127
75
44
43
44
45
43
42
43
40
57
127
127
127
43
43
43
44
43
43
42
43
40
109
127
127
43
43
43
43
43
43
42
44
38
64
127
127
43
43
43
42
43
43
42
43
41
42
126
127
99
96
96
96
97
99
103
105
107
111
115
119
103
101
100
100
101
103
106
109
112
116
120
123
110
108
106
106
107
110
113
115
119
123
127
127
118
116
115
114
115
117
120
123
127
127
127
127
127
126
124
123
124
127
127
127
127
127
127
127
123
127
127
127
127
127
127
127
127
127
127
127
107
113
120
127
127
127
127
127
127
127
118
108
86
85
87
106
116
111
104
96
87
77
71
68
59
55
50
47
47
46
43
41
42
42
41
41
43
41
39
37
36
37
36
33
32
37
39
39
38
39
39
39
40
40
40
39
33
35
39
40
40
40
40
40
40
40
40
40
37
31
33
38
40
40
40
42
41
40
40
40
40
33
32
33
40
40
40
41
41
40
39
41
41
35
32
32
40
40
40
40
41
40
39
41
41
38
33
32
40
41
40
40
40
40
40
40
40
40
35
32
127
127
127
127
127
127
127
127
127
127
127
127
127
127
127
127
127
127
127
127
127
127
127
127
127
127
127
127
127
127
127
127
127
127
127
127
127
127
127
127
127
127
127
127
127
127
127
127
127
127
127
127
127
127
127
127
127
127
127
127
127
127
127
127
127
127
127
127
127
127
127
127
105
112
127
127
127
127
127
127
127
127
125
110
86
85
85
115
127
121
112
101
87
75
69
66
59
55
50
49
47
46
43
40
43
43
42
42
43
42
40
37
36
37
36
33
32
37
40
40
39
40
40
40
40
41
41
40
33
35
39
41
41
41
41
41
40
40
41
41
37
31
33
39
41
41
41
43
42
40
40
41
40
33
32
33
40
41
41
42
41
40
40
42
42
35
32
32
40
41
41
40
41
40
40
42
42
39
33
32
41
42
40
40
41
40
40
41
41
41
35
32
