88
87
85
85
86
89
90
92
96
100
103
106
92
90
89
89
89
92
94
96
100
104
107
110
98
96
96
96
96
98
100
103
106
110
113
116
106
104
103
103
103
106
109
112
114
117
121
124
116
113
112
112
113
115
117
120
123
127
127
127
123
125
125
126
127
127
127
127
127
127
127
127
110
115
127
127
127
127
126
125
123
116
109
102
82
84
105
111
108
106
98
88
79
73
68
66
54
50
50
50
50
56
82
64
37
40
43
43
43
42
41
40
40
40
64
113
89
41
32
39
40
42
43
43
43
40
48
111
127
96
57
40
42
43
43
44
44
43
38
54
127
127
113
60
43
43
41
43
43
43
43
40
76
127
127
127
43
43
43
42
44
45
44
41
43
115
127
127
42
43
43
43
44
44
44
43
37
62
127
127
41
43
43
43
43
43
44
42
42
37
106
127
99
99
98
98
99
101
103
105
110
113
116
118
104
103
102
102
103
105
107
110
113
117
120
123
111
109
109
108
109
111
113
116
120
123
127
127
119
117
116
116
116
119
122
124
127
127
127
127
127
127
124
124
126
127
127
127
127
127
127
127
127
127
127
127
127
127
127
127
127
127
127
127
110
118
127
127
127
127
127
127
127
120
110
102
82
84
109
116
111
106
98
89
80
73
68
66
52
48
47
47
46
44
41
41
43
42
41
41
40
39
37
36
36
36
35
32
33
37
39
39
38
39
40
40
40
40
40
36
33
37
40
41
40
40
40
41
41
40
40
40
34
32
36
40
40
40
39
40
40
40
40
41
38
33
31
34
40
40
40
40
41
41
41
41
40
36
32
32
40
40
40
40
41
41
41
40
40
40
34
32
39
40
40
40
41
40
41
40
40
41
37
32
127
127
127
127
127
127
127
127
127
127
127
127
127
127
127
127
127
127
127
127
127
127
127
127
127
127
127
127
127
127
127
127
127
127
127
127
127
127
127
127
127
127
127
127
127
127
127
127
127
127
127
127
127
127
127
127
127
127
127
127
127
127
127
127
127
127
127
127
127
127
127
127
109
126
127
127
127
127
127
127
127
127
114
101
81
82
118
127
121
113
103
90
79
71
66
65
53
50
48
47
47
45
41
41
43
42
42
42
41
40
37
36
36
36
35
32
35
39
40
40
39
40
41
41
41
41
40
36
34
37
40
42
40
40
41
42
42
41
41
40
34
32
37
40
41
41
40
40
41
41
41
42
39
33
32
34
40
41
40
40
42
42
42
42
41
36
32
32
40
41
41
40
42
42
42
41
41
40
34
32
40
41
41
41
42
41
42
40
41
42
37
32
