89
89
87
87
88
90
92
94
97
101
103
105
93
92
91
91
92
94
96
98
101
105
107
110
99
99
97
97
98
100
102
104
107
111
114
116
107
106
105
105
106
108
110
113
115
119
122
124
115
113
113
113
114
116
120
123
126
127
127
127
127
127
127
127
127
127
127
127
127
127
123
116
127
127
127
127
125
125
123
118
113
105
97
91
115
110
107
107
100
91
84
76
71
67
64
63
52
50
49
60
90
51
42
44
43
43
42
42
40
40
38
44
120
105
37
39
40
40
41
40
43
43
40
44
127
127
71
40
43
43
44
43
43
43
41
50
127
127
127
48
41
44
45
43
44
43
40
57
127
127
127
96
37
43
43
42
43
43
40
62
127
127
127
127
63
37
42
43
44
43
40
71
127
127
127
127
114
46
42
43
45
44
40
81
127
127
127
127
127
62
42
43
103
99
100
100
101
103
105
107
110
114
117
120
106
104
104
104
105
106
109
111
114
118
121
123
113
112
110
110
111
113
115
118
120
124
127
127
120
120
118
118
119
121
123
127
127
127
127
127
127
127
127
127
127
127
127
127
127
127
127
127
127
127
127
127
127
127
127
127
127
127
126
118
127
127
127
127
127
127
127
123
116
105
97
90
120
113
111
107
102
93
84
76
70
66
64
63
49
47
46
45
42
43
42
42
41
41
41
41
37
37
36
36
31
32
37
38
37
38
38
38
40
40
40
40
33
33
39
40
40
40
40
40
40
40
40
40
34
32
35
40
40
40
40
40
40
40
40
40
33
32
32
37
40
40
40
40
40
41
41
39
33
32
32
33
39
40
40
40
40
41
41
39
33
32
32
32
35
40
40
40
40
41
41
38
32
32
32
32
33
40
41
40
127
127
127
127
127
127
127
127
127
127
127
127
127
127
127
127
127
127
127
127
127
127
127
127
127
127
127
127
127
127
127
127
127
127
127
127
127
127
127
127
127
127
127
127
127
127
127
127
127
127
127
127
127
127
127
127
127
127
127
127
127
127
127
127
127
127
127
127
127
127
127
122
127
127
127
127
127
127
127
127
122
106
95
88
127
125
120
116
107
96
85
74
68
65
64
63
50
47
47
46
41
43
43
43
42
42
42
42
37
36
36
36
31
33
38
39
39
40
40
39
40
40
40
40
34
33
39
41
40
41
42
40
41
41
41
41
34
32
35
41
41
41
42
41
42
41
41
41
33
31
32
38
41
40
40
40
41
41
42
40
33
32
32
33
39
41
40
40
41
41
42
39
33
32
32
32
35
40
40
40
42
42
42
38
32
32
32
32
33
40
42
41
