89
89
87
87
88
90
92
94
97
100
103
106
93
92
91
91
92
93
96
98
101
104
106
110
99
99
97
97
98
99
102
104
107
110
113
117
107
106
105
105
106
108
110
112
115
118
122
124
115
113
113
113
115
117
119
123
127
127
127
124
127
127
127
127
127
127
127
127
125
120
113
106
127
127
125
127
125
122
117
110
103
95
88
83
110
107
107
99
92
84
77
70
66
64
62
61
41
64
103
49
46
45
44
43
43
43
41
42
68
122
96
37
40
40
41
41
41
40
40
41
127
127
68
40
43
43
43
43
43
43
43
43
127
92
36
42
43
43
43
43
43
43
43
43
108
46
42
43
43
42
43
43
43
43
43
44
58
40
43
43
44
43
43
42
42
42
43
43
39
44
45
44
45
44
43
43
42
42
43
43
43
44
45
44
44
44
44
43
43
43
43
43
103
99
100
100
101
103
105
107
110
113
115
118
106
104
104
104
105
106
109
111
114
117
120
123
113
112
110
110
111
113
115
117
120
125
127
127
120
120
118
118
119
121
123
126
127
127
127
127
127
127
127
127
127
127
127
127
127
127
127
127
127
127
127
127
127
127
127
127
127
121
113
106
127
127
127
127
127
127
122
112
102
93
87
82
114
110
106
101
92
84
75
69
66
64
62
61
47
46
42
45
43
43
42
41
41
41
41
40
34
31
33
37
37
37
38
38
38
38
38
38
33
33
37
40
40
40
40
40
40
40
40
40
31
37
40
40
40
40
40
40
40
40
40
40
36
40
40
40
41
40
40
40
40
40
40
41
40
41
41
41
40
40
40
40
39
40
40
40
41
41
41
41
40
41
40
40
39
40
40
40
40
41
40
40
41
41
40
40
40
40
41
40
127
127
127
127
127
127
127
127
127
127
127
127
127
127
127
127
127
127
127
127
127
127
127
127
127
127
127
127
127
127
127
127
127
127
127
127
127
127
127
127
127
127
127
127
127
127
127
127
127
127
127
127
127
127
127
127
127
127
127
127
127
127
127
127
127
127
127
127
127
127
116
106
127
127
127
127
127
127
127
117
102
91
86
82
125
120
113
106
96
83
73
68
64
64
62
61
48
46
43
45
43
43
43
42
42
42
41
41
34
30
32
37
37
38
39
39
39
39
39
39
34
33
38
40
41
41
41
41
40
40
40
40
31
38
40
40
41
40
41
41
41
41
40
41
36
41
41
41
42
40
40
40
41
41
40
42
40
42
42
42
42
41
41
40
40
40
41
41
42
42
42
42
42
42
41
40
40
40
41
41
41
42
42
41
42
42
42
41
41
41
41
41
