89
86
87
87
87
89
91
93
96
100
103
106
92
91
90
90
91
93
95
97
100
104
107
110
99
98
96
96
97
99
101
103
106
110
114
117
106
106
104
104
105
107
110
112
115
118
122
125
115
113
113
113
114
116
120
123
127
127
127
123
127
127
127
127
127
127
127
127
124
117
111
104
127
127
126
127
125
121
116
109
101
92
86
82
111
109
108
99
92
83
76
69
66
64
61
61
44
82
91
47
46
45
44
43
43
42
42
41
102
107
64
37
40
40
40
40
40
41
41
40
127
94
47
41
43
43
43
43
43
43
43
43
85
40
42
43
43
43
43
43
43
43
43
43
42
42
44
44
43
43
43
43
43
43
43
43
40
43
43
43
43
43
44
44
44
44
44
44
43
43
43
43
44
43
44
44
44
45
45
43
40
42
43
44
46
44
45
45
43
46
44
43
102
99
99
99
100
102
104
106
109
113
116
118
106
103
103
103
104
106
108
111
113
117
120
123
112
111
110
110
110
112
114
118
120
125
127
127
120
119
117
117
118
120
123
125
127
127
127
127
127
126
126
126
127
127
127
127
127
127
127
124
127
127
127
127
127
127
127
127
127
120
111
104
127
127
127
127
127
127
121
111
101
92
85
82
116
112
107
102
93
84
75
69
66
63
61
61
48
44
43
45
43
43
42
41
41
41
41
40
33
32
34
37
37
37
37
38
38
39
38
38
34
37
40
40
40
40
40
40
40
40
40
40
37
40
40
40
40
40
40
40
40
40
40
40
39
40
40
40
40
40
40
41
40
41
40
40
40
40
41
40
40
41
41
41
40
41
40
40
40
40
41
40
41
41
41
41
40
41
40
40
38
39
40
40
42
40
41
41
40
40
40
40
127
127
127
127
127
127
127
127
127
127
127
127
127
127
127
127
127
127
127
127
127
127
127
127
127
127
127
127
127
127
127
127
127
127
127
127
127
127
127
127
127
127
127
127
127
127
127
127
127
127
127
127
127
127
127
127
127
127
127
127
127
127
127
127
127
127
127
127
127
126
112
103
127
127
127
127
127
127
127
116
99
89
84
82
127
122
114
107
96
83
73
67
64
64
61
61
50
44
43
46
43
43
43
42
42
42
41
41
32
31
34
37
37
37
38
39
40
40
39
39
34
37
40
40
40
40
40
40
41
41
40
40
37
42
41
41
41
41
40
41
41
40
40
41
40
41
42
42
41
41
41
42
41
42
40
41
41
41
42
41
41
42
42
43
42
42
41
41
40
40
42
41
42
42
42
43
42
42
42
41
39
40
41
42
43
42
43
43
41
42
42
40
