85
83
82
82
82
84
86
89
93
96
100
105
89
87
85
85
85
88
89
93
97
101
105
109
96
93
92
91
92
94
96
99
103
108
112
116
103
101
99
99
99
102
104
107
111
116
120
123
113
110
108
108
108
110
113
117
122
127
127
127
127
124
120
122
123
126
127
127
127
123
116
109
119
127
127
126
127
124
121
116
109
99
91
84
84
108
122
116
105
97
86
77
69
64
63
61
37
47
79
93
54
46
46
44
43
43
42
42
71
96
90
62
41
40
40
40
40
41
41
41
110
106
76
43
42
43
43
43
43
43
43
43
108
56
36
41
43
43
45
44
43
43
43
43
45
42
42
43
42
42
43
43
43
43
44
44
39
42
44
43
42
43
43
43
44
44
44
44
44
45
44
43
42
43
43
43
44
44
44
44
44
45
44
43
42
42
42
44
43
44
44
43
96
96
94
94
94
96
99
103
106
111
115
118
101
99
98
98
98
100
103
106
110
115
119
122
109
106
104
104
104
106
109
113
116
122
126
127
116
114
113
112
112
114
117
120
124
127
127
127
125
123
121
121
121
123
127
127
127
127
127
127
127
127
127
127
127
127
127
127
127
127
117
109
126
127
127
127
127
127
127
121
110
99
90
84
85
113
127
116
106
99
87
75
69
64
63
61
43
49
53
46
45
45
43
42
42
42
42
41
35
33
35
34
36
37
37
37
38
38
38
39
36
36
37
39
40
40
40
40
40
40
40
40
36
40
40
40
40
40
41
40
40
40
40
40
40
41
40
40
40
40
40
40
40
40
40
41
41
41
40
40
40
40
40
41
41
40
41
40
41
41
41
40
39
40
40
41
41
40
41
40
41
40
41
41
40
39
40
42
40
40
40
40
127
127
127
127
127
127
127
127
127
127
127
127
127
127
127
127
127
127
127
127
127
127
127
127
127
127
127
127
127
127
127
127
127
127
127
127
127
127
127
127
127
127
127
127
127
127
127
127
127
127
127
127
127
127
127
127
127
127
127
127
127
127
127
127
127
127
127
127
127
127
122
109
127
127
127
127
127
127
127
127
115
98
88
83
86
125
127
127
116
103
87
74
67
64
63
61
43
50
57
47
46
45
43
43
42
42
42
41
36
33
33
34
37
37
37
38
39
39
40
39
37
36
37
40
41
41
41
41
40
40
41
40
36
40
41
40
40
41
42
42
41
41
40
41
40
41
40
41
40
40
40
41
41
41
42
42
42
42
41
41
40
41
40
42
42
42
42
42
42
42
43
41
40
41
40
42
42
42
42
42
42
42
43
42
40
40
40
43
41
42
42
41
