85
82
81
80
81
83
85
89
92
96
100
104
89
86
84
84
84
86
89
92
96
100
104
108
95
92
90
90
90
92
95
98
102
106
111
115
103
100
99
98
98
100
103
106
110
115
119
122
112
110
108
107
107
109
112
116
120
126
127
127
126
125
121
120
122
124
127
127
127
126
119
112
114
122
127
127
126
125
123
118
111
103
94
87
76
92
116
121
110
99
92
80
71
66
64
61
40
38
58
96
73
46
47
44
43
43
43
43
48
82
101
81
49
38
40
40
41
41
41
41
103
114
101
59
41
43
43
43
43
43
43
43
127
96
43
37
44
44
43
44
43
43
43
43
66
43
42
42
44
43
43
44
43
43
43
43
42
37
42
43
43
44
43
43
43
43
42
43
40
42
42
43
43
44
43
43
43
43
42
43
42
42
41
41
43
43
43
43
43
43
43
43
96
93
92
92
93
96
98
101
105
109
113
117
100
98
96
96
96
99
101
105
109
113
117
121
108
106
103
103
103
105
107
111
115
120
125
127
116
113
111
111
111
113
116
120
123
127
127
127
125
123
120
120
120
122
125
127
127
127
127
127
127
127
127
127
127
127
127
127
127
127
121
112
119
127
127
127
127
127
127
124
114
103
93
86
76
94
123
125
110
102
92
80
71
66
63
61
42
44
52
50
45
45
44
43
42
42
42
41
37
33
33
35
36
37
37
37
38
38
38
38
37
35
35
38
40
40
40
40
40
40
40
40
33
37
40
40
40
40
40
40
40
40
40
40
39
40
40
40
41
40
41
41
40
40
40
40
40
40
40
41
40
41
40
40
40
40
40
40
40
39
40
40
40
41
40
40
40
41
40
40
39
39
38
38
40
40
40
40
41
42
40
40
127
127
127
127
127
127
127
127
127
127
127
127
127
127
127
127
127
127
127
127
127
127
127
127
127
127
127
127
127
127
127
127
127
127
127
127
127
127
127
127
127
127
127
127
127
127
127
127
127
127
127
127
127
127
127
127
127
127
127
127
127
127
127
127
127
127
127
127
127
127
127
113
127
127
127
127
127
127
127
127
122
103
91
85
74
99
127
127
121
109
94
78
69
64
64
61
43
44
54
53
46
46
44
43
42
43
42
41
38
33
33
35
36
37
37
38
39
40
39
39
37
36
35
39
41
40
40
40
41
41
40
40
33
37
41
40
41
41
41
41
40
40
41
41
40
40
41
40
42
41
42
42
41
40
40
41
41
40
41
42
41
42
41
41
41
41
41
40
40
40
40
41
41
42
40
40
41
42
41
40
40
40
39
39
41
41
41
41
42
43
41
41
