82
79
77
77
77
78
80
84
88
92
97
101
86
84
82
81
80
82
84
87
92
96
101
105
94
92
89
87
86
88
90
93
98
103
107
111
103
100
97
96
95
96
98
101
106
110
115
119
115
110
106
105
104
105
106
110
114
120
125
127
120
122
123
120
117
119
122
126
127
127
127
124
102
107
114
122
127
126
123
123
121
116
109
100
66
71
80
97
117
118
103
96
87
78
71
66
44
44
44
47
48
90
76
45
47
46
45
44
42
41
40
33
57
127
82
36
40
41
41
41
43
43
38
54
112
127
78
39
43
43
43
43
42
41
46
103
127
127
57
40
44
43
43
43
38
40
102
127
127
127
44
42
43
44
43
43
43
96
127
127
127
126
39
41
42
43
43
43
91
127
127
127
127
101
38
42
42
43
43
43
127
127
127
127
127
82
38
43
43
43
43
44
94
92
89
89
89
91
92
96
100
106
110
114
99
96
94
93
92
94
96
100
104
110
114
118
106
103
101
99
99
100
103
106
110
116
120
124
115
112
110
108
107
108
110
114
119
123
127
127
127
123
120
118
117
118
120
123
127
127
127
127
124
127
127
127
127
127
127
127
127
127
127
127
101
110
120
127
127
127
127
127
127
120
110
100
66
70
79
100
125
121
106
96
86
76
70
66
42
42
43
44
54
49
43
45
44
43
43
43
39
38
37
37
37
31
34
37
37
38
38
39
40
40
40
40
34
31
37
40
40
40
40
40
40
40
41
37
33
32
38
40
40
40
40
40
40
40
37
33
32
33
40
40
41
40
41
40
40
37
33
32
32
36
40
39
39
40
40
40
37
33
32
32
32
37
40
39
39
40
40
40
33
32
32
32
32
38
40
41
40
40
41
40
127
127
127
127
127
127
127
127
127
127
127
127
127
127
127
127
127
127
127
127
127
127
127
127
127
127
127
127
127
127
127
127
127
127
127
127
127
127
127
127
127
127
127
127
127
127
127
127
127
127
127
127
127
127
127
127
127
127
127
127
127
127
127
127
127
127
127
127
127
127
127
127
100
116
127
127
127
127
127
127
127
127
113
99
65
68
78
106
127
127
115
99
86
75
69
65
43
43
42
45
56
51
44
46
45
44
43
43
40
39
38
37
37
30
33
38
38
39
39
39
41
40
41
40
35
30
38
41
40
40
40
40
40
41
41
37
33
32
39
41
41
41
41
41
40
41
37
33
32
33
40
41
42
41
41
42
41
37
33
32
32
35
40
40
40
41
41
41
38
33
32
32
32
37
40
40
40
41
41
41
33
32
32
32
32
39
41
42
41
41
42
41
