82
80
78
77
76
78
79
83
87
92
96
100
86
84
82
80
80
81
83
86
91
96
100
104
94
91
89
86
86
87
89
92
97
102
106
110
103
100
97
95
94
95
97
100
105
110
114
118
117
112
107
105
103
104
106
110
113
119
124
127
118
121
123
121
118
117
122
125
127
127
127
126
99
106
113
119
127
127
123
123
122
118
111
104
64
69
77
91
113
121
107
96
89
81
73
69
44
44
44
46
52
63
96
48
47
47
45
45
41
41
41
40
34
71
127
57
37
41
41
41
43
43
44
42
42
114
127
81
37
43
43
43
43
43
44
40
71
127
127
101
38
43
44
42
44
44
41
43
124
127
127
118
41
42
43
43
43
43
37
82
127
127
127
127
46
42
44
44
43
42
52
127
127
127
127
127
54
41
45
44
44
40
77
127
127
127
127
127
61
39
44
43
94
91
89
89
89
89
92
96
99
105
110
113
99
96
93
92
92
93
96
99
103
109
113
117
106
103
101
99
99
99
102
106
110
115
120
123
116
112
110
107
106
108
110
113
118
123
127
127
127
125
120
117
116
117
119
123
127
127
127
127
122
127
127
127
127
127
127
127
127
127
127
127
98
107
117
127
127
127
127
127
127
123
113
104
64
68
76
93
119
125
109
99
89
80
73
69
42
42
42
43
50
53
43
45
46
45
44
43
38
38
38
37
37
35
30
36
38
38
39
39
40
40
40
41
40
34
32
38
40
40
40
40
40
40
40
41
39
33
32
37
40
40
40
40
41
40
40
40
35
32
32
35
40
40
40
40
40
40
40
37
33
32
32
34
40
41
41
41
40
40
40
34
32
32
32
34
40
40
42
41
41
41
38
32
32
32
32
33
39
40
41
40
127
127
127
127
127
127
127
127
127
127
127
127
127
127
127
127
127
127
127
127
127
127
127
127
127
127
127
127
127
127
127
127
127
127
127
127
127
127
127
127
127
127
127
127
127
127
127
127
127
127
127
127
127
127
127
127
127
127
127
127
127
127
127
127
127
127
127
127
127
127
127
127
96
110
127
127
127
127
127
127
127
127
119
104
64
67
74
97
127
127
119
103
89
78
71
68
43
43
43
43
53
55
43
45
45
45
44
43
39
39
39
37
37
35
29
36
39
39
40
40
40
40
41
42
40
34
31
38
41
40
40
40
40
40
41
42
40
33
32
37
42
41
41
40
42
42
41
40
36
32
31
36
42
41
41
41
41
41
41
37
33
32
32
35
41
42
42
42
40
41
40
34
32
32
32
33
40
41
43
42
41
42
39
32
32
32
32
33
40
40
42
41
