82
80
78
76
76
77
80
82
86
91
96
99
86
84
82
80
79
80
83
86
90
95
99
103
94
91
89
86
85
86
89
92
96
101
106
110
103
100
97
95
94
95
96
100
104
109
113
117
118
112
107
104
103
104
106
109
113
118
123
127
116
120
122
121
118
117
120
124
127
127
127
127
96
103
111
118
124
127
124
121
123
119
113
107
64
68
75
87
107
122
112
98
89
83
77
72
43
44
44
45
50
57
83
75
40
47
47
47
41
41
40
40
40
38
70
127
72
33
40
42
43
43
43
43
43
38
60
127
127
61
38
42
43
43
43
43
43
41
49
127
127
119
49
40
45
44
44
44
43
40
44
127
127
127
110
41
46
44
44
44
43
41
43
122
127
127
127
99
45
43
44
44
43
41
40
113
127
127
127
127
43
43
45
45
43
41
38
106
127
127
127
127
94
91
89
87
88
89
91
95
99
104
109
113
99
96
93
92
92
92
95
99
103
108
113
116
107
103
100
99
98
99
101
105
109
114
119
123
116
113
109
107
106
107
109
113
117
122
127
127
127
125
121
118
116
116
118
122
126
127
127
127
119
125
127
127
127
127
127
127
127
127
127
127
94
103
114
125
127
127
127
127
127
124
116
108
63
67
74
88
113
127
113
100
91
83
77
71
42
42
42
43
47
54
45
44
46
45
45
45
38
38
37
37
37
37
34
31
36
38
39
39
40
40
40
40
40
38
39
32
34
38
40
40
40
40
40
40
40
40
40
33
32
35
40
40
41
41
41
41
40
40
39
34
32
32
36
40
40
40
40
41
40
40
40
35
32
32
33
37
40
40
40
41
40
40
41
35
32
32
32
33
40
40
40
41
41
40
40
36
32
32
32
32
127
127
127
127
127
127
127
127
127
127
127
127
127
127
127
127
127
127
127
127
127
127
127
127
127
127
127
127
127
127
127
127
127
127
127
127
127
127
127
127
127
127
127
127
127
127
127
127
127
127
127
127
127
127
127
127
127
127
127
127
127
127
127
127
127
127
127
127
127
127
127
127
92
105
125
127
127
127
127
127
127
127
123
110
64
66
71
90
125
127
124
106
92
81
75
71
43
43
43
43
50
57
46
43
46
45
46
45
39
39
38
37
37
37
34
30
36
39
40
40
40
40
40
41
40
39
40
32
33
39
40
40
40
41
41
41
40
41
40
33
31
36
40
41
43
42
42
42
41
40
40
34
32
32
37
41
43
41
42
42
40
40
41
35
32
32
33
37
42
41
42
42
41
40
42
35
32
32
32
33
41
41
42
43
42
40
41
36
32
32
32
32
