82
80
78
76
76
77
80
82
86
91
96
99
86
84
82
80
79
81
83
86
90
95
99
103
94
91
89
86
85
87
89
92
96
101
106
110
103
100
97
95
94
95
96
100
104
109
113
117
118
112
107
104
103
104
106
109
113
118
123
127
116
120
122
121
118
117
120
124
127
127
127
127
96
104
112
118
125
127
124
121
122
119
114
108
64
68
75
88
109
123
111
98
89
83
78
73
43
44
44
45
50
57
79
80
42
44
47
47
41
41
40
40
40
40
56
117
95
40
35
41
43
43
43
43
43
40
42
119
127
90
50
37
43
44
44
43
43
42
37
74
127
127
92
45
43
43
44
44
42
43
40
48
127
127
127
110
43
43
45
43
41
43
43
40
102
127
127
127
43
45
44
43
41
42
43
40
66
127
127
127
44
46
43
43
41
40
41
42
45
127
127
127
94
91
89
89
88
89
91
95
99
104
109
113
99
96
93
92
92
92
95
99
103
108
113
116
107
103
101
99
98
99
101
105
109
114
119
123
116
112
110
107
106
107
110
113
117
122
127
127
127
125
120
117
116
116
118
122
126
127
127
127
120
126
127
127
127
127
127
127
127
127
127
127
95
104
116
127
127
127
127
127
127
123
116
109
63
68
74
89
114
127
112
99
90
82
77
72
42
42
42
43
49
54
46
43
45
46
46
46
38
38
37
37
37
37
36
32
34
38
39
39
40
40
40
40
40
39
40
35
33
36
39
40
40
41
40
40
40
40
40
38
32
33
37
40
40
40
40
41
40
40
40
40
33
32
33
37
40
40
41
40
39
40
41
41
37
32
32
33
40
41
41
40
39
39
40
41
40
33
32
32
40
42
41
41
38
38
38
40
41
33
32
32
127
127
127
127
127
127
127
127
127
127
127
127
127
127
127
127
127
127
127
127
127
127
127
127
127
127
127
127
127
127
127
127
127
127
127
127
127
127
127
127
127
127
127
127
127
127
127
127
127
127
127
127
127
127
127
127
127
127
127
127
127
127
127
127
127
127
127
127
127
127
127
127
92
106
127
127
127
127
127
127
127
127
123
109
64
66
72
92
127
127
123
106
91
82
75
71
43
43
43
43
50
57
46
43
46
46
46
46
39
39
38
37
37
37
35
32
34
39
40
40
40
41
41
41
40
39
41
36
33
37
40
40
41
42
42
41
40
40
41
40
32
32
37
40
41
41
42
42
40
40
40
41
34
32
33
37
40
41
42
41
40
40
42
42
37
32
32
33
41
43
42
41
40
40
41
42
40
33
32
32
42
43
42
42
39
39
39
41
42
33
32
32
