82
80
78
77
77
78
80
83
87
92
96
100
86
84
82
81
80
81
83
87
91
96
100
104
94
91
89
87
86
87
89
93
97
102
106
110
103
100
97
95
94
95
97
101
105
110
114
118
116
110
106
105
103
104
106
110
114
119
124
127
120
123
123
121
117
117
122
126
127
127
127
126
100
109
115
121
127
127
123
121
120
116
112
106
65
71
81
96
116
121
105
94
86
80
76
73
44
43
44
46
54
65
87
64
39
45
48
47
41
41
40
40
40
43
69
116
83
40
35
40
43
44
43
42
42
40
50
120
127
90
54
38
43
44
43
41
43
43
37
63
127
127
103
54
43
43
43
43
43
44
43
39
96
127
127
127
43
43
44
43
43
44
45
40
53
127
127
127
42
43
43
42
43
45
45
44
37
85
127
127
43
43
42
41
43
46
45
43
41
47
127
127
94
91
89
89
89
89
92
96
100
105
110
113
99
96
93
92
92
93
96
99
104
109
113
117
106
103
101
99
99
99
102
106
110
115
120
123
116
112
110
108
107
108
110
114
118
123
127
127
127
123
120
117
116
117
119
123
127
127
127
127
124
127
127
127
127
127
127
127
127
127
127
127
100
111
121
127
127
127
127
127
127
121
113
106
65
71
80
98
122
123
106
96
88
80
76
73
42
42
43
43
52
52
43
44
46
46
47
47
38
39
38
37
37
37
35
32
35
38
40
40
40
40
40
40
39
40
40
35
33
37
39
40
40
41
40
39
40
40
40
40
32
32
37
40
40
40
40
40
40
41
41
41
37
32
33
34
40
40
41
40
40
41
42
41
40
34
31
32
40
40
40
40
40
41
42
41
41
38
33
32
40
40
40
39
39
40
41
40
40
40
34
32
127
127
127
127
127
127
127
127
127
127
127
127
127
127
127
127
127
127
127
127
127
127
127
127
127
127
127
127
127
127
127
127
127
127
127
127
127
127
127
127
127
127
127
127
127
127
127
127
127
127
127
127
127
127
127
127
127
127
127
127
127
127
127
127
127
127
127
127
127
127
127
127
99
117
127
127
127
127
127
127
127
127
117
105
65
68
79
104
127
127
116
99
86
78
74
73
43
43
42
43
54
54
43
43
46
46
47
47
39
40
38
37
37
37
34
32
36
40
40
40
40
41
41
40
40
40
40
36
33
37
40
40
41
42
41
40
41
41
41
40
32
32
37
40
41
41
41
40
41
42
41
42
37
32
32
34
40
41
42
40
40
42
42
42
41
34
31
32
40
41
41
40
40
42
43
42
43
39
33
32
40
41
40
39
40
42
43
41
42
41
35
32
