82
80
78
78
78
79
82
85
89
94
97
101
87
85
82
82
82
83
85
89
93
98
102
106
95
92
89
88
88
89
92
96
99
104
109
113
103
99
97
96
96
97
99
103
107
112
116
120
112
109
106
106
105
106
109
113
117
123
127
127
127
125
122
119
118
121
124
126
127
124
120
115
116
120
124
125
127
124
120
117
113
106
99
94
79
88
99
119
120
101
91
83
78
74
72
70
44
46
43
93
80
43
48
47
48
48
50
50
41
37
47
127
91
34
40
41
42
42
43
43
43
39
89
127
115
40
42
42
43
43
42
43
40
51
127
127
127
47
42
42
43
44
43
43
37
96
127
127
127
57
42
43
42
42
43
43
59
127
127
127
127
75
40
43
43
43
43
43
109
127
127
127
127
96
38
43
43
43
43
43
127
127
127
127
127
112
38
42
43
42
42
44
95
92
91
90
90
92
95
98
103
107
112
116
99
96
95
94
94
96
98
102
106
111
116
120
106
103
101
100
100
102
104
108
113
118
123
127
115
112
110
109
109
110
113
116
120
126
127
127
125
122
120
118
118
119
122
126
127
127
127
127
127
127
127
127
127
127
127
127
127
127
122
116
121
127
127
127
127
127
127
123
114
106
99
94
78
89
103
123
123
106
92
83
77
74
72
71
42
43
45
50
50
47
45
46
46
47
48
49
38
37
35
31
34
37
37
38
39
40
40
40
40
40
37
30
34
40
40
40
40
40
39
40
40
40
34
31
34
40
40
40
40
40
40
40
40
37
32
32
33
39
41
41
40
39
40
40
40
33
32
32
32
38
40
41
40
40
40
40
37
32
32
32
32
37
40
40
40
40
40
40
33
32
32
32
32
37
40
40
41
40
39
40
127
127
127
127
127
127
127
127
127
127
127
127
127
127
127
127
127
127
127
127
127
127
127
127
127
127
127
127
127
127
127
127
127
127
127
127
127
127
127
127
127
127
127
127
127
127
127
127
127
127
127
127
127
127
127
127
127
127
127
127
127
127
127
127
127
127
127
127
127
127
127
118
127
127
127
127
127
127
127
127
120
106
96
92
77
90
111
127
127
113
93
81
75
74
72
71
43
43
45
51
53
47
45
46
47
47
48
49
39
38
35
30
33
37
37
39
40
40
40
41
41
41
37
30
34
40
41
40
40
40
40
40
40
40
34
31
35
41
42
40
40
42
41
41
41
37
32
32
33
40
43
42
40
40
41
41
40
33
32
32
33
39
42
42
41
40
40
41
37
32
32
32
32
37
40
41
41
41
40
41
33
32
32
32
32
37
40
40
42
40
40
41
