82
80
78
78
78
80
82
85
89
94
97
101
87
85
82
82
82
83
85
89
93
98
102
106
95
92
89
88
88
89
92
96
99
104
109
113
103
99
97
96
96
96
99
103
107
112
116
121
112
109
106
106
105
106
109
113
117
123
127
127
126
125
122
119
118
121
124
126
126
123
118
113
116
120
123
125
127
123
120
116
111
105
98
92
80
89
99
120
119
101
90
82
76
73
71
71
45
42
50
106
62
47
47
47
48
48
50
50
34
43
106
123
42
38
40
41
42
43
43
43
47
92
127
123
37
42
43
43
43
43
42
42
85
127
127
96
38
43
42
43
43
43
43
43
127
127
127
77
39
43
43
43
43
43
44
44
127
127
127
61
40
43
42
43
43
42
43
45
127
127
127
48
42
43
43
43
43
42
42
44
127
127
127
42
44
44
43
43
43
43
42
43
95
92
91
90
90
92
95
98
103
107
112
116
99
96
95
94
94
96
98
102
106
111
116
120
106
103
101
100
100
102
104
108
113
118
123
127
115
112
110
109
108
110
113
116
120
126
127
127
125
122
120
118
118
119
122
126
127
127
127
127
127
127
127
127
127
127
127
127
127
127
120
114
123
127
127
127
127
127
127
121
113
104
96
92
79
89
103
124
123
105
91
82
76
73
71
70
42
43
44
49
51
46
45
45
47
47
48
49
38
37
32
32
37
37
37
38
40
40
40
40
40
37
33
34
40
40
40
40
40
40
40
39
37
33
32
37
41
40
39
40
40
40
40
40
33
32
32
38
40
40
40
40
40
40
41
41
32
32
33
39
40
40
40
41
40
40
40
41
32
32
33
40
40
40
40
41
40
40
40
40
32
32
34
40
41
41
40
40
40
40
40
40
127
127
127
127
127
127
127
127
127
127
127
127
127
127
127
127
127
127
127
127
127
127
127
127
127
127
127
127
127
127
127
127
127
127
127
127
127
127
127
127
127
127
127
127
127
127
127
127
127
127
127
127
127
127
127
127
127
127
127
127
127
127
127
127
127
127
127
127
127
127
126
115
127
127
127
127
127
127
127
127
116
103
95
91
77
92
113
127
127
113
92
79
75
73
71
70
43
43
44
51
53
46
45
46
47
47
49
50
39
37
31
31
37
37
38
40
40
40
41
42
40
37
33
34
40
40
40
41
40
40
40
40
38
33
31
37
42
40
40
41
41
41
41
40
33
32
32
39
41
41
40
41
41
41
42
42
32
32
33
40
41
40
40
42
41
40
41
42
32
32
33
41
41
41
40
42
41
40
40
41
32
32
34
41
42
42
41
41
41
40
40
40
