83
79
78
77
77
78
81
84
88
93
97
101
87
84
82
81
81
82
84
88
92
96
101
105
94
92
89
87
87
88
90
94
98
103
107
112
103
100
97
96
95
96
98
102
106
110
116
120
113
110
106
105
104
105
107
111
116
122
126
127
127
126
123
120
117
120
123
125
126
123
117
113
115
119
120
123
127
126
121
116
112
105
97
92
76
84
93
113
123
107
93
84
77
73
71
71
42
37
59
96
66
49
47
47
48
48
50
50
40
78
118
77
43
40
40
41
41
43
43
43
93
127
124
54
39
43
43
43
43
43
43
42
127
127
62
37
43
43
43
45
44
43
43
43
127
82
40
43
42
43
43
43
43
43
43
43
103
47
41
44
42
43
42
44
45
43
43
43
52
40
44
44
42
43
43
44
45
43
44
43
39
45
43
43
42
42
44
44
43
44
45
43
94
92
89
89
89
91
93
97
101
106
110
114
99
96
94
93
93
94
97
101
105
110
114
118
106
103
101
99
99
100
103
107
111
116
121
125
115
112
110
108
107
109
111
115
119
124
127
127
125
123
120
118
117
118
120
124
127
127
127
127
127
127
127
127
127
127
127
127
127
127
120
113
120
126
127
127
127
127
127
123
114
104
97
92
76
85
97
114
127
111
94
83
77
73
71
70
42
43
42
46
54
47
45
45
47
47
47
50
38
34
31
34
37
37
37
38
39
40
40
41
37
33
35
39
38
39
40
40
39
40
39
39
32
33
40
40
40
40
40
41
40
40
40
40
32
38
41
41
40
40
39
40
40
40
40
40
37
40
40
41
40
40
39
40
41
40
41
40
40
42
40
41
40
40
40
41
41
40
41
40
41
42
40
40
39
39
41
41
40
41
42
41
127
127
127
127
127
127
127
127
127
127
127
127
127
127
127
127
127
127
127
127
127
127
127
127
127
127
127
127
127
127
127
127
127
127
127
127
127
127
127
127
127
127
127
127
127
127
127
127
127
127
127
127
127
127
127
127
127
127
127
127
127
127
127
127
127
127
127
127
127
127
124
113
127
127
127
127
127
127
127
127
119
103
93
90
75
85
103
127
127
123
97
82
75
73
71
71
43
43
43
46
57
49
45
46
47
47
49
50
39
35
31
34
37
37
38
39
39
40
41
42
37
34
35
40
39
40
41
41
40
40
40
40
32
33
40
41
41
40
41
42
41
41
40
40
32
39
42
42
40
41
40
41
41
41
41
41
37
41
42
42
40
40
40
42
42
41
42
41
40
43
42
42
40
40
41
42
42
41
42
41
42
43
41
41
40
40
42
42
41
42
43
42
