82
80
78
77
76
78
80
83
87
92
96
100
86
84
82
81
80
81
83
87
91
96
100
104
94
91
89
87
86
87
89
93
97
102
106
111
103
100
97
95
94
95
97
100
105
110
114
119
113
110
107
105
103
104
106
110
114
120
126
127
126
125
123
120
116
118
122
125
125
123
120
114
112
116
120
121
127
127
123
119
113
106
99
92
74
81
89
104
122
115
98
88
78
74
72
70
42
37
47
89
77
51
47
47
48
48
50
50
36
68
112
88
48
40
40
40
41
42
43
43
86
127
127
68
39
42
43
43
42
43
42
42
127
127
72
37
43
42
43
44
43
43
43
43
127
80
42
43
42
43
43
44
44
43
45
43
92
47
41
43
41
42
43
44
43
43
44
43
45
40
45
43
42
42
42
44
43
43
43
43
40
43
44
43
43
43
42
43
43
43
43
43
94
91
89
89
89
89
92
96
99
105
110
113
99
96
93
92
92
93
96
99
103
109
113
117
106
103
101
99
99
99
102
106
110
115
120
124
116
112
110
107
106
108
110
113
118
123
127
127
126
123
119
117
116
117
119
123
127
127
127
127
127
127
127
127
127
127
127
127
127
127
121
114
116
123
127
127
127
127
127
125
116
106
98
92
73
81
92
106
125
120
100
87
78
74
72
70
43
43
43
43
51
50
45
45
46
47
48
49
38
35
32
33
37
37
37
38
39
40
40
41
37
34
35
39
39
39
40
40
40
40
40
39
33
33
40
41
40
40
40
40
40
40
40
40
33
38
41
40
39
40
40
41
41
40
41
40
37
41
41
41
39
39
40
41
40
40
40
40
40
42
41
41
40
39
40
41
40
40
40
40
40
40
41
40
40
40
40
40
40
40
40
40
127
127
127
127
127
127
127
127
127
127
127
127
127
127
127
127
127
127
127
127
127
127
127
127
127
127
127
127
127
127
127
127
127
127
127
127
127
127
127
127
127
127
127
127
127
127
127
127
127
127
127
127
127
127
127
127
127
127
127
127
127
127
127
127
127
127
127
127
127
127
127
115
125
127
127
127
127
127
127
127
124
106
96
91
71
79
95
116
127
127
105
85
76
74
72
70
42
43
43
43
54
53
45
45
47
47
48
50
39
36
31
33
37
37
37
39
40
40
41
42
37
35
35
40
40
40
41
41
40
40
40
40
33
33
40
42
40
40
41
41
41
41
41
40
32
38
42
42
40
40
41
42
42
41
42
42
37
42
43
42
40
40
40
42
41
41
41
41
41
43
43
42
40
40
40
42
41
41
40
41
41
41
42
41
41
40
40
41
41
41
40
41
