82
78
76
75
75
76
78
81
85
89
94
98
87
83
81
79
78
79
82
85
89
93
98
102
95
91
88
85
85
85
87
91
95
99
104
108
103
100
96
94
93
93
95
99
103
107
112
116
115
111
107
104
103
103
105
107
111
116
123
127
123
125
123
122
118
116
119
123
126
126
123
119
106
112
116
119
120
127
127
122
118
112
105
98
69
74
81
91
106
124
111
96
85
78
73
71
43
43
37
51
92
73
50
47
47
48
49
50
34
35
68
115
85
44
39
40
41
42
42
43
52
82
127
127
64
37
42
43
43
43
42
42
101
127
127
72
37
43
43
43
43
43
43
42
127
127
89
40
41
43
43
43
44
43
43
44
127
115
48
39
43
43
43
42
43
46
44
44
127
61
38
43
43
43
43
42
42
47
45
45
75
38
44
43
44
43
42
43
41
45
46
46
94
92
89
88
87
88
90
93
97
103
107
111
99
96
93
92
91
92
93
97
101
106
111
115
107
103
100
98
97
98
100
103
107
113
117
122
116
113
109
106
106
106
109
111
116
120
125
127
127
124
120
116
115
116
117
120
125
127
127
127
127
127
127
127
127
127
127
127
127
127
127
120
108
116
123
127
127
127
127
127
123
114
104
96
68
74
82
93
109
127
116
96
85
77
73
71
42
43
43
43
43
54
50
45
45
46
47
48
39
38
36
32
33
37
37
37
38
39
39
40
40
37
34
35
40
39
39
40
40
40
39
39
36
33
32
39
41
40
40
40
40
40
40
40
32
32
37
40
40
40
40
40
41
41
40
41
32
36
40
41
40
40
40
39
41
42
40
40
35
40
42
41
40
40
40
39
40
42
40
40
38
42
42
41
41
40
40
40
39
41
41
41
127
127
127
127
127
127
127
127
127
127
127
127
127
127
127
127
127
127
127
127
127
127
127
127
127
127
127
127
127
127
127
127
127
127
127
127
127
127
127
127
127
127
127
127
127
127
127
127
127
127
127
127
127
127
127
127
127
127
127
127
127
127
127
127
127
127
127
127
127
127
127
125
112
126
127
127
127
127
127
127
127
120
104
94
68
71
81
98
120
127
127
101
82
75
73
71
43
43
43
43
44
55
50
46
46
47
47
48
40
39
37
31
33
37
37
38
39
40
40
41
40
38
35
35
40
40
40
41
40
40
40
40
36
33
32
39
42
40
40
41
41
41
40
40
32
33
38
41
40
41
41
40
42
42
41
42
32
37
42
41
40
41
41
40
42
43
42
42
35
40
43
41
41
41
41
40
40
43
42
42
39
43
43
42
42
40
40
40
39
42
43
43
