82
78
76
75
75
75
78
80
84
89
93
97
87
84
81
79
78
79
81
83
87
92
97
101
95
92
88
86
85
85
87
89
93
99
103
107
103
100
96
95
92
93
95
97
101
106
110
114
116
112
108
104
102
103
104
106
110
115
121
125
122
123
123
122
120
116
117
122
125
127
126
122
103
109
113
118
119
123
127
125
121
116
110
103
67
71
78
85
96
116
120
103
91
82
76
72
44
44
43
37
61
98
59
48
48
47
49
49
41
35
34
71
120
80
40
40
40
41
42
43
37
47
78
127
127
57
39
43
43
43
43
43
47
85
127
127
87
37
43
42
43
44
44
43
116
127
127
127
45
43
43
42
43
44
44
43
127
127
127
72
40
44
43
41
42
43
43
44
127
127
115
40
43
44
43
41
42
42
43
45
127
127
68
37
42
44
43
42
41
40
43
44
94
92
89
86
86
87
89
92
96
101
105
110
99
96
93
91
90
91
92
96
100
105
110
114
107
104
100
99
97
97
99
103
106
111
116
120
116
113
110
107
106
106
107
110
114
120
123
127
127
125
121
118
115
116
116
120
123
127
127
127
127
127
127
127
127
127
127
127
127
127
127
125
103
111
119
125
127
127
127
127
127
121
111
102
67
70
76
86
100
119
126
106
91
81
75
73
42
42
42
43
43
47
53
47
45
46
46
48
38
39
38
35
31
35
37
37
37
38
38
40
40
40
37
34
34
39
39
40
40
40
39
40
40
37
33
32
38
41
40
40
40
40
40
40
35
33
31
34
40
40
40
39
40
40
41
40
33
32
32
38
42
41
40
38
40
40
40
41
32
32
35
40
41
41
40
38
40
40
40
41
32
33
38
40
40
41
40
39
39
38
41
41
127
127
127
127
127
127
127
127
127
127
127
127
127
127
127
127
127
127
127
127
127
127
127
127
127
127
127
127
127
127
127
127
127
127
127
127
127
127
127
127
127
127
127
127
127
127
127
127
127
127
127
127
127
127
127
127
127
127
127
127
127
127
127
127
127
127
127
127
127
127
127
127
103
116
127
127
127
127
127
127
127
127
113
100
65
68
75
88
106
127
127
115
92
78
74
72
43
43
43
44
43
48
56
47
45
46
47
47
40
40
39
36
30
33
37
37
38
39
40
40
41
40
38
34
35
40
40
40
40
41
40
40
40
37
33
31
39
42
41
40
41
42
41
41
36
33
31
35
42
42
40
40
40
41
42
41
33
32
33
39
43
42
41
39
40
41
41
42
32
32
36
41
42
42
41
39
40
40
41
43
32
33
38
41
40
42
41
40
40
39
41
42
