82
78
77
75
75
75
77
80
84
89
92
96
87
84
81
79
78
78
80
83
87
92
96
100
95
92
88
86
85
85
86
89
93
98
103
106
103
100
96
95
92
92
94
97
101
106
110
114
116
112
108
105
102
103
103
106
110
115
120
124
121
123
123
122
120
117
116
122
125
127
126
123
102
108
113
117
120
123
127
125
121
116
110
103
67
71
77
85
95
116
122
104
92
82
76
72
44
44
44
37
54
100
63
47
48
47
49
49
41
37
33
61
118
92
40
39
41
41
42
42
38
43
69
124
127
68
37
42
43
43
43
42
42
71
127
127
111
39
43
42
43
45
44
43
96
127
127
127
60
40
44
42
43
43
43
43
127
127
127
103
40
44
43
41
42
43
44
44
127
127
127
58
40
46
43
42
41
43
44
44
127
127
116
37
44
44
43
43
40
41
43
43
94
92
89
86
86
87
89
92
96
101
106
110
99
96
93
91
90
91
93
96
99
105
110
113
107
104
100
99
96
97
99
102
106
111
116
120
116
113
110
107
105
106
106
110
114
119
123
127
127
126
121
118
115
116
116
119
123
127
127
127
127
127
127
127
127
127
127
127
127
127
127
127
103
110
118
124
127
127
127
127
127
121
111
103
66
70
76
86
99
117
126
108
92
82
75
72
42
42
42
43
43
46
53
47
45
46
46
47
38
39
38
36
31
33
37
37
37
38
38
40
40
40
38
34
33
38
39
40
40
40
39
39
41
38
34
31
36
41
40
40
40
41
40
40
37
33
32
33
39
41
40
40
40
40
40
40
33
32
31
37
40
41
40
39
40
40
41
40
32
32
33
40
42
41
40
40
39
40
41
40
32
32
36
40
42
41
41
40
38
39
40
41
127
127
127
127
127
127
127
127
127
127
127
127
127
127
127
127
127
127
127
127
127
127
127
127
127
127
127
127
127
127
127
127
127
127
127
127
127
127
127
127
127
127
127
127
127
127
127
127
127
127
127
127
127
127
127
127
127
127
127
127
127
127
127
127
127
127
127
127
127
127
127
127
102
116
127
127
127
127
127
127
127
127
114
101
65
68
74
87
105
127
127
116
93
79
75
72
43
43
43
43
43
47
56
47
45
45
47
47
39
40
40
37
30
33
37
36
38
39
40
40
41
41
40
35
33
39
40
40
41
41
40
40
42
39
34
31
37
42
41
40
40
42
42
41
37
33
32
33
40
42
41
40
40
40
42
41
33
32
31
37
41
43
41
40
40
41
43
42
32
32
33
40
43
43
41
40
40
41
42
42
32
32
36
41
43
42
42
41
39
40
40
41
