82
79
77
75
74
75
76
78
82
87
92
96
87
84
81
78
78
78
79
82
86
91
96
99
95
92
88
85
84
84
85
89
92
97
102
106
104
100
96
94
92
92
93
96
100
105
110
113
118
113
109
104
102
102
103
105
109
113
118
123
120
122
123
121
120
117
116
120
124
127
127
125
99
105
111
115
120
120
127
127
123
119
113
107
64
68
74
82
91
104
125
110
96
85
78
75
44
44
44
44
38
73
96
47
48
47
48
48
41
41
40
33
61
127
81
36
40
41
42
42
43
42
37
59
120
127
65
39
43
43
43
43
43
40
48
116
127
127
47
42
43
43
43
44
37
44
115
127
127
127
41
44
43
41
43
44
47
107
127
127
127
103
38
45
43
42
43
43
100
127
127
127
127
80
39
46
44
42
42
42
127
127
127
127
127
64
40
47
44
42
41
42
94
91
88
87
85
86
89
91
95
99
105
109
99
96
92
91
89
90
92
95
99
103
109
113
107
104
100
98
96
96
98
101
105
110
115
119
116
113
110
107
105
105
106
109
113
118
123
127
127
127
122
118
115
114
116
118
122
127
127
127
123
127
127
127
127
127
127
127
127
127
127
127
99
106
114
121
127
127
127
127
127
125
116
108
65
68
73
82
93
110
127
115
97
85
78
75
42
42
42
43
43
45
51
49
45
45
45
47
38
39
37
38
35
30
35
37
37
38
39
40
40
40
40
39
35
32
38
40
40
40
40
40
41
40
39
35
32
33
40
40
40
40
40
41
40
40
35
32
32
35
41
41
40
40
40
40
40
36
33
32
32
37
41
41
41
40
40
40
37
33
32
32
32
38
41
41
41
40
40
40
33
32
32
32
33
38
40
42
40
40
38
39
127
127
127
127
127
127
127
127
127
127
127
127
127
127
127
127
127
127
127
127
127
127
127
127
127
127
127
127
127
127
127
127
127
127
127
127
127
127
127
127
127
127
127
127
127
127
127
127
127
127
127
127
127
127
127
127
127
127
127
127
127
127
127
127
127
127
127
127
127
127
127
127
96
109
123
127
127
127
127
127
127
127
123
107
64
67
71
80
98
121
127
127
102
84
76
72
43
43
42
43
43
45
54
50
45
46
47
47
39
40
39
39
35
30
35
37
37
40
40
40
41
41
40
40
36
32
39
40
40
41
40
40
42
41
40
36
32
33
41
41
41
40
40
42
41
41
36
32
32
36
42
42
41
40
40
42
40
36
33
32
32
37
41
43
42
40
41
41
37
33
32
32
32
39
41
43
42
40
40
40
33
32
32
32
33
39
41
43
41
40
39
40
