82
79
77
75
74
75
76
78
82
87
92
96
87
84
81
78
78
78
79
82
85
91
96
99
95
92
88
85
84
84
85
88
92
97
102
106
105
100
96
94
92
92
93
96
99
105
109
113
119
113
109
104
102
101
103
105
109
113
118
123
119
122
123
121
120
118
116
119
124
127
127
126
97
104
110
114
119
121
126
127
123
120
114
108
64
68
72
81
90
102
124
113
98
87
79
75
43
44
43
45
41
59
105
51
47
47
48
49
41
42
41
36
43
113
113
37
39
41
42
42
43
44
40
42
90
127
114
37
43
43
43
42
43
43
39
71
127
127
99
38
43
42
43
43
43
36
57
127
127
127
89
39
44
42
42
43
38
52
123
127
127
127
78
39
43
43
42
42
50
105
127
127
127
127
69
39
43
44
42
42
73
127
127
127
127
127
62
39
43
43
43
43
94
91
88
85
85
86
88
91
95
99
104
109
99
96
92
90
89
90
91
95
99
103
108
113
108
104
100
98
96
96
98
101
105
110
114
119
117
113
110
107
105
105
106
109
113
117
122
127
127
127
122
118
115
114
116
118
121
127
127
127
122
127
127
127
127
127
127
127
127
127
127
127
97
105
113
121
127
127
127
127
127
127
118
109
64
67
72
80
92
107
127
117
99
87
79
75
42
42
42
43
43
44
50
50
45
45
46
47
38
39
37
37
37
31
33
37
37
38
39
40
40
40
40
40
37
32
35
40
40
40
40
40
40
40
40
38
33
32
37
41
40
40
40
40
40
40
39
34
32
32
37
41
41
40
40
40
40
38
34
32
32
32
38
41
40
40
39
40
40
36
32
32
32
32
39
40
40
41
39
39
38
33
32
32
32
32
40
39
40
41
40
40
127
127
127
127
127
127
127
127
127
127
127
127
127
127
127
127
127
127
127
127
127
127
127
127
127
127
127
127
127
127
127
127
127
127
127
127
127
127
127
127
127
127
127
127
127
127
127
127
127
127
127
127
127
127
127
127
127
127
127
127
127
127
127
127
127
127
127
127
127
127
127
127
95
106
122
127
127
127
127
127
127
127
126
110
64
66
70
78
96
119
127
127
104
85
77
73
43
43
42
43
43
46
53
51
45
45
47
47
39
40
39
39
37
30
33
37
37
38
40
40
40
42
41
41
37
32
34
40
40
40
40
40
41
42
41
39
33
31
37
42
41
40
40
41
42
40
39
34
32
32
38
42
42
40
40
41
42
39
34
32
32
32
39
42
41
41
40
40
40
36
32
32
32
32
39
41
41
42
40
40
38
33
32
32
32
32
40
40
41
42
40
40
