82
79
77
74
74
74
75
78
82
86
91
95
87
84
81
78
77
78
79
82
85
90
95
99
95
92
88
85
83
84
85
88
92
96
101
105
105
101
96
94
92
92
93
96
99
104
109
113
120
114
109
105
102
101
103
105
108
113
117
122
117
120
121
121
120
118
116
119
123
127
127
127
96
103
108
113
117
122
124
127
125
120
116
111
64
67
71
78
87
99
120
116
99
89
82
76
43
43
44
44
46
43
97
72
44
47
47
48
41
41
41
41
36
53
127
78
34
40
41
42
43
43
43
43
39
96
127
99
37
42
43
43
43
43
43
40
54
127
127
120
42
42
42
43
44
43
42
37
99
127
127
127
50
41
43
43
44
43
38
56
127
127
127
127
62
40
43
43
43
43
40
100
127
127
127
127
82
40
43
43
40
42
47
127
127
127
127
127
99
40
44
44
94
91
87
85
85
86
88
90
94
99
104
108
99
96
92
90
89
89
91
94
98
103
108
112
108
104
100
98
96
96
97
100
104
110
114
118
117
113
110
106
104
104
106
109
113
117
122
126
127
127
122
118
115
114
115
117
121
126
127
127
120
125
127
127
127
127
127
127
127
127
127
127
95
102
110
119
126
127
127
127
127
127
121
113
64
66
70
77
89
104
124
121
103
89
81
76
43
42
42
42
43
45
50
50
45
45
46
47
39
38
38
38
37
35
31
35
37
37
38
40
40
40
40
40
40
36
30
36
40
40
40
40
40
40
40
40
40
33
31
35
40
40
40
40
41
41
40
40
37
32
32
34
40
40
40
40
41
40
40
39
33
32
32
33
40
41
40
40
40
40
40
36
32
32
32
32
38
41
42
40
38
40
40
33
32
32
32
32
37
42
42
41
127
127
127
127
127
127
127
127
127
127
127
127
127
127
127
127
127
127
127
127
127
127
127
127
127
127
127
127
127
127
127
127
127
127
127
127
127
127
127
127
127
127
127
127
127
127
127
127
127
127
127
127
127
127
127
127
127
127
127
127
127
127
127
127
127
127
127
127
127
127
127
127
92
103
117
127
127
127
127
127
127
127
127
115
64
65
68
76
90
112
127
127
110
89
78
74
43
43
43
43
43
46
52
52
46
46
46
47
39
40
39
39
37
35
30
34
37
38
40
40
40
41
40
41
41
37
30
36
41
40
40
40
41
41
40
41
40
33
31
36
41
41
40
41
42
42
40
41
37
32
32
34
41
41
40
41
42
41
40
40
33
32
32
33
40
42
41
41
41
41
40
37
32
32
32
32
39
42
42
41
39
41
40
34
32
32
32
32
37
43
43
42
