82
81
77
75
75
75
77
79
82
87
92
96
88
85
82
79
78
78
80
82
86
91
96
99
96
92
89
86
85
85
86
89
92
97
102
106
105
102
97
95
92
92
94
96
100
105
110
113
120
115
110
106
103
102
103
106
109
113
118
123
115
119
121
121
120
119
116
120
124
127
127
127
92
100
106
113
117
122
127
125
124
122
117
113
63
65
70
78
87
101
122
116
98
90
82
77
43
44
43
44
45
45
75
96
43
46
48
48
41
42
40
40
40
37
57
127
84
33
39
42
43
43
43
43
43
40
49
127
127
69
39
40
43
43
44
43
43
41
43
125
127
127
57
40
43
46
45
44
44
43
38
108
127
127
127
54
43
43
44
45
44
42
37
92
127
127
127
121
43
43
44
44
44
42
37
75
127
127
127
127
43
43
45
43
44
43
38
64
127
127
127
127
95
91
89
86
86
87
89
91
95
100
105
109
100
96
93
91
90
91
92
95
99
104
109
113
109
105
101
99
96
97
99
101
105
110
115
119
118
114
110
107
105
106
106
110
113
118
123
127
127
127
123
118
115
116
116
119
122
127
127
127
116
123
127
127
127
127
127
127
127
127
127
127
92
99
109
118
126
127
127
127
127
127
122
114
63
65
69
76
88
105
126
120
103
90
82
77
43
42
42
42
43
45
52
48
46
45
45
47
39
38
38
37
37
37
37
31
33
38
38
40
40
40
40
40
40
40
38
32
33
38
40
40
40
40
41
41
40
40
40
34
32
34
39
40
40
40
40
41
41
40
40
36
32
32
35
40
40
40
40
40
41
40
40
37
32
32
33
36
40
40
41
40
41
39
41
39
32
32
32
33
40
40
42
40
41
40
40
39
33
32
32
32
127
127
127
127
127
127
127
127
127
127
127
127
127
127
127
127
127
127
127
127
127
127
127
127
127
127
127
127
127
127
127
127
127
127
127
127
127
127
127
127
127
127
127
127
127
127
127
127
127
127
127
127
127
127
127
127
127
127
127
127
123
127
127
127
127
127
127
127
127
127
127
127
89
98
113
127
127
127
127
127
127
127
127
119
63
64
68
75
89
114
127
127
109
90
79
75
43
43
43
43
43
46
55
49
45
45
46
47
40
40
39
38
37
37
37
30
33
38
40
40
40
41
41
41
41
41
39
33
33
39
41
40
40
41
42
42
41
40
40
35
31
34
40
40
40
42
42
42
42
41
40
36
32
32
35
40
41
41
41
41
42
40
41
37
32
32
33
36
41
40
42
41
42
40
42
39
32
32
32
33
41
41
43
41
42
40
41
40
33
32
32
32
