82
78
76
75
75
75
78
80
84
89
93
97
87
83
81
79
78
79
81
84
88
92
97
101
95
91
88
85
85
85
86
90
94
99
103
107
104
100
96
94
92
93
94
98
102
106
111
115
118
113
108
104
102
103
104
106
110
115
120
125
118
121
123
121
120
116
117
122
126
127
127
126
98
104
111
116
121
127
125
123
123
119
113
107
64
68
74
84
96
116
122
101
92
85
78
75
43
43
44
45
46
57
104
57
41
47
48
48
42
40
40
40
40
38
104
116
49
33
41
43
43
43
43
43
44
37
90
127
105
51
38
41
42
43
43
43
44
40
61
127
127
99
46
40
44
44
43
43
42
41
48
127
127
127
104
41
44
45
44
43
42
42
40
110
127
127
127
106
44
45
44
43
43
43
37
82
127
127
127
127
43
45
45
43
44
43
37
64
127
127
127
127
94
90
88
86
86
87
90
92
96
102
106
110
99
96
93
91
90
91
92
96
100
106
110
114
107
103
100
99
96
97
99
103
106
112
116
120
116
113
109
107
105
106
108
110
115
120
124
127
127
126
121
117
114
116
117
120
123
127
127
127
121
127
127
127
127
127
127
127
127
127
127
127
97
106
115
123
127
127
127
127
127
124
116
108
64
67
73
84
99
121
124
106
93
84
78
75
42
42
42
43
43
50
50
45
45
45
46
47
39
38
37
37
37
37
33
31
37
38
39
40
40
40
40
40
41
40
36
31
36
39
40
40
39
40
40
40
41
40
38
32
32
37
40
40
41
41
40
40
40
40
40
34
32
33
37
40
41
41
40
40
40
40
40
35
32
32
33
37
41
41
41
40
40
40
40
37
32
32
32
33
40
42
42
41
41
40
40
38
33
32
32
32
127
127
127
127
127
127
127
127
127
127
127
127
127
127
127
127
127
127
127
127
127
127
127
127
127
127
127
127
127
127
127
127
127
127
127
127
127
127
127
127
127
127
127
127
127
127
127
127
127
127
127
127
127
127
127
127
127
127
127
127
127
127
127
127
127
127
127
127
127
127
127
127
94
107
125
127
127
127
127
127
127
127
123
109
64
66
71
84
106
127
127
115
96
82
75
73
43
43
42
43
44
54
52
46
46
46
47
47
40
39
38
37
37
37
33
31
37
40
40
40
40
40
40
40
42
40
35
32
37
40
40
40
40
41
41
41
42
41
39
32
31
37
40
40
42
42
41
41
40
41
41
35
31
33
37
40
42
42
41
41
40
40
41
36
32
32
33
37
42
42
42
41
41
40
41
37
32
32
32
33
41
43
43
42
42
41
40
39
33
32
32
32
