82
78
76
75
75
75
78
81
85
89
93
96
87
83
81
79
78
79
81
84
88
92
97
101
95
91
88
85
85
85
87
90
94
99
103
108
104
100
96
94
92
93
95
98
102
106
111
115
118
113
108
104
102
103
104
106
110
116
120
125
119
122
123
122
120
116
118
122
126
127
127
126
99
106
111
116
121
127
125
123
123
118
113
107
64
68
75
85
97
118
120
100
92
85
78
75
43
44
44
45
46
60
105
52
43
48
47
48
41
42
40
40
40
40
115
109
43
34
42
43
43
43
43
43
43
37
106
127
95
46
39
42
43
42
44
43
44
38
74
127
127
86
43
41
45
43
43
44
44
39
55
127
127
127
89
38
44
43
43
43
43
41
43
127
127
127
127
92
43
43
43
43
43
43
39
106
127
127
127
127
43
43
43
43
42
43
38
89
127
127
127
127
94
91
88
86
87
88
90
92
97
102
106
110
99
96
93
91
91
92
94
96
101
106
110
114
107
103
100
98
97
98
100
103
107
112
116
121
116
113
109
106
106
106
107
111
115
120
124
127
127
126
121
117
115
116
117
120
123
127
127
127
122
127
127
127
127
127
127
127
127
127
127
127
98
106
115
124
127
127
127
127
127
123
115
107
64
68
73
85
100
123
123
105
92
83
77
74
42
42
42
43
43
52
49
45
45
45
46
47
38
38
37
37
36
37
33
32
37
38
39
40
40
40
40
40
40
39
35
33
37
40
40
39
40
40
40
40
40
40
38
32
33
37
40
40
41
40
40
41
41
40
39
33
32
33
37
41
40
40
40
41
41
40
40
33
32
32
33
37
40
40
40
41
40
40
40
36
32
32
32
33
41
40
40
40
39
40
41
37
32
32
32
32
127
127
127
127
127
127
127
127
127
127
127
127
127
127
127
127
127
127
127
127
127
127
127
127
127
127
127
127
127
127
127
127
127
127
127
127
127
127
127
127
127
127
127
127
127
127
127
127
127
127
127
127
127
127
127
127
127
127
127
127
127
127
127
127
127
127
127
127
127
127
127
127
96
109
126
127
127
127
127
127
127
127
121
108
64
67
71
85
108
127
127
113
94
82
75
73
43
43
42
43
44
54
50
46
46
46
47
47
39
40
38
38
37
37
32
32
38
39
40
40
40
41
40
41
42
40
35
32
37
40
40
40
40
40
41
41
42
40
38
31
32
38
41
40
43
41
41
42
42
40
39
33
32
33
38
42
42
40
40
42
41
40
39
33
32
32
33
37
41
40
40
42
40
40
40
36
32
32
32
33
42
40
41
41
40
41
42
37
32
32
32
32
