82
78
76
75
75
76
78
81
85
89
93
96
87
83
81
79
78
79
82
84
88
92
97
101
95
91
88
85
85
85
88
90
94
99
103
108
104
100
96
94
92
93
95
98
102
106
111
115
118
113
108
104
102
103
104
107
111
116
120
125
119
122
123
122
120
116
118
123
126
127
127
126
99
106
111
116
121
127
125
123
122
118
113
107
64
68
75
85
98
118
120
100
92
84
78
75
43
44
44
45
47
61
105
50
43
48
47
48
41
41
40
40
40
40
118
106
42
35
42
43
43
43
43
43
43
37
110
127
92
45
39
43
43
43
43
43
44
37
78
127
127
83
43
41
43
43
43
43
43
40
60
127
127
127
84
35
43
43
43
43
42
42
49
127
127
127
127
86
44
44
43
43
43
43
41
114
127
127
127
127
46
45
43
43
43
43
37
96
127
127
127
127
94
91
88
86
87
88
90
92
97
102
106
110
99
96
93
91
91
92
94
96
101
106
110
114
107
103
100
98
97
98
100
103
107
112
116
121
116
113
109
106
106
106
107
111
115
120
124
127
127
126
121
117
115
116
117
120
123
127
127
127
122
127
127
127
127
127
127
127
127
127
127
127
98
106
116
124
127
127
127
127
127
123
115
107
64
68
73
85
101
123
123
105
92
83
77
74
42
42
42
43
44
52
49
46
45
45
47
47
39
38
37
37
37
37
33
33
37
38
39
40
40
40
40
40
41
39
35
33
37
40
40
40
40
40
40
40
41
40
37
32
33
38
41
40
41
40
40
40
40
40
39
33
32
33
38
40
41
41
41
40
40
41
40
34
32
32
33
37
41
41
41
40
40
41
41
36
32
32
32
33
41
41
41
40
40
40
40
36
32
32
32
32
127
127
127
127
127
127
127
127
127
127
127
127
127
127
127
127
127
127
127
127
127
127
127
127
127
127
127
127
127
127
127
127
127
127
127
127
127
127
127
127
127
127
127
127
127
127
127
127
127
127
127
127
127
127
127
127
127
127
127
127
127
127
127
127
127
127
127
127
127
127
127
127
96
110
127
127
127
127
127
127
127
127
120
107
64
67
71
85
108
127
127
113
94
81
75
73
43
43
43
43
44
54
50
46
46
45
47
47
40
39
38
38
37
37
32
32
38
39
40
40
41
40
40
41
42
40
35
33
37
40
41
40
41
41
41
41
42
40
37
32
33
38
42
40
42
41
40
40
41
41
40
33
32
33
38
41
42
42
41
41
40
42
41
34
32
32
33
38
42
42
41
41
40
42
42
36
32
32
32
34
43
43
41
40
41
41
41
36
32
32
32
32
