82
78
76
75
75
76
78
81
85
89
94
98
87
83
81
79
78
79
82
84
88
93
98
102
95
91
88
85
85
85
88
90
94
99
104
108
103
100
96
94
92
93
96
98
102
107
112
116
117
112
108
104
102
103
104
107
111
116
121
125
118
121
123
122
120
116
118
123
126
127
127
125
99
106
112
117
122
127
125
123
122
118
113
106
64
69
75
85
99
120
120
100
92
84
77
74
44
44
44
45
46
64
104
47
44
48
47
48
41
42
40
40
39
43
126
98
38
37
42
43
43
43
43
43
43
38
127
127
83
41
40
43
42
43
44
44
43
37
97
127
127
71
40
42
43
43
43
45
43
38
77
127
127
127
68
36
43
43
44
44
43
38
60
127
127
127
127
70
43
43
44
44
43
39
47
127
127
127
127
127
43
42
43
43
43
41
41
126
127
127
127
127
94
91
88
86
87
88
89
93
97
102
106
111
99
96
93
91
91
92
93
97
101
106
110
115
107
103
100
98
97
98
99
103
107
112
117
121
116
113
109
106
106
106
107
111
115
120
125
127
127
125
120
117
115
116
117
120
124
127
127
127
123
127
127
127
127
127
127
127
127
127
127
127
99
107
116
124
127
127
127
127
127
123
115
106
64
68
74
85
102
123
122
104
92
82
77
74
42
42
42
43
44
52
48
46
45
45
47
47
38
39
37
37
37
37
31
33
37
38
39
40
40
40
40
40
40
39
33
33
37
40
40
40
40
40
40
40
41
40
37
32
33
38
40
40
40
40
40
41
40
40
39
32
32
33
39
40
41
40
41
41
40
39
39
33
32
32
34
38
41
40
41
41
40
40
38
33
32
32
32
34
40
40
40
41
40
40
38
33
32
32
32
32
127
127
127
127
127
127
127
127
127
127
127
127
127
127
127
127
127
127
127
127
127
127
127
127
127
127
127
127
127
127
127
127
127
127
127
127
127
127
127
127
127
127
127
127
127
127
127
127
127
127
127
127
127
127
127
127
127
127
127
127
127
127
127
127
127
127
127
127
127
127
127
127
96
110
127
127
127
127
127
127
127
127
120
106
64
67
72
86
110
127
127
112
92
80
75
74
43
43
43
43
45
54
50
46
46
45
47
47
39
40
38
38
37
37
30
33
38
39
40
40
40
41
41
42
42
40
33
33
37
40
41
40
40
40
42
42
42
41
37
31
33
40
42
40
41
40
41
42
41
40
39
32
32
33
40
42
42
41
42
42
41
40
39
33
32
32
35
40
42
41
42
42
41
40
39
34
32
32
32
35
41
40
41
42
40
40
39
34
32
32
32
32
