82
78
76
75
75
76
78
81
85
89
94
98
87
83
81
79
78
79
82
84
88
93
98
102
95
91
88
85
85
85
88
90
94
99
104
108
103
100
96
94
92
93
96
98
102
107
112
116
117
112
108
104
102
103
104
107
111
116
121
125
119
122
123
122
120
116
118
123
126
127
127
125
99
106
112
117
122
127
124
124
122
118
113
106
64
69
75
85
99
120
119
99
92
83
77
74
43
44
44
45
46
65
103
46
44
48
48
48
41
41
40
40
39
45
127
94
37
37
42
43
43
43
43
44
43
39
127
127
80
40
40
43
43
43
43
44
43
37
104
127
127
66
40
42
44
43
43
44
43
37
83
127
127
127
63
35
43
43
43
43
43
39
67
127
127
127
127
64
43
43
43
42
42
41
55
127
127
127
127
121
43
43
43
41
43
43
49
127
127
127
127
127
94
92
89
88
87
88
89
93
97
102
106
111
99
96
93
92
91
92
93
97
101
106
110
115
107
103
100
98
97
98
99
103
107
112
117
121
116
113
109
106
106
106
107
111
115
120
125
127
127
125
120
117
115
116
117
120
124
127
127
127
123
127
127
127
127
127
127
127
127
127
127
127
99
107
116
124
127
127
127
127
127
123
115
107
64
68
75
86
103
123
122
104
92
82
77
75
42
42
42
43
44
52
48
46
45
45
47
47
38
38
37
37
37
37
31
33
37
38
39
40
40
40
40
40
40
39
33
33
37
40
40
40
40
40
40
40
41
40
36
32
33
39
41
40
40
40
40
41
41
40
37
32
32
34
40
41
40
40
40
41
40
40
38
33
32
32
35
40
40
40
40
40
40
40
40
33
32
32
32
36
40
40
40
38
40
41
41
34
31
32
32
33
127
127
127
127
127
127
127
127
127
127
127
127
127
127
127
127
127
127
127
127
127
127
127
127
127
127
127
127
127
127
127
127
127
127
127
127
127
127
127
127
127
127
127
127
127
127
127
127
127
127
127
127
127
127
127
127
127
127
127
127
127
127
127
127
127
127
127
127
127
127
127
127
97
110
127
127
127
127
127
127
127
127
119
106
64
67
72
86
110
127
127
111
92
80
75
73
43
43
43
43
45
54
50
47
46
45
47
47
39
39
39
38
37
37
30
33
38
39
40
40
40
40
41
42
42
40
33
33
38
40
41
40
41
40
41
42
42
40
36
31
33
40
42
40
42
42
40
42
41
40
37
32
32
34
40
42
41
41
41
42
40
40
39
33
32
32
35
40
41
40
41
40
40
42
40
33
32
32
32
36
41
41
40
39
41
42
42
34
31
32
32
33
