82
78
76
75
75
76
78
81
85
89
94
98
87
83
81
79
78
79
82
84
89
93
98
102
95
91
88
85
85
85
88
90
95
99
104
108
103
100
96
94
93
93
95
98
103
107
112
116
117
111
107
104
103
103
104
107
111
116
122
126
120
122
123
122
119
116
118
123
126
127
127
125
100
106
113
117
122
127
124
124
121
118
112
106
65
70
76
86
99
121
116
99
91
83
77
74
44
44
44
45
45
71
99
43
47
48
48
48
42
41
40
40
38
52
127
82
34
39
42
42
43
43
43
43
43
44
127
127
68
37
41
43
43
44
44
44
43
40
127
127
127
53
40
43
43
43
44
44
43
38
115
127
127
123
47
39
43
43
45
43
42
37
99
127
127
127
108
46
43
45
45
43
41
37
85
127
127
127
127
96
44
46
44
43
42
37
74
127
127
127
127
127
94
92
89
88
87
88
89
93
97
103
107
111
99
96
93
92
91
92
93
97
101
106
111
115
107
103
100
98
97
98
99
103
107
113
117
121
116
113
109
106
106
106
107
111
115
120
125
127
127
125
120
117
115
116
117
120
124
127
127
127
123
127
127
127
127
127
127
127
127
127
127
127
99
108
117
125
127
127
127
127
127
122
113
106
65
68
75
86
103
124
120
103
91
82
76
73
42
42
42
43
44
52
48
46
45
46
47
47
39
38
37
37
37
37
31
33
38
38
40
40
40
40
40
40
40
38
32
33
38
40
40
40
40
40
41
41
40
40
33
31
34
40
40
40
40
40
40
40
40
40
36
32
32
35
40
41
40
40
41
40
39
40
37
32
32
33
37
40
40
41
41
40
39
40
38
32
32
32
33
37
41
42
41
41
39
39
38
32
32
32
32
33
127
127
127
127
127
127
127
127
127
127
127
127
127
127
127
127
127
127
127
127
127
127
127
127
127
127
127
127
127
127
127
127
127
127
127
127
127
127
127
127
127
127
127
127
127
127
127
127
127
127
127
127
127
127
127
127
127
127
127
127
127
127
127
127
127
127
127
127
127
127
127
127
98
112
127
127
127
127
127
127
127
127
118
105
65
68
73
88
112
127
127
110
92
79
75
73
43
43
43
43
45
54
50
46
46
46
47
47
40
39
38
37
37
37
30
33
38
40
40
40
41
40
41
41
41
39
32
33
39
41
40
40
41
41
42
42
40
41
34
31
35
40
41
40
41
41
42
42
40
40
36
32
32
35
40
42
41
41
43
41
40
40
37
32
32
33
37
41
41
42
43
41
40
40
39
32
32
32
33
37
42
43
42
41
40
40
39
32
32
32
32
33
