82
78
76
76
75
76
78
82
85
90
94
97
86
84
81
80
79
79
82
85
89
93
98
102
94
92
89
86
85
85
88
91
95
99
104
109
103
100
97
94
93
93
95
99
103
107
112
116
116
111
107
104
102
103
105
107
112
116
122
126
121
123
123
121
119
116
120
123
127
127
127
123
102
108
114
118
123
127
124
123
120
116
110
104
66
71
78
89
102
123
112
97
89
82
76
73
44
44
44
45
44
92
79
41
48
47
49
49
41
41
40
40
34
93
127
47
36
42
42
43
43
43
43
44
37
99
127
96
41
41
43
43
43
43
44
44
37
101
127
127
68
40
43
43
43
43
44
43
36
103
127
127
127
48
40
43
43
43
43
43
37
107
127
127
127
104
42
41
42
42
42
43
38
111
127
127
127
127
77
42
42
41
42
44
39
113
127
127
127
127
123
44
94
92
89
88
87
88
90
94
98
103
106
110
99
96
93
92
91
92
94
97
102
106
111
115
107
103
100
98
97
98
100
103
108
113
118
122
116
113
109
106
106
106
108
112
116
120
125
127
127
124
120
116
115
116
117
120
125
127
127
127
125
127
127
127
127
127
127
127
127
127
127
127
102
110
120
127
127
127
127
127
127
120
112
103
66
70
78
89
108
127
116
100
89
80
75
73
42
42
42
43
46
51
48
45
46
46
47
47
38
38
37
37
37
34
30
36
38
38
40
40
40
40
40
40
40
35
30
37
40
40
40
40
40
40
40
40
40
37
32
33
39
41
40
40
40
40
41
40
39
35
32
32
34
40
40
40
40
40
40
40
40
36
32
32
32
37
41
40
40
40
40
40
41
36
32
32
32
33
38
40
40
39
40
41
42
36
32
32
32
32
35
40
127
127
127
127
127
127
127
127
127
127
127
127
127
127
127
127
127
127
127
127
127
127
127
127
127
127
127
127
127
127
127
127
127
127
127
127
127
127
127
127
127
127
127
127
127
127
127
127
127
127
127
127
127
127
127
127
127
127
127
127
127
127
127
127
127
127
127
127
127
127
127
127
101
116
127
127
127
127
127
127
127
127
115
103
65
68
76
92
118
127
127
106
89
78
75
72
43
43
43
43
47
54
49
46
45
46
47
47
39
39
39
37
37
33
30
37
38
39
40
40
40
40
41
42
41
35
31
37
40
41
40
40
40
41
42
42
40
37
31
33
40
42
40
40
41
41
42
41
40
36
32
32
35
41
41
40
40
41
41
41
41
36
32
32
33
37
41
41
40
40
40
41
43
36
32
32
32
33
39
41
40
40
40
42
43
37
32
32
32
32
36
40
