82
78
76
76
75
76
78
82
85
90
93
99
86
83
81
80
79
80
82
85
89
94
98
103
94
91
89
86
85
86
88
91
95
100
105
109
103
100
97
94
93
94
95
99
103
108
112
116
116
111
107
104
103
103
104
108
112
116
123
127
121
123
123
121
118
116
119
123
127
127
127
123
103
108
114
119
123
127
124
123
120
116
110
103
67
71
78
89
103
124
111
97
89
81
76
73
44
44
44
45
45
96
74
43
48
47
49
49
41
41
41
40
34
104
123
43
37
41
42
43
43
43
43
43
37
116
127
85
38
41
43
43
43
43
43
43
37
120
127
127
56
40
43
43
43
43
43
43
40
127
127
127
116
39
41
43
43
43
43
42
43
127
127
127
127
82
39
43
43
43
43
41
45
127
127
127
127
127
61
42
43
43
43
40
48
127
127
127
127
127
92
40
94
92
89
88
87
88
90
94
98
103
106
112
99
96
93
92
91
92
94
97
102
106
111
116
107
103
100
98
97
98
100
103
108
113
118
122
116
113
109
106
106
106
108
112
116
121
126
127
127
124
120
116
115
116
117
120
125
127
127
127
126
127
127
127
127
127
127
127
127
127
127
127
103
111
120
127
127
127
127
127
127
120
111
103
67
71
78
90
108
127
116
100
88
80
75
73
42
43
42
43
46
51
47
45
46
46
47
47
38
38
38
37
37
33
32
37
38
38
40
40
40
40
40
41
40
34
32
37
40
40
40
40
40
40
40
41
40
35
32
33
40
40
40
40
40
40
40
40
41
34
32
32
36
40
40
40
41
40
40
40
40
34
32
32
33
37
41
40
42
40
40
40
40
34
32
32
32
34
40
41
41
40
40
40
40
33
32
32
32
32
37
42
127
127
127
127
127
127
127
127
127
127
127
127
127
127
127
127
127
127
127
127
127
127
127
127
127
127
127
127
127
127
127
127
127
127
127
127
127
127
127
127
127
127
127
127
127
127
127
127
127
127
127
127
127
127
127
127
127
127
127
127
127
127
127
127
127
127
127
127
127
127
127
127
102
117
127
127
127
127
127
127
127
127
113
101
65
68
77
93
119
127
127
105
89
78
74
72
43
43
43
43
47
53
49
46
46
46
47
47
39
39
39
37
37
33
30
37
39
40
40
40
40
40
41
42
41
33
31
38
41
40
40
40
41
41
41
42
40
35
31
33
40
41
40
40
41
41
40
41
42
35
32
32
37
41
40
41
42
41
40
41
41
34
32
32
33
39
42
41
42
41
40
41
40
34
32
32
31
35
40
42
41
41
40
41
40
33
32
32
32
32
38
43
