82
78
76
76
75
77
78
82
85
90
95
99
86
83
81
80
79
80
82
85
89
94
99
103
94
91
89
86
85
86
89
91
95
100
105
109
103
100
97
94
93
94
96
99
103
108
113
116
115
111
107
103
103
103
105
108
112
117
123
127
121
123
123
121
119
116
120
123
127
127
127
123
103
110
114
119
123
126
124
123
120
116
110
103
67
71
79
90
104
124
110
97
88
81
76
73
44
43
44
46
46
103
65
44
47
47
49
49
41
40
40
40
37
123
106
36
39
41
42
43
43
43
43
42
44
127
127
64
37
43
42
43
44
44
43
40
54
127
127
113
43
42
42
43
43
45
44
37
67
127
127
127
71
38
44
43
44
43
43
36
81
127
127
127
127
45
43
45
45
43
41
37
97
127
127
127
127
84
43
46
44
43
40
37
109
127
127
127
127
127
44
45
94
92
89
88
87
89
90
94
98
102
108
112
99
96
93
92
91
92
94
98
102
106
112
116
107
103
100
98
97
98
100
104
108
113
118
122
116
113
109
106
106
106
108
112
116
121
126
127
127
124
120
116
116
116
117
121
125
127
127
127
127
127
127
127
127
127
127
127
127
127
127
127
103
111
120
127
127
127
127
127
127
120
110
103
67
71
78
91
110
127
115
99
88
79
75
73
42
42
42
43
47
51
48
45
45
45
47
48
38
38
37
37
37
32
33
37
37
39
40
40
40
40
40
40
40
32
33
39
40
40
40
39
40
41
40
40
40
33
32
36
41
40
40
40
40
41
40
40
39
33
32
33
39
41
41
40
41
40
40
40
38
32
32
32
35
40
40
40
41
40
40
40
37
32
32
32
33
37
40
42
40
40
39
40
37
32
32
32
32
35
41
43
127
127
127
127
127
127
127
127
127
127
127
127
127
127
127
127
127
127
127
127
127
127
127
127
127
127
127
127
127
127
127
127
127
127
127
127
127
127
127
127
127
127
127
127
127
127
127
127
127
127
127
127
127
127
127
127
127
127
127
127
127
127
127
127
127
127
127
127
127
127
127
127
103
118
127
127
127
127
127
127
127
127
113
100
66
69
78
95
121
127
127
103
86
77
74
72
43
43
43
43
47
54
50
45
46
46
47
47
39
39
38
37
37
32
33
37
38
40
40
40
40
41
40
41
40
32
33
40
40
40
40
40
41
42
41
40
40
33
32
37
42
41
40
40
41
42
41
41
39
33
32
33
40
42
42
41
42
41
40
40
38
32
32
32
35
41
42
41
42
41
40
40
37
32
32
32
33
38
42
43
41
40
40
40
37
32
32
32
32
35
42
44
