82
78
76
76
75
77
78
82
85
90
95
99
86
83
81
80
79
80
82
85
89
94
99
103
94
91
89
86
85
86
89
91
95
100
105
109
103
100
97
94
93
94
96
99
103
108
113
116
115
111
107
103
103
103
105
108
112
117
123
127
122
123
123
121
119
116
120
123
127
127
126
123
103
110
115
120
123
125
125
123
120
115
109
103
68
71
80
91
106
124
110
97
87
80
75
72
44
44
44
45
48
106
57
47
47
47
49
49
41
41
40
37
47
127
82
34
40
41
42
43
43
43
43
38
69
127
127
43
40
43
43
43
43
43
43
37
96
127
127
69
38
42
43
43
43
43
41
43
124
127
127
113
40
42
43
43
43
43
40
54
127
127
127
127
61
40
44
43
43
43
38
76
127
127
127
127
103
42
44
45
44
42
37
97
127
127
127
127
127
46
44
45
94
92
89
88
87
89
90
94
98
102
108
112
99
96
93
92
91
92
94
98
102
106
112
116
107
103
100
98
97
98
100
104
108
113
118
122
116
113
109
106
106
106
108
112
116
121
126
127
127
124
120
116
116
116
117
121
125
127
127
127
127
127
127
127
127
127
127
127
127
127
127
126
105
113
120
127
127
127
127
127
127
119
110
102
68
71
79
92
110
127
114
99
88
78
75
72
42
43
43
43
47
51
48
45
45
45
47
47
38
38
38
37
36
31
33
37
38
39
40
40
40
40
40
40
37
30
33
40
40
40
40
40
40
40
40
40
37
32
33
39
40
40
40
40
40
40
40
40
35
32
32
36
41
40
40
40
40
40
40
39
33
32
32
33
40
41
41
41
41
40
40
37
32
32
32
32
37
41
41
41
42
39
40
37
32
32
32
32
34
40
40
40
127
127
127
127
127
127
127
127
127
127
127
127
127
127
127
127
127
127
127
127
127
127
127
127
127
127
127
127
127
127
127
127
127
127
127
127
127
127
127
127
127
127
127
127
127
127
127
127
127
127
127
127
127
127
127
127
127
127
127
127
127
127
127
127
127
127
127
127
127
127
127
127
104
120
127
127
127
127
127
127
127
127
111
99
65
69
78
96
122
127
127
103
86
77
74
72
43
43
42
43
48
54
49
45
46
46
47
47
39
39
38
37
36
30
33
37
39
40
40
40
40
40
41
41
38
30
34
41
40
40
40
40
41
40
41
41
37
32
33
40
41
40
41
41
41
40
41
41
35
32
31
37
42
41
40
41
41
41
40
40
33
32
32
33
40
42
41
42
41
40
40
38
32
32
32
32
37
42
42
42
42
40
40
37
32
32
32
32
34
41
42
42
