82
78
76
76
75
77
78
82
85
90
95
99
86
83
81
80
79
80
82
85
89
94
99
103
94
91
89
86
85
86
89
91
95
100
105
109
103
100
97
94
93
94
96
99
103
108
113
116
115
111
107
103
103
103
105
108
112
117
123
127
122
123
123
121
119
116
120
123
127
127
126
123
104
110
115
120
123
125
125
123
120
115
109
103
68
71
80
91
106
124
110
97
87
80
75
72
43
43
44
45
49
107
57
47
47
47
49
49
40
40
41
37
50
127
77
34
40
41
42
43
43
43
43
38
76
127
120
41
41
43
43
43
43
43
42
39
107
127
127
61
40
43
43
43
45
43
40
47
127
127
127
100
39
43
43
42
45
43
40
68
127
127
127
127
50
42
43
43
43
41
39
99
127
127
127
127
82
40
45
44
43
41
39
125
127
127
127
127
115
39
45
46
94
92
89
88
87
89
90
94
98
102
108
112
99
96
93
92
91
92
94
98
102
106
112
116
107
103
100
98
97
98
100
104
108
113
118
122
116
113
109
106
106
106
108
112
116
121
126
127
127
124
120
116
116
116
117
121
125
127
127
127
127
127
127
127
127
127
127
127
127
127
127
126
105
113
120
127
127
127
127
127
127
119
110
102
68
71
79
92
110
127
115
99
87
78
75
72
42
43
43
43
47
51
48
45
45
45
47
47
38
38
38
37
36
31
34
37
37
39
40
40
40
40
40
40
37
30
35
40
39
40
40
40
40
40
40
40
37
31
33
40
40
40
40
40
41
41
40
40
33
32
32
37
41
41
40
40
41
40
40
39
33
32
32
33
40
41
40
40
40
39
40
37
32
32
32
32
37
40
41
41
40
39
40
35
32
32
32
32
36
40
40
41
127
127
127
127
127
127
127
127
127
127
127
127
127
127
127
127
127
127
127
127
127
127
127
127
127
127
127
127
127
127
127
127
127
127
127
127
127
127
127
127
127
127
127
127
127
127
127
127
127
127
127
127
127
127
127
127
127
127
127
127
127
127
127
127
127
127
127
127
127
127
127
127
105
120
127
127
127
127
127
127
127
127
111
99
65
69
78
96
122
127
127
103
86
77
74
72
43
43
43
43
47
54
49
45
46
46
47
47
39
39
39
37
35
30
33
37
38
40
40
40
40
40
41
41
37
30
35
41
40
40
40
40
41
41
40
41
37
31
33
40
41
41
40
41
42
42
40
40
34
32
32
37
42
42
40
40
42
41
41
40
33
32
32
34
40
42
41
41
41
40
41
37
32
32
32
33
38
41
42
43
40
40
40
35
32
32
32
32
37
40
42
43
