82
78
76
76
75
76
78
82
85
90
93
97
86
83
81
80
79
80
82
85
89
94
98
102
94
91
89
86
85
86
88
91
95
100
105
109
103
100
97
94
93
93
95
99
103
108
112
116
115
111
107
104
103
103
104
108
112
116
123
127
122
123
123
121
118
116
119
123
127
127
126
123
103
110
114
119
123
125
126
123
120
115
109
103
67
71
79
90
104
124
111
97
87
80
75
72
44
43
44
45
47
106
58
47
47
47
49
49
42
41
41
37
51
127
75
34
41
41
42
43
43
44
43
37
82
127
114
39
43
42
43
43
43
44
43
40
117
127
127
54
41
42
43
44
43
44
39
53
127
127
127
85
37
43
42
42
43
43
38
84
127
127
127
122
42
42
43
42
43
43
43
123
127
127
127
127
62
40
43
42
43
43
51
127
127
127
127
127
84
38
43
42
94
92
89
88
87
88
90
94
98
103
106
112
99
96
93
92
91
92
94
97
102
106
111
116
107
103
100
98
97
98
100
103
108
113
118
122
116
113
109
106
106
106
108
112
116
121
126
127
127
124
120
116
115
116
117
120
125
127
127
127
127
127
127
127
127
127
127
127
127
127
127
126
103
113
120
127
127
127
127
127
127
119
110
103
67
71
79
91
109
127
116
99
88
79
75
72
42
43
43
43
46
51
48
45
45
45
47
47
38
39
38
37
36
30
34
37
38
39
40
40
40
40
40
40
37
30
35
40
40
40
40
40
40
40
40
40
36
31
33
40
40
40
40
40
41
41
40
37
33
32
32
38
41
41
40
40
40
40
40
37
32
32
32
35
40
40
40
39
40
40
41
35
32
32
32
33
39
40
40
39
40
41
41
33
32
32
32
32
37
40
41
40
127
127
127
127
127
127
127
127
127
127
127
127
127
127
127
127
127
127
127
127
127
127
127
127
127
127
127
127
127
127
127
127
127
127
127
127
127
127
127
127
127
127
127
127
127
127
127
127
127
127
127
127
127
127
127
127
127
127
127
127
127
127
127
127
127
127
127
127
127
127
127
127
104
119
127
127
127
127
127
127
127
127
112
99
65
69
77
94
120
127
127
103
86
77
74
72
43
43
43
43
47
54
50
45
46
46
47
47
40
39
39
37
36
30
34
37
39
40
40
40
41
41
41
41
38
30
35
41
40
40
40
40
41
42
41
40
35
31
33
41
41
40
40
41
41
42
40
38
33
32
32
39
42
41
40
40
40
41
41
37
32
32
32
37
41
41
40
40
40
41
42
35
32
32
32
33
40
41
40
40
40
42
42
33
32
32
32
32
38
41
41
40
