82
78
76
75
75
76
78
81
85
89
94
98
87
83
81
79
78
79
82
84
88
93
98
102
95
91
88
85
85
85
88
90
94
99
104
108
103
100
96
94
92
93
96
98
102
107
112
116
116
112
107
104
102
103
104
107
111
116
122
126
121
123
123
121
119
116
118
123
126
127
127
123
103
108
113
118
123
124
127
123
120
116
110
103
67
71
78
88
100
122
116
99
89
81
76
73
43
44
44
44
45
104
63
47
47
47
49
49
40
41
40
33
70
127
56
37
40
41
42
43
43
43
40
47
123
127
64
40
43
42
43
43
44
43
38
84
127
127
75
40
43
42
43
44
43
39
53
127
127
127
86
39
44
43
42
43
40
40
108
127
127
127
99
38
44
43
42
42
40
72
127
127
127
127
113
37
43
44
42
42
42
116
127
127
127
127
122
38
42
44
43
43
94
91
88
86
87
88
89
93
97
102
106
111
99
96
93
91
91
92
93
97
101
106
110
115
107
103
100
98
97
98
99
103
107
112
117
121
116
113
109
106
106
106
107
111
115
120
125
127
127
124
120
116
115
116
117
120
124
127
127
127
127
127
127
127
127
127
127
127
127
127
127
126
103
111
119
127
127
127
127
127
127
120
110
103
67
71
77
89
105
124
120
102
89
80
75
73
42
42
42
43
45
50
50
45
46
46
47
48
38
38
37
37
34
31
37
37
38
39
40
40
40
40
40
40
35
30
38
40
40
40
40
39
40
41
40
37
33
32
39
41
40
40
40
40
40
40
40
34
32
32
37
41
41
40
40
40
40
38
35
32
32
32
37
41
41
40
40
39
40
37
33
32
32
32
36
41
40
41
40
40
40
35
32
32
32
32
36
40
40
41
40
41
127
127
127
127
127
127
127
127
127
127
127
127
127
127
127
127
127
127
127
127
127
127
127
127
127
127
127
127
127
127
127
127
127
127
127
127
127
127
127
127
127
127
127
127
127
127
127
127
127
127
127
127
127
127
127
127
127
127
127
127
127
127
127
127
127
127
127
127
127
127
127
127
103
116
127
127
127
127
127
127
127
127
113
100
65
68
76
91
113
127
127
108
89
78
74
72
43
43
43
43
45
51
52
46
45
46
47
47
39
40
38
38
33
30
36
37
38
40
40
40
41
42
41
40
35
30
39
41
40
40
40
40
42
42
41
37
33
32
40
42
40
40
41
41
41
40
40
34
32
32
37
42
42
40
40
41
40
39
36
32
32
32
37
42
42
41
40
40
40
37
33
32
32
32
37
41
41
42
40
40
41
35
32
32
32
32
36
40
40
42
40
42
