82
78
76
75
75
76
78
81
85
89
92
98
87
83
81
79
78
79
82
84
88
92
97
102
95
91
88
85
85
85
88
90
94
99
104
108
103
100
96
94
92
93
95
98
102
107
111
115
116
112
107
104
102
103
104
107
111
116
122
126
120
123
123
121
120
116
118
123
127
127
127
123
103
108
113
118
122
124
127
123
121
116
110
103
67
71
78
88
99
121
116
99
89
82
76
72
44
44
44
45
44
103
64
47
47
47
49
49
40
41
40
33
66
127
60
37
40
41
42
43
42
43
40
45
119
127
70
38
43
43
43
43
43
43
39
78
127
127
82
38
43
43
43
43
43
40
50
127
127
127
95
37
43
43
43
42
41
40
102
127
127
127
109
38
43
43
43
42
40
69
127
127
127
127
121
40
43
43
44
43
40
108
127
127
127
127
127
42
44
44
45
43
94
91
88
86
87
88
89
93
97
102
106
111
99
96
93
91
91
92
93
96
101
106
110
115
107
103
100
98
97
98
100
103
107
112
117
121
116
113
109
106
106
106
107
111
115
120
125
127
127
124
120
116
115
116
117
120
124
127
127
127
127
127
127
127
127
127
127
127
127
127
127
127
103
110
119
126
127
127
127
127
127
120
111
103
67
70
77
88
103
124
121
103
89
80
75
73
42
42
42
43
45
50
51
45
46
46
46
48
38
39
38
37
34
31
37
37
38
39
39
40
40
40
40
39
35
30
38
40
40
40
40
40
40
40
40
37
33
32
38
40
40
40
40
40
40
40
40
33
32
32
37
41
40
40
41
39
40
40
37
32
32
32
37
41
40
40
40
39
40
38
33
32
32
32
35
41
41
40
40
40
40
35
32
32
32
32
35
42
41
41
41
41
127
127
127
127
127
127
127
127
127
127
127
127
127
127
127
127
127
127
127
127
127
127
127
127
127
127
127
127
127
127
127
127
127
127
127
127
127
127
127
127
127
127
127
127
127
127
127
127
127
127
127
127
127
127
127
127
127
127
127
127
127
127
127
127
127
127
127
127
127
127
127
127
103
116
127
127
127
127
127
127
127
127
113
100
65
68
75
90
113
127
127
109
90
78
74
72
43
43
43
43
45
51
52
46
46
46
47
47
39
40
39
37
33
30
36
37
38
40
40
40
40
41
41
40
35
30
38
41
40
40
40
40
40
41
41
37
33
32
38
42
40
40
41
41
40
41
40
34
32
31
37
42
40
40
41
40
40
41
37
32
32
32
37
42
41
41
41
40
40
39
33
32
32
32
36
42
42
41
41
41
41
36
32
32
32
32
35
42
42
42
42
42
