82
78
76
75
75
76
78
81
85
89
92
98
87
83
81
79
78
79
82
84
88
92
97
102
95
91
88
85
85
85
88
90
94
99
104
108
103
100
96
94
92
93
95
98
102
106
111
115
116
112
107
104
102
103
104
107
111
116
122
126
120
123
123
121
120
116
118
123
127
127
127
123
103
108
113
118
122
124
127
123
121
116
110
103
67
71
78
88
99
120
116
99
89
82
76
72
43
44
44
45
43
103
65
47
47
47
49
49
41
41
41
33
64
127
61
37
40
41
42
43
43
43
41
44
116
127
72
38
43
43
43
43
43
43
39
77
127
127
85
38
43
43
43
43
43
40
47
127
127
127
98
39
44
43
42
42
42
40
99
127
127
127
111
39
44
43
42
43
40
68
127
127
127
127
124
40
44
44
43
43
40
106
127
127
127
127
127
42
43
44
43
43
94
91
88
86
87
88
89
93
97
102
106
111
99
96
93
91
91
92
93
96
101
106
110
115
107
103
100
98
97
98
100
103
107
112
117
121
116
113
109
106
106
106
107
111
115
120
124
127
127
124
120
116
115
116
117
120
124
127
127
127
126
127
127
127
127
127
127
127
127
127
127
127
103
110
119
126
127
127
127
127
127
120
111
103
66
70
77
88
103
123
122
103
89
80
75
73
42
42
42
43
45
50
51
45
46
46
46
48
38
38
38
37
34
31
37
37
38
38
39
40
40
40
40
40
35
30
38
40
40
40
40
40
40
40
40
37
33
32
38
41
40
40
40
40
41
40
39
34
32
32
37
41
41
41
39
40
40
40
36
32
32
32
36
40
40
41
39
40
40
40
33
32
32
32
35
40
40
41
40
40
41
37
32
32
32
32
34
40
42
41
41
40
127
127
127
127
127
127
127
127
127
127
127
127
127
127
127
127
127
127
127
127
127
127
127
127
127
127
127
127
127
127
127
127
127
127
127
127
127
127
127
127
127
127
127
127
127
127
127
127
127
127
127
127
127
127
127
127
127
127
127
127
127
127
127
127
127
127
127
127
127
127
127
127
103
116
127
127
127
127
127
127
127
127
113
101
65
68
75
89
112
127
127
110
90
78
74
72
43
43
43
43
45
51
52
46
46
46
47
47
39
39
39
38
34
30
36
37
38
40
40
40
40
40
41
40
36
30
38
40
40
40
40
40
41
40
41
38
33
32
38
41
40
41
40
41
41
40
40
34
32
31
37
43
42
42
40
40
41
41
37
32
32
32
37
42
41
42
40
40
41
40
33
32
32
32
35
41
41
42
40
40
41
37
32
32
32
32
35
41
42
42
41
41
