82
78
76
75
75
76
78
81
85
89
93
96
87
83
81
79
78
79
81
84
88
92
97
101
95
91
88
85
85
85
87
90
94
99
103
108
103
100
96
94
92
93
95
98
102
106
111
115
116
112
107
104
102
103
104
107
111
116
121
125
120
123
123
121
120
116
118
123
127
127
126
123
103
108
113
118
122
124
127
123
121
116
110
103
67
71
78
87
98
120
116
100
90
82
76
72
44
43
44
45
43
102
66
46
47
47
49
49
41
40
40
34
63
127
63
37
40
41
42
42
43
43
40
44
116
127
75
39
43
42
43
43
44
44
38
75
127
127
87
39
43
42
43
44
44
40
47
127
127
127
99
37
44
43
42
43
42
39
98
127
127
127
113
38
46
43
42
42
39
65
127
127
127
127
127
40
45
43
43
42
37
102
127
127
127
127
127
43
43
43
44
43
94
90
88
86
87
88
90
92
97
102
106
110
99
96
93
91
91
92
94
96
101
106
110
114
107
103
100
98
97
98
100
103
107
112
116
121
116
113
109
106
106
106
107
111
115
120
124
127
127
124
120
116
115
116
117
120
123
127
127
127
126
127
127
127
127
127
127
127
127
127
127
127
103
110
119
126
127
127
127
127
127
120
111
103
66
70
77
88
103
123
122
103
89
80
75
73
42
42
42
43
45
49
51
45
46
46
46
48
38
38
37
37
34
30
36
37
37
39
39
40
40
40
40
40
35
30
37
40
40
40
40
39
41
41
40
38
33
32
38
41
40
40
40
40
40
40
40
34
32
32
37
41
41
40
40
40
40
40
37
32
32
32
36
40
42
41
40
40
38
38
33
32
32
32
34
40
42
41
40
40
38
36
32
32
32
32
34
40
41
40
41
40
127
127
127
127
127
127
127
127
127
127
127
127
127
127
127
127
127
127
127
127
127
127
127
127
127
127
127
127
127
127
127
127
127
127
127
127
127
127
127
127
127
127
127
127
127
127
127
127
127
127
127
127
127
127
127
127
127
127
127
127
127
127
127
127
127
127
127
127
127
127
127
127
102
116
127
127
127
127
127
127
127
127
114
101
65
68
75
89
112
127
127
110
90
78
75
72
43
43
43
43
45
51
52
46
46
46
47
47
39
39
38
38
34
30
36
37
38
40
40
40
41
41
40
40
36
30
38
41
40
40
40
40
42
42
40
38
33
32
38
42
41
40
41
41
41
41
40
35
32
32
37
42
42
40
40
40
40
41
37
33
32
32
36
41
43
41
40
40
39
39
33
32
32
32
35
41
43
41
41
40
39
36
32
32
32
32
34
41
42
41
42
40
