82
78
76
75
75
76
77
81
85
89
93
96
87
83
81
79
78
79
81
84
88
92
97
101
95
91
88
85
85
85
87
90
94
99
103
108
103
100
96
94
92
93
95
98
102
106
111
115
116
112
107
104
102
103
104
107
111
116
121
125
120
123
123
121
120
116
118
123
127
127
126
123
103
108
113
118
122
124
127
123
121
116
110
103
67
71
78
87
98
120
117
100
90
82
76
72
44
43
44
45
43
102
67
46
47
47
49
49
42
41
40
34
62
127
64
36
40
41
42
43
43
44
41
43
114
127
76
38
43
43
43
43
44
44
38
75
127
127
89
39
43
42
43
44
44
40
43
127
127
127
102
38
44
42
41
43
43
39
95
127
127
127
116
37
43
43
42
43
41
64
127
127
127
127
127
40
42
43
42
43
40
101
127
127
127
127
127
43
41
43
41
42
94
91
88
86
87
88
90
92
97
102
106
110
99
96
93
91
91
92
94
96
101
106
110
114
107
103
100
98
97
98
100
103
107
112
116
121
116
113
109
106
106
106
107
111
115
120
124
127
127
124
120
116
115
116
117
120
123
127
127
127
126
127
127
127
127
127
127
127
127
127
127
127
103
110
119
126
127
127
127
127
127
120
111
103
66
70
76
88
103
123
122
103
89
80
75
73
42
42
42
43
44
49
51
45
46
46
46
48
38
39
37
37
35
30
36
37
37
39
39
40
40
40
40
40
36
30
37
40
40
40
40
39
40
40
40
38
33
32
37
41
40
40
40
40
41
40
38
34
32
32
36
41
40
40
39
40
40
40
36
32
32
32
35
40
40
40
40
40
40
39
33
32
32
32
35
40
40
40
40
40
40
37
32
32
32
32
34
40
40
40
39
39
127
127
127
127
127
127
127
127
127
127
127
127
127
127
127
127
127
127
127
127
127
127
127
127
127
127
127
127
127
127
127
127
127
127
127
127
127
127
127
127
127
127
127
127
127
127
127
127
127
127
127
127
127
127
127
127
127
127
127
127
127
127
127
127
127
127
127
127
127
127
127
127
102
116
127
127
127
127
127
127
127
127
114
101
65
68
75
89
111
127
127
110
90
78
75
72
43
43
43
43
45
50
52
46
46
46
47
47
40
40
38
38
34
30
36
37
38
40
40
40
41
42
41
40
36
30
38
41
40
40
40
40
41
42
41
38
33
32
38
42
40
40
40
42
42
40
39
34
32
32
37
42
41
40
40
40
41
40
37
32
32
32
36
41
41
41
40
40
41
40
33
32
32
32
36
41
41
41
40
40
41
37
32
32
32
32
35
41
41
40
39
40
