82
78
76
75
75
75
78
80
84
89
93
97
87
83
81
79
78
79
81
84
88
92
97
101
95
91
88
85
85
85
87
90
94
99
103
107
103
100
96
94
92
93
94
98
102
106
111
115
116
112
107
104
102
103
104
106
110
116
121
125
121
123
123
121
120
116
118
122
126
127
127
123
102
108
113
118
122
124
127
124
121
117
110
103
66
71
77
87
98
120
118
100
90
82
76
72
43
44
44
45
41
99
70
46
47
47
49
49
40
41
41
34
58
127
69
37
40
41
42
43
42
43
42
42
109
127
82
38
43
42
43
43
43
43
39
68
127
127
96
37
43
42
43
43
43
41
43
127
127
127
111
38
43
43
43
43
43
38
89
127
127
127
125
40
43
43
43
43
40
59
127
127
127
127
127
45
43
43
43
43
38
91
127
127
127
127
127
49
43
44
44
43
94
91
88
86
86
88
90
92
96
102
106
110
99
96
93
91
90
91
92
96
100
106
110
114
107
103
100
98
97
97
99
103
106
112
116
121
116
113
109
106
106
106
107
110
115
120
124
127
127
125
120
116
115
116
117
120
123
127
127
127
126
127
127
127
127
127
127
127
127
127
127
127
103
110
118
126
127
127
127
127
127
121
112
103
66
70
76
87
103
123
123
103
90
81
75
73
42
42
42
43
44
49
51
45
45
46
46
48
38
38
38
37
35
30
36
37
37
38
39
40
40
40
40
40
36
30
37
40
40
40
40
40
40
40
40
38
33
32
37
40
40
40
40
40
40
40
40
35
32
32
36
41
40
40
41
40
40
40
37
33
32
32
35
41
41
40
40
40
40
39
33
32
32
32
33
41
41
41
40
40
40
37
32
32
32
32
33
40
42
42
41
40
127
127
127
127
127
127
127
127
127
127
127
127
127
127
127
127
127
127
127
127
127
127
127
127
127
127
127
127
127
127
127
127
127
127
127
127
127
127
127
127
127
127
127
127
127
127
127
127
127
127
127
127
127
127
127
127
127
127
127
127
127
127
127
127
127
127
127
127
127
127
127
127
101
115
127
127
127
127
127
127
127
127
115
102
65
68
75
89
110
127
127
110
90
78
75
72
43
43
43
43
44
50
52
46
46
46
47
47
39
40
39
37
34
30
35
37
38
40
40
40
40
41
41
40
36
30
38
42
40
40
40
40
40
41
41
38
33
32
38
42
40
40
41
41
40
41
41
35
32
32
37
41
40
40
42
41
40
41
38
33
32
32
36
42
41
41
41
41
40
40
34
32
32
32
35
42
43
42
41
41
40
37
32
32
32
32
33
41
43
43
42
41
