82
78
76
75
75
75
78
80
84
89
93
97
87
83
81
79
78
79
81
84
88
92
97
101
95
91
88
85
85
85
87
90
94
99
103
107
103
100
96
94
92
93
94
98
102
106
111
115
116
112
107
104
102
103
104
106
110
116
121
125
120
123
123
121
120
116
118
122
126
127
127
123
101
108
113
118
122
124
127
124
121
117
111
104
66
71
77
87
97
119
119
101
91
82
77
74
43
44
44
46
42
98
72
46
48
47
49
49
41
41
41
35
56
127
72
36
40
41
42
43
43
43
42
41
105
127
86
37
42
43
43
43
43
43
40
65
127
127
101
37
43
43
43
43
43
41
40
126
127
127
116
39
43
43
43
43
42
37
83
127
127
127
127
42
43
43
44
42
40
56
127
127
127
127
127
48
43
45
44
42
39
85
127
127
127
127
127
54
42
45
43
42
94
91
88
86
86
88
90
92
96
102
106
110
99
96
93
91
90
91
92
96
100
106
110
114
107
103
100
99
96
97
99
103
106
112
116
120
116
113
109
107
105
106
108
110
115
120
124
127
127
125
120
117
114
116
117
120
123
127
127
127
125
127
127
127
127
127
127
127
127
127
127
127
102
110
118
125
127
127
127
127
127
121
112
103
66
70
76
87
102
123
123
104
90
81
75
73
42
42
42
43
44
49
51
45
45
46
46
48
38
38
38
37
35
30
36
37
37
38
39
40
40
40
41
40
36
30
37
40
39
40
40
40
40
40
41
38
33
32
37
40
40
40
40
40
40
40
40
35
32
32
36
41
40
40
40
40
40
40
37
33
32
32
35
41
41
41
40
39
40
39
34
32
32
32
33
40
41
40
41
39
41
38
33
32
32
32
33
40
40
40
41
39
127
127
127
127
127
127
127
127
127
127
127
127
127
127
127
127
127
127
127
127
127
127
127
127
127
127
127
127
127
127
127
127
127
127
127
127
127
127
127
127
127
127
127
127
127
127
127
127
127
127
127
127
127
127
127
127
127
127
127
127
127
127
127
127
127
127
127
127
127
127
127
127
101
115
127
127
127
127
127
127
127
127
116
103
65
68
74
88
110
127
127
111
91
78
75
72
43
43
43
43
45
50
53
46
46
46
47
47
39
40
39
37
35
30
35
37
38
40
40
40
40
41
42
40
37
30
37
41
40
40
40
40
41
40
42
39
33
32
37
41
40
40
41
41
41
41
40
35
32
32
36
42
41
41
40
40
40
41
38
33
32
32
35
42
42
42
41
40
41
40
35
32
32
32
33
41
42
42
42
40
42
38
33
32
32
32
33
40
42
41
42
40
