82
78
76
75
75
75
78
80
84
89
93
97
87
83
81
79
78
79
81
84
88
92
97
101
95
91
88
85
85
85
86
90
94
99
103
107
103
100
96
94
92
93
94
98
102
106
111
115
116
112
108
104
102
103
104
106
110
116
121
125
120
123
123
122
120
116
118
122
126
127
127
123
101
108
113
117
122
124
127
124
121
117
111
104
66
70
77
86
97
119
119
101
91
82
77
74
44
43
44
45
42
97
73
45
48
47
49
49
42
41
41
35
54
127
74
35
40
41
42
43
43
44
42
40
103
127
89
37
43
42
43
43
43
44
39
63
127
127
104
39
43
42
43
43
43
42
39
122
127
127
119
39
43
43
42
43
43
39
80
127
127
127
127
42
42
43
42
43
42
56
127
127
127
127
127
49
40
43
42
43
40
82
127
127
127
127
127
56
40
43
43
43
94
91
88
86
86
87
90
92
96
102
106
110
99
96
93
91
90
91
92
96
100
106
110
114
107
103
100
99
96
97
99
103
106
112
116
120
116
113
109
107
105
106
108
110
115
120
124
127
127
125
120
117
114
116
117
120
123
127
127
127
125
127
127
127
127
127
127
127
127
127
127
127
102
110
118
125
127
127
127
127
127
121
113
103
66
69
75
86
102
122
123
104
90
81
75
73
42
42
42
43
44
49
51
45
45
46
47
47
38
39
38
37
35
30
35
37
37
38
40
40
40
40
40
40
36
30
36
40
40
40
40
40
40
40
40
38
33
32
36
41
40
40
40
40
40
41
39
34
32
32
35
40
41
40
40
40
40
41
37
32
32
32
34
40
40
40
39
40
41
40
35
32
32
32
34
40
41
40
40
40
42
39
33
32
32
32
33
40
42
40
40
40
127
127
127
127
127
127
127
127
127
127
127
127
127
127
127
127
127
127
127
127
127
127
127
127
127
127
127
127
127
127
127
127
127
127
127
127
127
127
127
127
127
127
127
127
127
127
127
127
127
127
127
127
127
127
127
127
127
127
127
127
127
127
127
127
127
127
127
127
127
127
127
127
100
114
127
127
127
127
127
127
127
127
116
103
65
68
74
88
110
127
127
111
91
78
75
73
43
43
43
43
44
50
53
46
46
46
47
47
40
40
39
37
35
30
35
37
38
40
40
40
41
41
41
40
37
30
37
42
40
40
40
40
41
42
40
39
33
32
37
42
40
40
41
41
41
42
40
35
32
32
35
41
42
40
40
40
41
42
38
33
32
32
34
40
41
40
40
41
42
41
35
32
32
32
34
40
42
40
40
41
43
39
33
32
32
32
33
40
43
41
41
40
