82
78
76
75
75
75
78
80
84
89
93
97
87
83
81
79
78
79
81
84
88
92
97
101
95
91
88
85
85
85
86
90
94
99
103
107
103
100
96
94
92
93
94
98
102
106
111
115
116
112
108
104
102
103
104
106
110
116
121
125
120
123
123
122
120
116
118
122
126
127
127
123
101
108
113
117
122
123
127
124
121
117
111
104
66
70
77
86
97
118
119
101
91
82
77
73
43
43
44
45
41
96
74
45
48
47
49
49
41
40
41
35
54
127
76
35
40
41
42
43
43
43
42
40
103
127
92
37
42
43
43
43
43
43
39
63
127
127
106
37
43
43
43
43
43
41
39
120
127
127
121
40
43
43
42
42
43
38
78
127
127
127
127
43
43
44
42
42
40
54
127
127
127
127
127
51
42
44
43
43
38
80
127
127
127
127
127
58
40
45
43
43
94
91
88
86
86
87
90
92
96
102
106
110
99
96
93
91
90
91
92
96
100
106
110
114
107
103
100
99
96
97
99
103
106
112
116
120
116
113
109
107
105
106
108
110
115
120
124
127
127
125
120
117
114
116
117
120
123
127
127
127
125
127
127
127
127
127
127
127
127
127
127
127
102
110
118
125
127
127
127
127
127
121
112
104
66
69
75
86
102
122
123
104
90
81
75
73
42
42
42
43
44
49
51
45
45
46
47
47
38
38
38
37
35
30
35
37
37
38
40
40
40
40
40
40
36
30
36
40
40
40
40
40
40
40
40
39
33
32
37
40
40
40
40
40
41
40
40
35
32
32
35
41
40
41
40
40
40
41
37
33
32
32
34
40
40
40
40
39
40
40
34
32
32
32
33
40
40
40
40
40
41
39
33
32
32
32
33
40
41
41
40
41
127
127
127
127
127
127
127
127
127
127
127
127
127
127
127
127
127
127
127
127
127
127
127
127
127
127
127
127
127
127
127
127
127
127
127
127
127
127
127
127
127
127
127
127
127
127
127
127
127
127
127
127
127
127
127
127
127
127
127
127
127
127
127
127
127
127
127
127
127
127
127
127
101
114
127
127
127
127
127
127
127
127
116
103
66
68
74
88
110
127
127
112
91
78
75
73
43
43
43
43
44
50
53
46
46
46
47
47
39
39
39
38
35
30
35
37
38
40
40
40
40
40
41
41
37
30
37
41
40
40
40
40
41
40
41
39
33
32
37
41
40
41
41
41
42
41
40
35
32
32
36
42
41
42
40
40
41
42
38
33
32
32
34
41
42
42
40
40
40
41
35
32
32
32
33
40
42
42
40
40
41
39
33
32
32
32
33
40
41
42
41
42
