82
78
76
75
75
75
78
80
84
89
93
97
87
83
81
79
78
78
81
84
88
92
97
101
95
91
88
85
85
85
86
90
94
99
103
107
103
100
96
94
92
93
94
98
102
106
111
115
116
112
108
104
102
103
104
106
110
116
121
125
120
123
123
122
120
116
117
122
126
127
127
123
101
107
113
117
122
123
127
124
121
117
111
104
66
70
77
86
97
118
120
101
91
83
77
73
44
43
44
45
40
94
76
45
48
48
49
49
41
40
40
36
50
127
82
34
40
41
42
42
43
43
42
40
96
127
99
37
43
43
43
43
44
44
39
57
127
127
116
39
43
43
43
44
44
43
37
110
127
127
127
43
43
43
42
43
43
37
69
127
127
127
127
49
43
44
42
41
40
47
120
127
127
127
127
60
41
46
43
42
37
65
127
127
127
127
127
70
40
46
43
43
94
90
88
86
86
87
90
92
96
102
106
110
99
96
93
91
90
91
92
96
100
106
110
114
107
103
100
99
96
97
99
103
106
112
116
120
116
113
109
107
105
106
108
110
114
120
124
127
127
125
121
117
114
116
117
120
123
127
127
127
125
127
127
127
127
127
127
127
127
127
127
127
101
110
118
125
127
127
127
127
127
121
113
105
66
69
75
86
101
122
124
105
91
81
76
74
42
42
42
43
43
49
51
46
45
46
47
47
38
38
37
37
35
30
34
37
37
38
40
40
40
40
40
40
36
30
35
40
40
40
40
40
41
41
40
40
33
32
36
41
40
40
40
41
40
40
40
37
32
32
34
40
41
40
40
40
40
40
39
33
32
32
33
40
41
41
40
39
39
39
35
32
32
32
33
39
42
42
40
40
39
37
33
32
32
32
33
39
43
43
40
41
127
127
127
127
127
127
127
127
127
127
127
127
127
127
127
127
127
127
127
127
127
127
127
127
127
127
127
127
127
127
127
127
127
127
127
127
127
127
127
127
127
127
127
127
127
127
127
127
127
127
127
127
127
127
127
127
127
127
127
127
127
127
127
127
127
127
127
127
127
127
127
127
100
113
127
127
127
127
127
127
127
127
116
103
65
68
74
87
109
127
127
113
92
79
75
73
43
43
43
43
44
50
54
46
46
46
47
47
39
39
38
38
35
30
35
37
38
40
40
40
41
41
40
41
37
30
36
41
40
40
40
40
42
42
40
40
34
31
36
42
41
40
40
42
42
40
40
37
32
32
34
41
42
41
40
40
40
40
39
33
32
32
33
40
42
42
40
40
40
40
35
32
32
32
33
39
43
43
40
40
40
38
33
32
32
32
32
39
43
43
41
41
