82
78
76
75
75
75
78
80
84
89
93
97
87
83
81
79
78
78
80
84
88
92
97
101
95
91
88
85
85
85
86
90
94
99
103
107
103
100
96
94
92
93
95
97
102
106
111
115
116
112
108
104
102
103
104
106
110
115
121
125
120
123
123
122
120
116
117
122
126
127
127
123
101
107
113
117
121
123
127
124
122
117
111
104
66
70
76
86
96
116
120
101
92
83
77
73
43
43
44
45
40
92
79
45
48
48
49
49
41
40
41
37
47
127
87
35
40
41
42
43
43
43
43
38
89
127
107
37
43
43
43
43
43
43
40
53
127
127
125
40
42
43
43
43
44
42
36
99
127
127
127
47
42
43
43
42
43
39
58
127
127
127
127
58
40
44
43
41
42
45
107
127
127
127
127
72
39
45
44
42
41
57
127
127
127
127
127
84
37
44
45
43
94
91
88
86
86
88
89
92
96
102
106
110
99
96
93
91
90
91
92
96
100
106
110
114
107
103
100
99
96
97
99
103
106
112
116
120
116
113
109
107
105
106
108
110
114
120
124
127
127
126
121
117
114
116
117
120
123
127
127
127
125
127
127
127
127
127
127
127
127
127
127
127
101
109
117
124
127
127
127
127
127
122
113
104
65
69
75
86
101
121
123
105
91
82
76
73
42
42
42
43
44
49
51
46
45
46
47
47
38
38
38
37
36
31
35
37
37
38
40
40
40
40
40
40
37
30
35
40
39
40
40
40
40
40
40
40
34
31
35
40
40
40
40
40
41
40
40
37
32
32
33
40
40
40
40
40
40
40
39
33
32
32
33
40
40
40
40
38
40
40
37
32
32
32
33
39
40
40
40
39
41
40
33
32
32
32
33
38
41
40
41
41
127
127
127
127
127
127
127
127
127
127
127
127
127
127
127
127
127
127
127
127
127
127
127
127
127
127
127
127
127
127
127
127
127
127
127
127
127
127
127
127
127
127
127
127
127
127
127
127
127
127
127
127
127
127
127
127
127
127
127
127
127
127
127
127
127
127
127
127
127
127
127
127
99
113
127
127
127
127
127
127
127
127
117
103
64
68
73
87
108
127
127
113
92
79
75
73
43
43
43
43
44
50
54
46
46
46
47
47
39
39
39
38
36
30
34
37
37
40
40
40
40
40
41
41
37
31
35
41
40
40
40
40
41
40
41
41
33
31
35
41
40
40
40
41
42
40
41
37
32
32
34
41
41
41
40
40
41
41
40
33
32
32
33
40
42
42
41
39
41
41
36
32
32
32
33
39
42
42
42
40
42
41
33
32
32
32
33
38
42
41
43
42
