82
78
76
75
75
75
78
80
84
89
93
97
87
83
81
79
78
78
80
84
88
92
97
101
95
91
88
85
85
85
86
90
94
99
103
107
103
100
96
94
92
93
95
97
102
106
111
115
116
112
108
104
102
103
104
106
110
115
121
125
120
123
123
122
120
116
117
122
126
127
127
123
101
107
113
117
121
123
127
124
122
117
111
104
66
70
76
86
96
116
120
101
92
83
77
73
44
44
44
45
40
91
81
44
48
48
49
49
40
41
41
37
46
127
89
34
40
41
42
43
42
44
43
38
87
127
111
38
43
42
43
43
43
44
40
50
127
127
127
42
43
42
43
43
43
43
37
94
127
127
127
48
40
43
42
43
43
40
56
127
127
127
127
61
39
43
43
44
42
43
102
127
127
127
127
78
39
43
43
43
41
50
127
127
127
127
127
92
40
45
43
43
94
90
88
86
86
88
89
92
96
102
106
110
99
96
93
91
90
91
92
96
100
106
110
114
107
103
100
99
96
97
99
103
106
112
116
120
116
113
109
107
105
106
108
110
114
120
124
127
127
126
121
117
114
116
116
120
123
127
127
127
125
127
127
127
127
127
127
127
127
127
127
127
101
109
117
124
127
127
127
127
127
122
113
105
65
69
75
86
100
121
124
105
92
82
76
73
42
42
42
43
44
49
51
46
45
46
47
47
38
39
38
37
36
31
35
37
37
38
40
40
40
40
40
40
37
30
35
41
40
40
40
40
40
41
40
40
34
31
35
41
40
40
40
40
40
40
40
37
32
32
33
40
40
40
40
40
40
41
40
33
32
32
33
39
41
40
40
40
40
40
37
32
32
32
33
39
41
41
40
40
40
39
33
32
32
32
32
38
41
42
40
40
127
127
127
127
127
127
127
127
127
127
127
127
127
127
127
127
127
127
127
127
127
127
127
127
127
127
127
127
127
127
127
127
127
127
127
127
127
127
127
127
127
127
127
127
127
127
127
127
127
127
127
127
127
127
127
127
127
127
127
127
127
127
127
127
127
127
127
127
127
127
127
127
99
113
127
127
127
127
127
127
127
127
117
103
64
68
73
86
108
127
127
113
92
79
75
73
43
43
43
43
44
50
54
46
46
46
47
47
39
40
39
38
36
30
34
37
38
40
40
40
40
41
41
41
37
30
35
42
40
40
40
40
40
42
41
40
33
31
35
42
41
40
41
41
40
41
41
37
32
32
33
40
41
40
40
41
40
42
40
33
32
32
33
40
42
41
40
42
40
41
37
32
32
32
33
39
42
42
40
42
41
40
33
32
32
32
32
39
43
43
41
41
