82
78
76
75
75
75
78
80
84
89
93
97
87
83
81
79
78
78
80
84
88
92
97
101
95
91
88
85
85
85
86
90
94
99
103
107
103
100
96
94
92
93
95
97
102
106
111
115
116
112
108
104
102
103
104
106
110
115
121
125
120
123
123
122
120
116
117
122
126
127
127
123
101
107
113
117
121
123
127
124
122
117
111
104
66
70
76
86
96
116
120
101
92
83
77
73
43
44
44
45
40
90
81
44
48
48
49
49
41
42
41
37
45
127
90
34
40
41
42
43
43
43
43
38
85
127
112
38
43
43
43
43
43
43
40
50
127
127
127
41
42
43
43
43
43
43
36
93
127
127
127
50
41
43
43
42
43
39
54
127
127
127
127
64
40
43
43
42
42
42
99
127
127
127
127
80
39
44
44
43
40
50
127
127
127
127
127
92
39
45
45
43
94
90
88
86
86
88
89
92
96
102
106
110
99
96
93
91
90
91
92
96
100
106
110
114
107
103
100
99
96
97
99
103
106
112
116
120
116
113
109
107
105
106
108
110
114
120
124
127
127
126
121
117
114
116
116
120
123
127
127
127
125
127
127
127
127
127
127
127
127
127
127
127
101
109
117
124
127
127
127
127
127
122
113
105
65
69
75
86
100
121
124
105
92
82
76
73
42
42
42
43
43
49
51
46
45
46
47
47
38
38
38
37
35
31
35
37
37
38
40
40
40
40
40
40
37
31
35
40
40
40
40
40
40
40
40
40
34
31
35
40
40
40
40
40
40
40
40
37
32
32
33
40
40
40
40
40
40
40
39
33
32
32
33
40
41
40
40
40
40
40
36
32
32
32
33
39
42
41
40
40
40
39
33
32
32
32
32
37
41
41
40
41
127
127
127
127
127
127
127
127
127
127
127
127
127
127
127
127
127
127
127
127
127
127
127
127
127
127
127
127
127
127
127
127
127
127
127
127
127
127
127
127
127
127
127
127
127
127
127
127
127
127
127
127
127
127
127
127
127
127
127
127
127
127
127
127
127
127
127
127
127
127
127
127
99
113
127
127
127
127
127
127
127
127
117
103
64
68
73
86
107
127
127
113
92
79
75
73
43
43
43
43
45
50
54
46
45
45
47
47
39
39
39
38
36
30
34
37
38
39
40
40
40
40
41
41
37
31
35
41
40
40
40
40
41
40
41
40
33
31
35
41
40
40
41
41
41
40
41
37
32
32
33
41
41
40
41
40
41
40
40
33
32
32
33
40
42
41
41
41
41
40
36
32
32
32
32
39
43
42
42
41
40
40
33
32
32
32
32
38
42
42
43
42
