82
78
76
75
75
75
78
80
84
89
93
97
87
83
81
79
78
78
81
84
88
92
97
101
95
91
88
85
85
85
86
90
94
99
103
107
103
100
96
94
92
92
94
97
101
106
111
115
117
112
108
104
102
103
104
106
110
115
121
125
120
123
123
122
120
116
117
122
126
127
127
124
100
107
113
117
121
123
127
125
122
117
111
105
65
70
76
85
96
116
120
102
92
83
77
73
44
43
44
45
41
88
83
45
48
48
49
49
41
40
40
38
43
127
96
33
40
41
42
43
43
43
43
38
79
127
120
38
42
43
42
43
44
44
40
45
127
127
127
46
42
43
42
43
44
43
36
81
127
127
127
57
40
43
42
43
43
41
46
127
127
127
127
74
39
45
43
42
41
40
85
127
127
127
127
94
38
46
43
43
40
41
127
127
127
127
127
110
39
46
44
43
94
90
88
86
86
87
89
92
96
100
106
110
99
96
93
91
90
91
92
96
100
105
110
114
107
103
100
99
96
97
99
103
106
112
116
120
116
113
109
107
105
106
108
110
114
120
124
127
127
126
121
117
114
115
116
120
123
127
127
127
124
127
127
127
127
127
127
127
127
127
127
127
100
108
116
124
127
127
127
127
127
122
113
105
65
68
75
86
100
120
124
105
92
82
76
73
42
42
42
43
43
49
51
46
45
46
47
47
38
38
37
37
35
31
34
37
37
38
40
40
40
40
40
40
37
31
34
40
40
40
40
40
41
41
40
40
34
31
34
40
40
40
40
40
40
40
40
38
32
32
33
40
41
40
40
40
40
40
40
34
32
32
33
39
40
41
40
39
40
40
38
32
32
32
33
37
40
41
41
40
39
39
35
32
32
32
32
36
40
42
42
41
127
127
127
127
127
127
127
127
127
127
127
127
127
127
127
127
127
127
127
127
127
127
127
127
127
127
127
127
127
127
127
127
127
127
127
127
127
127
127
127
127
127
127
127
127
127
127
127
127
127
127
127
127
127
127
127
127
127
127
127
127
127
127
127
127
127
127
127
127
127
127
127
99
113
127
127
127
127
127
127
127
127
117
103
64
68
73
86
107
127
127
114
93
80
75
73
43
43
43
43
45
50
54
47
45
45
47
47
39
39
38
38
37
30
33
37
37
39
40
40
41
41
40
41
38
31
34
41
40
40
40
40
42
42
40
40
34
31
34
41
41
41
40
41
42
41
41
38
32
32
33
40
42
42
40
41
41
40
40
34
32
32
33
39
42
43
41
40
40
40
38
32
32
32
33
37
42
43
42
40
40
40
35
32
32
32
32
36
41
43
43
41
