96
92
88
83
80
77
75
75
75
76
78
82
100
96
92
87
83
80
78
78
79
81
83
87
106
103
98
93
89
86
85
84
85
88
91
95
114
110
106
101
97
94
92
92
94
96
100
104
124
120
115
110
106
103
103
102
104
108
113
118
125
127
127
125
121
117
117
120
122
123
122
120
106
113
119
123
126
126
124
120
116
112
106
99
75
78
85
94
104
123
112
95
84
75
68
64
48
48
47
47
45
101
68
43
45
44
43
43
42
42
40
39
40
127
99
34
40
41
40
41
42
43
43
40
57
127
127
50
41
43
43
43
43
43
43
38
82
127
127
82
38
43
43
43
43
43
42
40
110
127
127
127
43
41
44
43
44
43
41
48
127
127
127
127
71
39
45
43
43
43
40
66
127
127
127
127
116
43
44
43
43
43
39
83
127
127
127
127
127
52
43
45
110
106
101
96
92
89
87
86
87
88
91
94
113
110
105
99
96
92
91
90
91
92
96
99
120
116
111
106
102
99
97
96
98
100
104
107
127
123
119
114
110
106
105
105
107
110
113
116
127
127
127
123
119
116
115
114
117
121
126
127
127
127
127
127
127
127
127
127
127
127
127
123
106
116
123
127
127
127
127
127
123
115
106
98
74
78
84
94
110
127
116
96
83
73
68
64
47
46
45
45
47
51
47
43
43
42
42
42
39
39
38
37
36
32
33
37
37
37
38
38
39
40
40
40
39
31
33
40
40
40
40
40
40
40
40
41
38
32
32
37
40
40
40
40
41
40
40
40
35
32
32
35
40
40
41
40
40
40
41
40
34
32
32
33
38
41
41
40
40
40
41
39
33
32
32
32
35
41
41
40
40
40
40
37
32
32
32
32
33
40
41
41
127
127
127
127
127
127
127
127
127
127
127
127
127
127
127
127
127
127
127
127
127
127
127
127
127
127
127
127
127
127
127
127
127
127
127
127
127
127
127
127
127
127
127
127
127
127
127
127
127
127
127
127
127
127
127
127
127
127
127
127
127
127
127
127
127
127
127
127
127
127
127
127
106
121
127
127
127
127
127
127
127
126
110
96
73
75
82
97
120
127
127
102
83
71
67
64
47
47
46
45
47
54
50
43
43
42
42
43
40
40
39
37
37
31
33
37
38
39
39
39
40
40
40
41
40
31
33
41
41
41
40
40
40
40
41
42
39
33
33
38
41
41
41
41
42
40
41
42
36
31
32
35
41
42
42
41
42
41
41
41
34
32
32
33
38
42
43
41
42
41
41
40
33
32
32
32
35
42
43
42
41
41
41
38
32
32
32
32
33
41
43
43
