82
78
76
75
75
75
78
80
84
89
93
97
87
83
81
79
78
78
81
83
87
92
97
101
95
91
88
85
85
85
86
89
93
99
103
107
103
100
96
94
92
92
94
97
101
106
111
115
117
112
108
104
102
103
104
106
110
115
121
125
120
123
123
122
120
116
117
122
126
127
127
124
100
107
113
117
121
123
127
125
122
117
112
105
65
70
76
85
96
116
120
102
92
83
77
74
43
44
44
45
41
85
85
44
48
48
49
49
41
41
41
38
41
127
101
34
40
41
42
43
43
43
43
38
75
127
126
40
42
42
43
43
43
43
41
44
123
127
127
47
41
42
43
43
43
43
37
75
127
127
127
63
39
43
43
43
43
41
43
127
127
127
127
82
38
43
43
43
43
40
77
127
127
127
127
104
40
44
44
43
42
40
118
127
127
127
127
120
43
43
45
44
94
90
88
86
86
87
89
92
96
101
106
110
99
96
93
91
90
91
92
96
100
105
110
114
107
103
100
99
96
97
99
103
106
111
116
120
116
113
109
107
105
106
107
110
114
120
124
127
127
126
121
117
114
115
116
120
123
127
127
127
124
127
127
127
127
127
127
127
127
127
127
127
100
108
116
124
127
127
127
127
127
123
114
105
65
68
75
85
99
120
125
106
92
82
76
73
42
42
42
43
43
49
51
46
45
46
47
47
38
38
38
37
36
31
33
37
37
38
40
40
40
40
40
40
38
31
33
40
40
40
40
40
40
40
40
40
34
32
33
40
40
40
40
40
40
40
40
37
32
32
33
40
40
40
40
40
40
40
40
35
32
32
32
39
41
40
41
40
40
40
37
33
32
32
32
37
41
41
41
40
40
40
35
32
32
32
31
36
41
40
40
41
127
127
127
127
127
127
127
127
127
127
127
127
127
127
127
127
127
127
127
127
127
127
127
127
127
127
127
127
127
127
127
127
127
127
127
127
127
127
127
127
127
127
127
127
127
127
127
127
127
127
127
127
127
127
127
127
127
127
127
127
127
127
127
127
127
127
127
127
127
127
127
127
99
113
127
127
127
127
127
127
127
127
118
104
65
68
72
86
106
127
127
114
93
80
75
73
43
43
43
43
45
50
54
47
45
45
47
47
39
39
39
38
36
30
33
37
37
39
40
40
40
40
41
41
37
31
34
41
40
40
40
40
41
40
41
40
34
32
34
40
40
40
41
41
41
40
41
39
32
32
33
40
42
40
41
41
41
40
40
35
32
32
32
39
43
41
41
41
41
40
38
33
32
32
32
37
43
42
42
41
40
40
36
32
32
32
31
36
42
42
43
42
