98
94
89
85
81
78
76
75
76
77
80
82
102
98
93
88
84
82
79
79
80
82
85
87
108
104
99
94
90
87
85
85
86
89
92
95
116
112
107
102
98
95
93
93
94
96
100
103
125
121
116
111
107
105
103
103
103
108
112
116
123
127
127
127
123
118
117
120
121
123
123
120
104
111
117
121
125
127
123
123
117
113
107
101
73
77
82
90
101
120
113
98
86
77
70
66
49
49
47
47
45
81
88
41
45
44
43
43
43
42
40
41
34
103
124
39
39
41
40
41
43
42
43
41
45
127
127
64
39
43
43
43
42
43
44
39
67
127
127
99
38
43
43
43
43
44
43
37
98
127
127
127
49
42
43
43
44
45
43
46
127
127
127
127
76
40
45
43
44
44
43
67
127
127
127
127
117
43
44
44
44
43
40
87
127
127
127
127
127
50
43
44
111
106
102
97
93
89
88
87
88
89
91
94
115
110
106
101
97
93
92
91
92
94
97
99
121
117
112
107
103
100
98
97
99
101
105
107
127
125
120
115
111
109
106
106
107
110
113
116
127
127
127
124
120
117
116
115
118
121
126
127
127
127
127
127
127
127
127
127
127
127
127
125
104
113
121
127
127
127
127
127
126
118
110
101
74
76
81
90
105
125
116
103
87
75
69
66
47
47
46
45
46
52
47
44
43
42
41
42
40
39
38
37
37
34
31
37
37
38
38
38
39
39
40
40
40
33
32
39
40
40
40
40
39
40
40
41
40
33
32
37
40
40
40
40
40
41
40
40
37
32
32
33
40
41
40
40
40
40
40
40
34
32
32
32
38
41
40
40
40
40
40
40
33
32
32
32
35
41
40
41
41
40
41
38
32
32
32
32
33
40
41
42
127
127
127
127
127
127
127
127
127
127
127
127
127
127
127
127
127
127
127
127
127
127
127
127
127
127
127
127
127
127
127
127
127
127
127
127
127
127
127
127
127
127
127
127
127
127
127
127
127
127
127
127
127
127
127
127
127
127
127
127
127
127
127
127
127
127
127
127
127
127
127
127
103
116
127
127
127
127
127
127
127
127
114
99
73
75
78
91
113
127
127
110
89
74
67
64
47
47
46
45
47
54
47
44
43
43
42
42
40
40
40
38
37
33
30
37
38
39
39
40
40
40
40
41
41
33
32
40
41
41
40
41
40
41
41
42
40
33
32
37
41
41
41
41
41
42
41
41
37
32
32
34
41
42
41
41
42
42
42
41
35
32
32
33
39
42
41
42
42
41
43
40
33
32
32
32
36
42
41
42
42
40
42
40
32
32
32
32
33
41
42
43
