82
78
76
75
75
75
78
80
84
89
93
97
87
83
81
79
78
78
81
83
87
92
97
101
95
91
88
85
85
85
86
89
93
99
103
107
103
100
96
94
92
92
94
97
101
106
111
115
117
113
108
104
102
103
104
106
110
115
120
124
120
123
123
122
120
116
117
122
126
127
127
124
100
106
112
116
121
124
126
125
122
118
112
106
65
69
75
85
96
115
121
103
92
84
77
74
44
44
44
45
41
78
91
44
48
48
49
49
41
41
40
40
37
116
115
35
40
41
42
43
43
43
43
39
61
127
127
47
40
43
42
43
44
44
43
37
101
127
127
64
40
43
42
44
44
43
40
53
127
127
127
89
38
44
43
42
43
42
36
92
127
127
127
116
41
44
43
42
43
40
48
127
127
127
127
127
50
43
43
43
43
38
68
127
127
127
127
127
61
40
43
44
94
90
88
87
86
87
89
92
96
101
105
110
99
96
93
91
90
91
92
96
100
105
110
114
107
103
100
98
96
97
99
103
106
111
116
120
116
113
109
107
105
106
107
110
114
120
124
127
127
126
121
117
114
115
116
120
123
127
127
127
123
127
127
127
127
127
127
127
127
127
127
127
99
108
116
124
127
127
127
127
127
123
114
106
65
68
74
85
99
120
125
106
92
83
77
74
42
42
42
43
43
49
50
47
45
46
47
47
38
38
37
37
37
32
33
37
37
38
40
40
40
40
40
40
39
32
33
40
40
40
40
40
40
41
40
40
36
32
33
40
41
40
40
40
41
40
40
39
33
32
32
37
41
41
40
40
40
40
40
37
33
32
32
36
40
42
40
40
40
39
37
34
32
32
32
34
40
42
40
40
40
39
36
32
32
32
32
33
39
41
40
40
127
127
127
127
127
127
127
127
127
127
127
127
127
127
127
127
127
127
127
127
127
127
127
127
127
127
127
127
127
127
127
127
127
127
127
127
127
127
127
127
127
127
127
127
127
127
127
127
127
127
127
127
127
127
127
127
127
127
127
127
127
127
127
127
127
127
127
127
127
127
127
127
99
111
127
127
127
127
127
127
127
127
119
105
65
68
72
85
105
127
127
116
94
81
75
74
43
43
43
43
44
51
53
47
45
45
47
48
40
39
38
37
37
31
32
37
37
39
40
40
41
41
40
40
40
32
33
40
40
40
40
40
41
42
41
40
37
32
33
40
42
40
40
41
42
41
41
40
33
32
32
38
42
42
40
40
41
40
40
37
32
32
32
36
42
43
41
40
41
40
38
34
32
32
32
34
40
43
41
40
40
40
37
32
32
32
32
33
39
42
40
41
