82
78
76
75
75
75
78
80
84
89
93
97
87
83
81
79
78
78
81
83
87
92
97
101
95
91
88
85
85
85
86
89
93
99
103
107
103
100
96
94
92
92
94
97
101
106
111
115
117
113
108
104
102
103
104
106
110
115
120
124
120
123
123
122
120
116
117
122
126
127
127
124
100
106
112
116
121
124
126
125
122
118
112
106
65
69
75
85
96
115
121
103
92
84
77
74
44
44
44
45
42
78
93
44
48
48
49
49
41
41
40
40
35
112
118
36
40
41
42
43
43
43
43
40
57
127
127
50
40
43
43
43
44
44
43
37
95
127
127
71
38
43
43
43
44
44
40
47
127
127
127
99
38
43
43
43
43
43
37
81
127
127
127
127
43
43
44
43
43
40
44
126
127
127
127
127
58
41
46
43
43
39
57
127
127
127
127
127
73
40
47
43
94
90
88
87
86
87
89
92
96
101
105
110
99
96
93
91
90
91
92
96
100
105
110
114
107
103
100
98
96
97
99
103
106
111
116
120
116
113
109
107
105
106
107
110
114
120
124
127
127
126
121
117
114
115
116
120
123
127
127
127
123
127
127
127
127
127
127
127
127
127
127
127
99
108
116
124
127
127
127
127
127
123
115
106
65
68
74
85
99
120
125
106
92
83
77
74
42
42
42
43
43
49
50
47
45
46
47
47
38
38
37
37
37
32
32
37
37
38
40
40
40
40
40
40
39
32
32
40
40
40
40
40
40
41
40
40
37
32
33
39
41
40
40
40
40
41
40
40
33
32
32
37
41
40
40
40
40
40
40
38
32
32
32
35
40
40
40
40
40
39
40
35
32
32
32
33
39
40
42
40
40
39
39
33
32
32
32
33
38
40
42
40
127
127
127
127
127
127
127
127
127
127
127
127
127
127
127
127
127
127
127
127
127
127
127
127
127
127
127
127
127
127
127
127
127
127
127
127
127
127
127
127
127
127
127
127
127
127
127
127
127
127
127
127
127
127
127
127
127
127
127
127
127
127
127
127
127
127
127
127
127
127
127
127
99
111
127
127
127
127
127
127
127
127
120
105
65
68
71
85
105
127
127
116
95
81
75
74
43
43
43
43
44
50
52
47
45
45
47
48
39
39
38
38
37
32
31
37
37
39
40
40
41
41
40
41
40
33
32
40
40
40
40
40
42
42
41
40
37
32
33
40
42
41
40
40
41
42
40
40
33
32
32
37
42
42
40
40
41
40
41
38
32
32
31
35
41
42
41
40
41
40
40
35
32
32
31
33
40
42
43
40
40
40
40
33
32
32
32
33
39
41
43
41
