82
78
76
75
75
75
78
80
84
89
93
97
87
83
81
79
78
78
81
83
87
92
97
101
95
91
88
85
85
85
86
89
93
99
103
107
103
100
96
94
92
92
94
97
101
106
111
115
117
113
108
104
102
103
104
106
110
115
120
124
120
123
123
122
120
116
117
122
126
127
127
124
100
106
112
116
121
124
126
125
122
118
112
106
65
69
75
85
96
116
120
103
92
84
77
74
43
44
44
45
43
78
93
43
48
48
49
48
40
42
41
40
35
110
120
36
40
40
42
42
42
43
44
40
55
127
127
50
40
42
42
43
43
43
44
37
90
127
127
74
39
43
42
43
43
43
41
45
127
127
127
103
37
43
42
42
42
43
39
75
127
127
127
127
44
41
42
42
42
42
44
120
127
127
127
127
63
40
43
43
43
41
53
127
127
127
127
127
81
40
44
43
94
90
88
87
86
87
89
92
96
101
105
110
99
96
93
91
90
91
92
96
100
105
110
114
107
103
100
98
96
97
99
103
106
111
116
120
116
113
109
107
105
106
107
110
114
120
124
127
127
126
121
117
114
115
116
120
123
127
127
127
123
127
127
127
127
127
127
127
127
127
127
127
99
108
116
124
127
127
127
127
127
123
115
106
65
68
74
85
99
120
125
106
92
82
77
74
42
42
42
43
43
50
50
46
45
46
47
47
38
38
38
37
37
33
32
37
37
38
40
40
40
40
40
40
39
33
32
40
40
40
40
40
40
40
40
40
37
32
33
39
41
40
40
40
40
40
40
40
33
32
32
36
40
41
40
40
40
40
41
38
32
32
32
35
40
40
40
40
40
40
40
36
32
32
32
33
40
41
40
40
40
40
39
33
32
32
32
32
39
42
41
41
127
127
127
127
127
127
127
127
127
127
127
127
127
127
127
127
127
127
127
127
127
127
127
127
127
127
127
127
127
127
127
127
127
127
127
127
127
127
127
127
127
127
127
127
127
127
127
127
127
127
127
127
127
127
127
127
127
127
127
127
127
127
127
127
127
127
127
127
127
127
127
127
99
111
127
127
127
127
127
127
127
127
120
106
65
68
71
85
105
127
127
116
95
81
75
74
43
43
42
43
44
51
52
47
45
45
47
48
39
39
39
38
37
32
31
37
37
39
40
40
40
41
42
41
40
32
32
40
41
40
40
40
41
42
42
40
37
32
33
40
42
40
40
41
40
40
41
40
34
32
32
37
41
41
40
40
40
41
43
39
32
32
32
35
40
41
40
40
40
41
42
36
32
32
32
33
40
42
41
40
40
41
40
33
32
32
32
32
40
43
42
41
