82
78
76
75
75
75
78
80
84
89
93
97
87
83
81
79
78
78
81
83
87
92
97
101
95
91
88
85
85
85
86
89
93
99
103
107
103
100
96
94
92
92
94
97
101
106
111
115
117
113
108
104
102
103
104
106
110
115
120
124
120
123
123
122
120
116
117
122
126
127
127
124
100
106
112
116
121
124
125
125
122
118
112
106
65
69
75
85
96
116
120
103
92
84
77
74
44
44
44
45
43
77
93
43
48
48
49
49
42
41
40
40
34
107
123
37
39
41
42
43
43
43
43
40
51
127
127
55
39
43
42
43
43
44
44
37
82
127
127
82
38
43
42
43
44
44
41
40
123
127
127
114
40
44
43
42
44
43
38
61
127
127
127
127
52
42
43
43
43
43
39
100
127
127
127
127
77
39
43
44
43
43
43
127
127
127
127
127
102
37
43
44
94
90
88
87
86
87
89
92
96
101
105
110
99
96
93
91
90
91
92
96
100
105
110
114
107
103
100
98
96
97
99
103
106
111
116
120
116
113
109
107
105
106
107
110
114
120
124
127
127
126
121
117
114
115
116
120
123
127
127
127
123
127
127
127
127
127
127
127
127
127
127
127
99
108
116
124
127
127
127
127
127
123
115
106
64
68
75
85
99
122
123
106
93
83
77
74
42
42
42
43
43
50
50
46
45
46
47
47
38
39
37
37
37
33
32
37
37
38
40
40
40
40
40
40
40
32
32
39
40
40
40
40
40
40
41
40
38
32
32
38
41
40
40
40
40
41
40
40
36
32
32
35
40
42
40
40
41
40
40
38
33
32
32
33
40
42
40
40
41
40
40
36
32
32
32
32
38
40
40
41
40
40
40
34
32
32
32
32
37
40
40
41
127
127
127
127
127
127
127
127
127
127
127
127
127
127
127
127
127
127
127
127
127
127
127
127
127
127
127
127
127
127
127
127
127
127
127
127
127
127
127
127
127
127
127
127
127
127
127
127
127
127
127
127
127
127
127
127
127
127
127
127
127
127
127
127
127
127
127
127
127
127
127
127
98
111
127
127
127
127
127
127
127
127
120
106
64
67
71
85
106
127
127
115
95
81
75
74
43
43
42
43
44
52
52
47
45
45
47
48
40
39
39
37
37
32
31
37
37
39
40
40
41
41
42
41
40
33
32
40
40
40
40
40
41
42
42
41
39
33
33
39
42
41
40
41
42
42
40
40
36
32
32
36
42
43
40
40
42
41
40
38
33
32
32
33
40
43
41
40
42
41
40
36
32
32
32
32
39
41
41
42
41
41
41
34
32
32
32
32
37
40
40
42
