82
79
77
76
75
76
78
81
85
89
93
97
87
85
82
80
78
79
82
84
88
92
97
101
95
92
89
86
85
85
88
90
94
99
103
107
105
101
97
95
93
93
95
98
102
106
111
115
118
112
108
105
103
103
104
107
111
116
121
125
120
122
123
122
120
117
118
122
126
127
127
125
99
106
112
116
122
126
125
125
122
118
112
106
65
69
75
85
97
118
118
103
92
84
77
74
44
44
44
45
43
77
93
43
48
48
49
49
41
41
40
40
33
103
127
39
39
41
42
43
43
43
43
41
47
127
127
61
38
43
43
43
44
44
43
38
71
127
127
93
38
43
43
43
44
44
42
38
108
127
127
127
44
43
43
42
43
43
40
51
127
127
127
127
64
40
44
43
43
41
38
80
127
127
127
127
98
40
45
44
43
41
38
109
127
127
127
127
127
40
45
45
94
91
89
88
87
88
89
93
97
102
106
110
100
96
94
92
91
92
93
96
101
106
110
114
108
104
101
99
97
98
100
103
107
112
116
120
116
113
110
107
106
106
107
111
115
120
124
127
127
126
121
118
115
116
117
120
123
127
127
127
124
127
127
127
127
127
127
127
127
127
127
127
99
108
116
123
127
127
127
127
127
123
115
106
64
68
75
85
100
123
121
106
92
83
77
74
42
42
42
43
44
51
48
46
45
46
47
47
38
38
37
37
37
33
32
36
37
38
40
40
40
40
40
40
40
33
32
38
40
40
40
40
40
41
40
40
38
33
32
37
40
40
40
40
40
41
40
40
35
32
32
34
40
41
40
40
40
40
40
40
33
32
32
33
39
41
41
40
40
39
40
38
32
32
32
32
37
40
41
41
40
38
40
37
32
32
32
32
35
40
41
41
127
127
127
127
127
127
127
127
127
127
127
127
127
127
127
127
127
127
127
127
127
127
127
127
127
127
127
127
127
127
127
127
127
127
127
127
127
127
127
127
127
127
127
127
127
127
127
127
127
127
127
127
127
127
127
127
127
127
127
127
127
127
127
127
127
127
127
127
127
127
127
127
99
111
127
127
127
127
127
127
127
127
120
106
65
68
71
85
106
127
127
115
94
81
75
74
43
43
43
43
45
54
50
47
45
45
47
48
39
39
38
38
37
33
31
37
37
39
40
40
41
41
40
41
40
33
32
40
41
40
40
40
42
42
41
41
39
33
32
38
42
41
40
41
41
42
41
41
37
31
32
36
41
42
41
40
41
41
40
40
33
32
32
33
40
42
42
41
41
40
40
38
32
32
32
32
37
41
43
43
41
39
40
37
32
32
32
32
35
40
43
43
