82
79
77
77
76
77
78
81
85
89
94
98
88
85
82
81
79
80
82
85
89
93
98
102
96
92
89
87
85
86
88
91
95
99
104
108
104
101
97
95
94
94
96
99
103
107
111
115
118
113
109
105
103
103
105
107
111
116
120
125
120
122
123
122
120
117
119
123
126
127
127
125
99
106
112
116
123
127
124
126
122
118
113
106
65
69
75
85
99
120
116
103
92
84
77
74
44
44
44
45
44
77
93
43
48
48
49
49
41
41
40
40
33
98
127
40
38
41
42
43
43
43
43
42
43
127
127
67
37
43
43
43
44
44
43
38
61
127
127
105
39
43
43
43
44
44
43
37
92
127
127
127
50
42
43
43
45
43
40
43
127
127
127
127
81
38
45
43
44
42
38
62
127
127
127
127
122
43
46
45
43
41
37
80
127
127
127
127
127
51
44
46
95
92
89
89
88
89
91
93
97
102
106
110
100
97
94
92
92
92
94
97
101
106
110
114
108
105
102
99
98
99
100
103
107
112
117
121
117
114
111
108
106
106
108
111
115
120
124
127
127
127
122
119
116
116
118
120
124
127
127
127
124
127
127
127
127
127
127
127
127
127
127
127
99
107
116
124
127
127
127
127
127
123
114
106
64
68
75
85
101
125
119
106
93
83
77
74
42
42
42
43
45
52
47
46
45
46
47
47
38
38
37
37
37
33
31
36
37
38
40
40
40
40
40
40
40
33
31
38
40
40
40
40
40
41
40
40
39
33
32
37
40
40
40
40
41
41
40
40
37
32
32
34
40
41
40
40
41
40
40
40
36
32
32
32
38
40
41
40
41
39
38
40
33
32
32
32
35
40
41
41
41
39
38
37
32
32
32
32
33
40
42
42
127
127
127
127
127
127
127
127
127
127
127
127
127
127
127
127
127
127
127
127
127
127
127
127
127
127
127
127
127
127
127
127
127
127
127
127
127
127
127
127
127
127
127
127
127
127
127
127
127
127
127
127
127
127
127
127
127
127
127
127
127
127
127
127
127
127
127
127
127
127
127
127
98
111
127
127
127
127
127
127
127
127
120
106
64
67
71
85
109
127
127
115
94
81
75
74
43
43
43
43
46
54
47
47
45
45
47
48
39
39
38
37
37
33
30
36
37
39
40
40
40
41
40
41
40
33
32
39
41
40
40
40
41
42
41
41
40
33
32
37
42
41
40
40
42
42
41
40
37
32
32
33
40
42
41
40
42
41
40
40
35
31
32
32
39
41
42
41
42
40
39
40
33
31
32
32
36
41
43
43
42
40
39
37
32
32
32
32
33
40
43
43
