82
78
76
75
75
75
78
80
84
89
93
97
87
83
81
79
78
78
81
84
88
92
97
101
95
91
88
85
85
85
86
90
94
99
103
107
103
100
96
94
92
92
94
97
101
106
111
115
117
112
108
104
102
103
104
106
110
115
121
125
120
122
123
122
119
116
118
122
126
127
127
125
100
106
112
116
122
127
123
125
122
118
112
106
65
69
75
85
100
120
115
102
92
84
77
74
44
43
44
45
45
77
92
43
48
48
49
49
41
40
40
41
34
96
127
42
38
40
42
43
43
43
43
43
42
127
127
69
37
42
43
43
43
43
43
39
59
127
127
108
40
42
43
43
44
44
43
37
88
127
127
127
54
40
43
43
44
43
41
42
120
127
127
127
88
39
44
43
44
42
40
57
127
127
127
127
127
47
43
45
44
42
39
73
127
127
127
127
127
58
41
45
94
90
88
86
86
87
89
92
96
100
106
110
99
96
93
91
90
91
92
96
100
105
110
114
107
103
100
99
96
97
99
103
106
112
116
120
116
113
109
107
105
106
108
110
114
120
124
127
127
126
121
117
114
115
116
120
123
127
127
127
123
127
127
127
127
127
127
127
127
127
127
127
99
108
116
124
127
127
127
127
127
123
115
106
65
68
75
84
103
125
117
106
92
83
77
74
42
42
42
42
46
51
47
47
45
46
47
47
38
38
37
37
37
33
30
37
37
38
39
40
40
40
40
40
40
33
31
38
40
39
40
40
40
40
40
40
39
33
32
37
40
40
40
40
41
41
40
40
37
32
32
33
40
41
40
40
41
40
40
40
35
32
32
33
37
41
41
41
41
40
40
40
33
32
32
32
34
40
41
41
41
40
40
39
33
32
32
32
33
40
40
41
127
127
127
127
127
127
127
127
127
127
127
127
127
127
127
127
127
127
127
127
127
127
127
127
127
127
127
127
127
127
127
127
127
127
127
127
127
127
127
127
127
127
127
127
127
127
127
127
127
127
127
127
127
127
127
127
127
127
127
127
127
127
127
127
127
127
127
127
127
127
127
127
99
111
127
127
127
127
127
127
127
127
120
106
65
68
72
85
113
127
127
114
94
81
75
74
43
43
43
42
47
54
47
47
46
46
47
48
39
39
38
38
37
33
30
37
38
39
40
40
40
40
40
41
40
33
32
39
40
40
40
40
41
41
40
40
40
33
32
37
41
40
41
40
42
42
41
40
37
32
32
33
40
42
42
41
42
41
41
41
35
32
32
32
38
42
42
42
42
40
41
40
33
32
32
32
35
41
42
42
42
40
41
40
33
32
32
32
33
40
41
42
