82
78
76
75
75
75
78
80
84
89
93
97
87
83
81
79
78
78
80
84
88
92
97
101
95
91
88
85
85
85
86
90
94
99
103
107
103
100
96
94
92
93
95
97
102
106
111
115
117
112
108
104
103
103
104
106
110
115
121
125
120
122
123
122
117
116
118
122
126
127
127
125
100
106
112
116
123
126
123
125
122
118
112
106
65
69
75
85
106
120
113
102
92
84
77
74
43
44
44
45
47
78
90
44
48
48
49
49
40
42
41
41
34
99
127
40
39
41
42
43
42
43
44
42
43
127
127
66
38
43
43
43
43
43
44
38
61
127
127
105
40
43
43
43
43
43
43
36
90
127
127
127
51
40
43
42
43
42
43
42
122
127
127
127
84
37
43
42
43
43
41
59
127
127
127
127
127
44
43
42
42
44
40
77
127
127
127
127
127
55
41
43
94
90
88
86
86
87
89
92
96
102
106
110
99
96
93
91
90
91
92
96
100
106
110
114
107
103
100
99
96
97
99
103
106
112
116
120
116
113
109
107
105
106
108
110
114
120
124
127
127
126
121
117
114
116
116
120
123
127
127
127
123
127
127
127
127
127
127
127
127
127
127
127
99
108
116
124
127
127
127
127
127
123
115
106
65
68
74
84
110
124
114
106
92
83
77
74
42
42
42
42
49
50
46
47
45
46
47
47
38
38
38
37
37
33
31
37
37
38
40
40
40
40
40
40
40
33
32
38
40
40
40
40
40
40
40
40
39
33
32
37
41
40
40
40
40
41
40
40
36
32
32
33
40
41
40
40
40
40
40
40
35
32
32
33
38
40
40
40
40
40
41
40
33
32
32
32
35
40
40
40
39
41
42
40
32
32
32
32
33
40
40
40
127
127
127
127
127
127
127
127
127
127
127
127
127
127
127
127
127
127
127
127
127
127
127
127
127
127
127
127
127
127
127
127
127
127
127
127
127
127
127
127
127
127
127
127
127
127
127
127
127
127
127
127
127
127
127
127
127
127
127
127
127
127
127
127
127
127
127
127
127
127
127
127
99
111
127
127
127
127
127
127
127
127
119
105
65
68
72
85
120
127
127
113
94
81
75
74
43
43
43
42
50
53
47
47
46
46
47
48
39
40
39
38
37
33
30
37
38
39
40
40
40
41
42
41
40
33
32
39
41
40
40
40
40
42
42
41
40
33
32
37
42
41
40
41
41
42
41
40
37
32
32
33
40
41
40
40
40
40
42
41
35
32
32
32
39
40
41
40
40
40
42
40
33
32
32
32
36
40
41
40
40
42
43
40
32
32
32
32
33
40
41
41
