82
78
76
75
75
75
78
80
84
89
93
97
87
83
81
79
78
78
80
84
88
92
97
101
95
91
88
85
85
85
86
90
94
99
103
107
103
100
96
94
92
93
95
97
102
106
111
115
117
112
108
104
103
103
104
106
110
115
121
125
120
122
123
122
117
116
119
122
126
127
127
125
100
106
112
116
124
126
123
125
122
118
112
106
65
69
75
85
109
119
112
102
92
84
77
74
44
44
44
45
48
78
89
44
48
48
49
49
41
41
40
40
35
101
127
40
38
41
42
43
43
43
43
42
43
127
127
65
38
43
42
43
44
44
43
38
62
127
127
104
40
43
42
43
44
44
43
37
92
127
127
127
51
42
43
43
45
43
40
43
124
127
127
127
83
38
45
43
44
42
38
59
127
127
127
127
126
43
45
45
43
42
37
76
127
127
127
127
127
54
43
46
94
90
88
86
86
88
89
92
96
102
106
110
99
96
93
91
90
91
92
96
100
106
110
114
107
103
100
99
96
97
99
103
106
112
116
120
116
113
109
107
105
106
108
110
114
120
124
127
127
126
121
117
114
116
117
120
123
127
127
127
123
127
127
127
127
127
127
127
127
127
127
127
99
108
116
124
127
127
127
127
127
123
115
106
65
68
74
85
113
123
114
106
92
83
77
74
42
42
42
42
49
50
46
47
46
46
47
47
38
38
37
37
37
33
31
37
37
38
40
40
40
40
40
40
39
33
32
38
40
40
40
40
40
41
40
40
39
33
32
37
40
40
40
40
41
41
40
40
37
32
32
34
40
41
40
40
41
40
40
40
36
32
32
32
38
40
41
40
41
39
38
40
33
32
32
32
35
40
41
41
41
39
38
37
32
32
32
32
33
40
42
42
127
127
127
127
127
127
127
127
127
127
127
127
127
127
127
127
127
127
127
127
127
127
127
127
127
127
127
127
127
127
127
127
127
127
127
127
127
127
127
127
127
127
127
127
127
127
127
127
127
127
127
127
127
127
127
127
127
127
127
127
127
127
127
127
127
127
127
127
127
127
127
127
99
112
127
127
127
127
127
127
127
127
119
105
65
68
72
86
125
127
125
112
94
81
75
74
43
43
43
43
52
52
47
47
46
45
47
48
39
39
38
38
38
32
30
37
37
39
40
40
40
41
40
41
40
33
32
39
40
40
40
40
41
42
41
41
40
33
32
37
42
41
40
40
42
42
41
41
37
32
32
33
40
42
41
40
42
41
40
41
35
32
32
32
38
41
42
41
42
40
39
39
33
32
32
32
35
41
43
43
42
40
39
37
32
32
32
32
33
40
43
43
