82
78
76
75
75
75
78
80
84
89
93
97
87
83
81
79
78
79
81
84
88
92
97
101
95
91
88
85
85
85
86
90
94
99
103
107
103
100
96
94
92
93
94
98
102
106
111
115
117
112
108
104
103
103
104
106
110
116
121
125
120
123
123
121
117
117
119
122
126
127
127
125
100
107
112
118
127
126
123
124
122
118
112
106
65
70
75
88
113
117
110
101
92
84
77
74
44
44
44
46
50
79
88
44
49
48
49
49
42
41
40
40
35
103
126
40
39
41
42
43
43
43
43
41
43
127
127
64
38
43
42
43
44
44
44
38
63
127
127
103
39
43
42
43
44
44
43
37
93
127
127
127
49
42
43
42
45
43
40
41
126
127
127
127
81
40
45
43
44
43
38
58
127
127
127
127
123
44
43
43
43
43
38
77
127
127
127
127
127
53
41
42
94
90
88
86
86
87
90
92
96
102
106
110
99
96
93
91
90
91
92
96
100
106
110
114
107
103
100
99
96
97
99
103
106
112
116
120
116
113
109
107
105
106
108
110
114
120
124
127
127
126
121
117
114
116
117
120
123
127
127
127
123
127
127
127
127
127
127
127
127
127
127
127
99
108
116
126
127
127
127
127
127
123
113
106
65
68
75
89
120
120
112
104
92
83
77
74
42
42
42
43
52
49
46
47
47
46
47
47
38
38
37
37
38
33
31
37
37
38
40
40
40
40
40
40
39
33
32
38
40
40
40
40
40
40
41
40
39
33
32
37
41
40
40
40
40
41
40
40
37
32
32
34
40
41
40
40
41
40
39
39
35
32
32
32
38
41
42
40
41
40
39
37
33
32
32
32
35
40
41
40
40
40
40
36
32
32
32
32
33
39
40
40
127
127
127
127
127
127
127
127
127
127
127
127
127
127
127
127
127
127
127
127
127
127
127
127
127
127
127
127
127
127
127
127
127
127
127
127
127
127
127
127
127
127
127
127
127
127
127
127
127
127
127
127
127
127
127
127
127
127
127
127
127
127
127
127
127
127
127
127
127
127
127
127
99
112
127
127
127
127
127
127
127
127
118
105
65
68
72
91
127
127
123
110
93
81
75
74
43
43
43
44
54
50
46
47
47
46
47
48
40
40
38
37
37
32
30
37
37
39
40
40
41
41
41
40
40
33
32
39
40
40
40
40
41
42
42
41
40
33
32
37
42
41
40
41
41
42
40
40
37
32
32
33
40
42
41
40
42
41
39
40
35
32
32
32
38
43
43
41
42
41
40
38
33
32
32
32
35
42
42
40
41
41
41
37
32
32
32
32
33
40
40
40
