82
78
76
75
75
75
78
80
84
89
93
97
87
83
81
79
78
79
81
84
88
92
97
101
95
91
88
85
85
85
86
90
94
99
103
107
103
100
96
94
92
93
94
98
102
106
111
115
117
112
108
104
103
103
104
106
110
116
121
125
120
123
123
121
117
117
119
122
125
127
127
125
100
107
113
119
127
126
122
124
121
118
113
106
65
70
76
90
115
117
110
100
92
85
78
75
43
44
44
47
50
79
87
45
49
49
48
49
41
41
41
40
34
103
126
40
39
41
42
43
43
43
43
41
43
127
127
64
38
42
42
43
43
43
43
39
63
127
127
102
39
42
42
43
43
43
43
38
94
127
127
127
49
40
43
43
43
43
42
44
127
127
127
127
81
40
43
42
43
43
40
61
127
127
127
127
124
45
43
43
43
43
38
79
127
127
127
127
127
54
43
44
94
90
88
86
86
87
90
92
96
102
106
110
99
96
93
91
90
91
92
96
100
106
110
114
107
103
100
99
96
97
99
103
106
112
116
120
116
113
109
107
105
106
108
110
114
120
124
127
127
126
121
117
115
116
117
120
123
127
127
127
124
127
127
127
127
127
127
127
127
127
127
127
100
108
116
127
127
127
127
127
127
123
114
106
65
68
75
92
121
120
112
103
92
84
78
74
42
42
42
43
52
49
46
47
47
47
47
47
38
38
38
37
38
33
31
37
38
38
40
40
40
40
40
40
39
33
32
38
40
39
40
40
40
40
40
40
38
33
32
37
41
40
40
40
40
40
40
41
37
32
32
34
40
40
40
40
40
40
40
40
34
32
32
32
38
41
40
40
40
40
40
39
33
32
32
32
36
41
42
40
41
40
40
38
32
32
32
32
33
40
42
42
127
127
127
127
127
127
127
127
127
127
127
127
127
127
127
127
127
127
127
127
127
127
127
127
127
127
127
127
127
127
127
127
127
127
127
127
127
127
127
127
127
127
127
127
127
127
127
127
127
127
127
127
127
127
127
127
127
127
127
127
127
127
127
127
127
127
127
127
127
127
127
127
99
113
127
127
127
127
127
127
127
127
118
105
65
68
72
95
127
127
123
109
93
82
75
73
43
43
43
44
54
49
46
47
47
47
47
47
39
39
39
38
38
32
30
37
38
39
40
40
40
40
41
41
40
33
32
39
41
40
40
40
41
41
41
41
39
33
32
37
42
41
40
41
41
40
40
42
37
32
32
34
40
41
40
41
40
40
41
41
35
32
32
33
39
42
41
40
41
40
41
40
33
32
32
32
37
42
42
41
42
40
40
39
32
32
32
32
33
41
42
43
