82
78
76
75
75
75
78
80
84
89
93
97
87
83
81
79
78
79
81
84
88
92
97
101
95
91
88
85
85
85
86
90
94
99
103
107
103
100
96
94
92
93
94
98
102
106
111
115
117
112
108
104
103
103
104
106
110
116
121
125
120
123
123
121
116
117
119
122
125
127
127
124
100
107
113
120
127
125
122
124
121
118
113
106
65
70
76
92
116
116
110
100
92
85
78
75
44
43
44
47
51
80
86
45
49
49
49
49
41
40
40
40
35
103
124
40
39
41
42
43
43
43
43
41
43
127
127
64
38
42
43
43
43
43
43
38
64
127
127
102
39
42
43
43
44
44
43
37
93
127
127
127
50
41
43
43
45
43
41
43
127
127
127
127
81
39
45
43
44
42
40
61
127
127
127
127
123
44
44
45
43
42
40
80
127
127
127
127
127
53
42
45
94
90
88
86
86
87
90
92
96
102
106
110
99
96
93
91
90
91
92
96
100
106
110
114
107
103
100
99
96
97
99
103
106
112
116
120
116
113
109
107
105
106
108
110
114
120
124
127
127
126
121
117
115
116
117
120
123
127
127
127
124
127
127
127
127
127
127
127
127
127
127
127
100
109
118
127
127
127
127
127
127
123
114
106
65
69
75
93
123
119
112
103
92
84
78
75
42
42
42
44
52
49
46
47
47
47
47
48
38
38
37
37
37
33
31
37
38
38
40
40
40
40
40
40
39
33
32
38
40
39
40
39
40
40
40
40
39
33
32
37
40
40
40
40
41
41
40
40
37
32
32
34
40
41
40
40
41
40
40
40
34
32
32
32
38
41
41
41
41
40
41
40
33
32
32
32
35
40
41
41
41
40
42
39
32
32
32
32
33
40
40
41
127
127
127
127
127
127
127
127
127
127
127
127
127
127
127
127
127
127
127
127
127
127
127
127
127
127
127
127
127
127
127
127
127
127
127
127
127
127
127
127
127
127
127
127
127
127
127
127
127
127
127
127
127
127
127
127
127
127
127
127
127
127
127
127
127
127
127
127
127
127
127
127
99
113
127
127
127
127
127
127
127
127
119
105
64
68
73
96
127
127
122
108
93
81
77
75
43
43
43
44
54
49
46
47
47
47
48
49
39
39
38
38
37
31
30
37
39
40
40
40
40
40
40
41
40
33
32
40
41
40
40
40
41
41
40
41
40
33
32
37
42
40
40
41
42
42
40
40
37
32
32
34
41
42
41
41
43
41
41
40
35
32
32
33
39
42
41
42
43
40
41
40
33
32
32
32
36
41
41
42
42
40
42
40
32
32
32
32
33
40
41
42
