82
78
76
75
75
75
78
80
84
89
93
97
87
83
81
79
78
79
81
84
88
92
97
101
95
91
88
85
85
85
86
90
94
99
103
107
103
100
96
94
92
93
94
98
102
106
111
115
117
112
108
104
103
103
104
106
110
116
121
125
120
123
123
121
116
117
119
122
125
127
127
125
100
107
113
120
127
125
122
124
121
118
113
106
65
70
76
93
116
116
109
100
92
85
78
75
44
44
44
47
50
80
85
45
50
49
50
49
41
41
40
40
35
103
124
40
40
41
43
43
43
43
43
41
43
127
127
64
38
43
42
43
44
44
43
38
64
127
127
102
39
43
42
43
44
44
43
37
94
127
127
127
50
42
43
43
45
43
40
43
127
127
127
127
80
38
45
43
44
42
38
61
127
127
127
127
123
43
46
45
43
42
37
79
127
127
127
127
127
52
44
46
94
90
88
86
86
87
90
92
96
102
106
110
99
96
93
91
90
91
92
96
100
106
110
114
107
103
100
99
96
97
99
103
106
112
116
120
116
113
109
107
105
106
108
110
114
120
124
127
127
126
121
117
115
116
117
120
123
127
127
127
124
127
127
127
127
127
127
127
127
127
127
127
100
109
118
127
127
127
127
127
127
123
114
106
65
69
75
95
123
119
111
103
92
84
78
75
42
42
42
44
53
49
46
47
47
47
47
48
38
38
37
37
38
33
31
37
37
39
40
40
40
40
40
40
39
33
32
38
39
40
40
39
40
41
40
40
39
33
32
37
40
40
40
40
40
41
40
40
37
32
32
34
40
41
40
40
41
40
39
40
35
32
32
32
38
40
41
40
41
39
39
40
33
32
32
32
35
40
41
41
41
39
38
37
32
32
32
32
33
40
42
42
127
127
127
127
127
127
127
127
127
127
127
127
127
127
127
127
127
127
127
127
127
127
127
127
127
127
127
127
127
127
127
127
127
127
127
127
127
127
127
127
127
127
127
127
127
127
127
127
127
127
127
127
127
127
127
127
127
127
127
127
127
127
127
127
127
127
127
127
127
127
127
127
99
113
127
127
127
127
127
127
127
127
118
105
64
68
74
99
127
127
122
107
93
81
77
75
43
43
43
45
54
49
46
47
47
47
48
49
39
39
38
37
38
32
30
37
38
40
40
41
40
41
40
41
40
33
32
39
40
40
40
40
41
42
41
41
40
33
32
37
42
41
40
40
42
42
41
40
37
32
32
34
41
42
41
40
43
41
40
41
35
32
32
33
39
41
42
41
43
40
40
40
33
32
32
32
36
41
43
43
42
40
40
38
32
32
32
32
33
40
43
43
