82
78
76
75
75
75
78
80
84
89
93
97
87
83
81
79
78
79
81
84
88
92
97
101
95
91
88
85
85
85
86
90
94
99
103
107
103
100
96
94
92
93
94
98
102
106
111
115
116
111
107
104
103
103
104
106
110
116
121
125
120
123
123
120
116
117
119
122
125
127
127
124
101
108
114
122
127
124
122
123
121
118
112
106
66
71
78
99
118
116
107
100
92
85
79
75
43
44
44
49
51
86
78
45
50
50
50
50
41
41
41
41
35
110
120
39
40
41
43
43
43
43
43
41
43
127
127
63
38
42
43
43
43
43
43
39
64
127
127
101
38
42
43
43
43
43
43
37
95
127
127
127
50
41
43
43
44
43
41
43
127
127
127
127
81
39
43
43
43
43
39
61
127
127
127
127
123
44
43
44
43
42
38
80
127
127
127
127
127
53
43
46
94
90
88
86
86
87
90
92
96
102
106
110
99
96
93
91
90
91
92
96
100
106
110
114
107
103
100
99
96
97
99
103
106
112
116
120
116
113
109
107
105
106
108
110
115
120
124
127
127
125
120
117
115
116
117
120
123
127
127
127
125
127
127
127
127
127
127
127
127
127
127
127
102
110
120
127
127
127
127
127
127
121
113
106
66
70
77
102
124
116
110
102
92
84
78
75
42
42
42
46
53
47
47
47
47
47
48
49
38
38
37
37
37
33
32
37
38
38
40
40
40
40
40
40
39
33
33
38
40
39
39
40
40
40
40
40
39
33
32
37
40
40
40
40
41
40
40
40
37
32
32
34
40
40
40
40
41
41
40
40
34
32
32
32
38
41
40
41
41
40
40
39
33
32
32
32
35
41
41
41
40
40
40
37
32
32
32
32
33
40
41
41
127
127
127
127
127
127
127
127
127
127
127
127
127
127
127
127
127
127
127
127
127
127
127
127
127
127
127
127
127
127
127
127
127
127
127
127
127
127
127
127
127
127
127
127
127
127
127
127
127
127
127
127
127
127
127
127
127
127
127
127
127
127
127
127
127
127
127
127
127
127
127
127
100
116
127
127
127
127
127
127
127
127
116
104
65
68
76
109
127
127
120
106
92
82
78
75
43
43
42
47
54
47
47
48
47
48
49
50
39
39
38
38
37
32
31
37
39
39
40
41
40
40
41
41
39
33
32
39
41
40
40
40
41
40
41
41
39
33
32
37
42
40
40
41
42
41
40
41
37
32
32
34
41
41
40
41
42
41
40
41
35
32
32
33
39
42
41
42
41
41
40
40
33
32
32
32
36
42
42
42
40
40
40
38
32
32
32
32
33
41
42
43
