82
78
76
75
75
75
78
80
84
89
93
97
87
83
81
79
78
79
81
84
88
92
97
101
95
91
88
85
85
85
86
90
94
99
103
107
103
100
96
94
92
93
94
98
102
106
111
115
116
112
107
104
103
103
104
106
110
116
121
125
121
123
123
120
116
117
119
122
125
127
127
123
102
109
115
123
127
123
122
123
121
117
113
106
66
71
79
101
118
115
107
99
92
85
80
76
44
43
44
50
50
89
75
47
50
50
50
51
41
40
40
41
36
113
115
38
40
41
43
43
43
43
43
41
47
127
127
59
38
42
43
43
43
43
43
38
71
127
127
96
38
43
43
43
44
44
43
37
100
127
127
127
47
42
44
42
45
44
41
46
127
127
127
127
75
39
45
43
44
43
39
65
127
127
127
127
117
43
44
44
43
41
38
84
127
127
127
127
127
50
43
45
94
90
88
86
86
87
90
92
96
102
106
110
99
96
93
91
90
91
92
96
100
106
110
114
107
103
100
99
96
97
99
103
106
112
116
120
116
113
109
107
105
106
108
110
115
120
124
127
127
124
120
117
115
116
117
120
123
127
127
127
126
127
127
127
127
127
127
127
127
127
127
127
103
111
120
127
127
127
127
127
127
121
113
105
66
70
78
104
124
116
110
101
92
84
78
75
42
42
42
47
53
47
47
47
47
47
48
50
38
38
37
37
37
32
33
37
37
38
40
40
40
40
40
40
39
33
33
38
39
39
40
40
41
41
40
40
39
33
32
37
40
40
40
40
40
41
40
40
36
32
32
34
40
40
40
39
40
40
40
40
34
32
32
33
38
40
41
40
40
40
39
39
33
32
32
32
35
40
41
40
40
39
40
37
32
32
32
32
33
40
40
40
127
127
127
127
127
127
127
127
127
127
127
127
127
127
127
127
127
127
127
127
127
127
127
127
127
127
127
127
127
127
127
127
127
127
127
127
127
127
127
127
127
127
127
127
127
127
127
127
127
127
127
127
127
127
127
127
127
127
127
127
127
127
127
127
127
127
127
127
127
127
127
127
101
116
127
127
127
127
127
127
127
127
116
103
65
68
76
112
127
127
120
106
91
82
78
76
43
43
42
48
55
47
47
47
48
48
49
50
39
39
38
38
37
32
32
37
38
39
40
41
40
41
40
41
39
33
33
39
40
40
40
40
41
42
41
41
39
33
32
38
41
40
41
41
42
42
41
40
37
32
32
35
41
42
42
40
42
41
40
41
35
32
32
33
39
42
42
41
42
40
40
40
33
32
32
32
36
41
42
42
41
40
40
38
32
32
32
32
34
40
41
42
