82
78
76
75
75
75
78
80
84
89
93
97
87
83
81
79
78
79
81
84
88
92
97
101
95
91
88
85
85
85
86
90
94
99
103
107
103
100
96
94
92
93
94
98
102
106
111
115
116
112
106
104
103
103
104
106
110
116
121
125
121
124
124
120
116
117
119
122
125
127
127
123
103
110
116
125
127
123
122
123
120
117
112
106
67
71
81
106
119
115
106
99
92
85
80
77
44
43
44
50
52
97
65
47
50
50
51
52
41
41
40
40
41
127
98
35
40
41
43
43
43
44
44
39
59
127
127
47
40
42
42
43
43
44
44
37
89
127
127
75
39
43
42
43
43
44
42
40
121
127
127
115
40
42
43
42
43
43
40
57
127
127
127
127
57
40
43
43
43
43
40
88
127
127
127
127
92
39
43
43
43
43
41
116
127
127
127
127
123
40
43
43
94
90
88
86
86
87
90
92
96
102
106
110
99
96
93
91
90
91
92
96
100
106
110
114
107
103
100
99
96
97
99
103
106
112
116
120
116
113
109
107
105
106
108
110
115
120
124
127
127
124
120
117
115
116
117
120
123
127
127
127
127
127
127
127
127
127
127
127
127
127
127
127
103
113
122
127
127
127
127
127
127
120
113
106
67
71
80
110
124
115
110
100
91
83
79
77
42
43
42
48
52
46
47
47
47
48
49
50
38
38
37
37
37
31
33
37
38
39
40
40
40
40
40
40
38
32
33
39
39
39
39
39
40
40
40
40
37
32
33
38
40
40
40
40
40
41
40
39
34
32
32
35
40
40
40
40
40
40
40
39
33
32
32
33
40
40
40
40
40
40
41
38
32
32
32
32
37
40
40
40
40
41
42
37
32
32
32
31
36
40
40
40
127
127
127
127
127
127
127
127
127
127
127
127
127
127
127
127
127
127
127
127
127
127
127
127
127
127
127
127
127
127
127
127
127
127
127
127
127
127
127
127
127
127
127
127
127
127
127
127
127
127
127
127
127
127
127
127
127
127
127
127
127
127
127
127
127
127
127
127
127
127
127
127
103
120
127
127
127
127
127
127
127
127
114
103
65
69
78
120
127
127
118
103
89
82
78
76
43
43
42
50
55
47
47
48
47
48
50
50
39
40
38
37
37
30
33
38
39
40
41
40
40
41
42
40
38
32
33
40
40
40
40
40
40
42
42
41
38
32
33
39
42
41
40
41
41
42
41
40
35
32
32
36
42
41
41
40
41
41
41
40
33
32
32
33
40
41
41
40
41
40
42
39
32
32
32
32
38
41
41
40
40
41
43
37
32
32
32
31
36
41
41
40
