82
80
77
76
75
76
78
81
85
89
93
97
87
85
82
80
78
79
82
84
88
92
97
101
95
92
89
86
85
85
88
90
94
99
103
107
103
100
96
94
93
93
95
98
102
106
111
115
115
111
106
104
103
103
105
107
111
116
122
127
126
126
123
119
117
118
120
122
124
126
123
120
110
115
123
127
123
124
123
121
119
115
109
102
71
78
96
118
116
111
103
96
89
84
80
78
43
44
46
52
98
68
48
50
51
52
53
55
41
37
33
87
127
55
38
41
42
43
43
44
40
40
72
127
127
48
40
43
42
42
42
42
40
62
127
127
116
41
42
43
43
43
42
43
61
127
127
127
95
38
43
44
43
43
43
43
127
127
127
127
74
38
44
44
43
44
43
43
127
127
127
127
55
41
46
44
45
45
43
43
127
127
127
127
44
45
47
45
45
44
44
45
94
91
89
88
87
88
89
93
97
102
106
110
99
97
94
92
91
92
93
96
101
106
110
114
107
105
102
99
97
98
100
103
107
112
117
122
116
113
110
107
106
106
107
111
115
120
125
127
127
124
120
118
116
116
117
120
124
127
127
127
127
127
127
127
127
127
127
127
127
127
127
122
112
120
127
127
127
127
127
127
123
116
108
102
71
77
99
127
119
113
105
96
88
83
80
78
42
41
46
53
47
48
48
47
49
50
51
54
38
37
37
34
30
36
37
38
39
40
40
41
40
40
38
33
33
39
40
40
39
39
38
39
40
39
33
31
35
40
40
40
40
40
40
40
40
34
32
32
37
41
41
41
40
40
40
40
35
32
32
33
37
40
41
41
41
40
40
40
32
32
32
33
38
41
41
41
41
40
42
40
32
32
32
33
38
42
41
40
40
41
42
42
127
127
127
127
127
127
127
127
127
127
127
127
127
127
127
127
127
127
127
127
127
127
127
127
127
127
127
127
127
127
127
127
127
127
127
127
127
127
127
127
127
127
127
127
127
127
127
127
127
127
127
127
127
127
127
127
127
127
127
127
127
127
127
127
127
127
127
127
127
127
127
127
118
127
127
127
127
127
127
127
127
120
106
99
68
75
105
127
127
124
111
97
86
82
80
78
42
42
46
55
47
48
49
48
50
50
52
54
39
39
37
34
30
36
38
39
40
40
42
42
41
41
38
32
33
40
41
40
40
40
40
40
41
40
33
31
35
41
41
41
41
40
40
41
40
34
32
32
37
42
41
42
41
41
40
41
35
32
32
33
38
41
42
42
42
42
41
40
32
32
32
33
38
42
43
42
42
42
43
41
32
32
32
33
39
43
43
42
42
42
43
43
