82
78
76
75
75
75
78
80
84
89
93
97
87
83
81
79
78
78
81
83
87
92
97
101
95
91
88
85
85
85
86
89
93
99
103
107
103
100
96
94
92
92
94
97
101
106
110
115
115
111
106
104
103
103
104
106
110
116
123
127
127
127
123
119
117
117
119
121
123
124
122
119
112
117
126
127
124
125
123
120
117
113
106
101
73
80
103
120
118
110
103
96
89
84
81
78
44
42
41
79
95
52
50
52
52
53
55
57
32
39
82
123
70
37
41
42
42
43
44
44
54
90
127
122
49
39
43
43
42
42
41
42
107
127
127
61
37
43
44
43
43
43
43
43
127
127
90
37
41
43
44
44
43
45
43
43
127
125
49
39
42
43
43
43
43
43
43
43
127
70
37
43
42
43
44
43
43
43
42
43
108
38
43
43
43
44
45
43
43
44
43
43
94
90
88
87
86
87
89
92
96
101
105
110
99
96
93
91
90
91
92
96
100
105
110
114
107
103
101
98
96
97
99
103
106
111
116
121
116
113
109
107
105
106
107
110
114
120
124
127
127
123
119
117
115
115
116
120
124
127
127
127
127
127
127
127
127
127
127
127
127
127
126
120
115
123
127
127
127
127
127
127
121
114
106
100
71
80
107
126
118
113
103
95
89
82
80
79
42
42
48
50
47
49
48
49
50
51
53
55
38
37
34
32
35
37
37
39
39
40
41
42
39
37
33
34
39
39
40
40
39
39
38
38
35
32
33
39
40
40
40
40
40
40
40
40
32
32
37
40
39
41
41
40
40
41
41
40
31
35
40
40
40
40
40
40
40
40
40
40
33
38
40
40
40
40
40
40
40
40
40
41
35
40
40
40
40
41
41
41
41
41
40
40
127
127
127
127
127
127
127
127
127
127
127
127
127
127
127
127
127
127
127
127
127
127
127
127
127
127
127
127
127
127
127
127
127
127
127
127
127
127
127
127
127
127
127
127
127
127
127
127
127
127
127
127
127
127
127
127
127
127
127
127
127
127
127
127
127
127
127
127
127
127
127
123
123
127
127
127
127
127
127
127
127
115
104
98
70
79
116
127
127
123
109
95
86
82
80
78
42
42
50
53
48
50
49
49
50
51
54
56
39
38
34
31
34
37
38
39
40
40
43
43
40
38
33
34
40
40
41
40
40
40
40
40
36
32
33
40
40
40
41
41
41
41
40
41
32
32
37
40
40
42
42
41
41
42
42
40
31
35
40
40
40
41
41
40
40
41
41
41
33
39
42
40
40
41
41
40
41
41
40
42
35
40
42
41
40
42
42
41
42
42
41
41
