82
78
76
75
75
75
78
80
84
89
93
97
87
84
81
79
78
79
81
83
87
92
97
101
95
92
88
86
85
85
87
89
93
99
103
107
103
100
96
95
92
93
95
97
101
106
110
116
115
111
106
105
103
103
104
106
111
116
123
127
127
127
123
120
117
117
119
121
123
123
121
118
113
119
127
127
126
124
122
120
117
113
106
100
74
81
105
120
117
109
102
95
89
84
82
79
43
37
48
93
81
50
51
51
53
54
55
57
34
61
109
96
52
39
41
42
42
43
44
46
82
121
127
75
40
41
43
43
42
42
41
42
127
127
79
36
42
42
43
44
43
43
43
43
127
83
41
41
43
43
44
43
43
43
44
43
94
48
39
41
43
43
44
44
43
43
45
45
46
39
43
40
41
43
44
44
43
43
44
46
40
43
43
41
40
44
44
43
44
44
43
44
94
92
88
86
87
88
89
92
96
101
105
110
99
96
92
91
91
91
92
96
100
105
110
114
107
104
101
99
97
97
99
103
106
111
116
121
116
113
110
107
106
106
107
110
114
120
124
127
127
124
120
117
116
116
117
120
124
127
127
127
127
127
127
127
127
127
127
127
127
127
124
118
116
125
127
127
127
127
127
127
120
113
106
99
73
82
111
126
117
113
103
95
88
83
81
79
42
42
49
50
48
49
48
49
50
52
54
56
38
35
32
33
37
37
37
39
40
40
41
42
37
35
33
37
40
39
40
40
39
39
38
38
32
33
39
41
40
40
40
41
40
40
40
40
32
38
41
40
40
40
41
40
40
40
40
40
38
41
40
39
40
40
41
41
40
40
41
41
41
42
40
38
39
40
41
40
40
40
40
42
40
40
40
38
37
41
41
40
40
41
40
41
127
127
127
127
127
127
127
127
127
127
127
127
127
127
127
127
127
127
127
127
127
127
127
127
127
127
127
127
127
127
127
127
127
127
127
127
127
127
127
127
127
127
127
127
127
127
127
127
127
127
127
127
127
127
127
127
127
127
127
127
127
127
127
127
127
127
127
127
127
127
127
120
127
127
127
127
127
127
127
127
127
113
103
98
71
82
121
127
127
121
107
93
85
82
82
79
42
43
50
52
48
49
49
50
51
52
54
57
39
37
33
33
36
37
38
40
40
41
42
43
38
36
34
37
40
40
40
40
40
40
39
40
32
33
39
42
40
40
41
42
41
41
40
40
32
39
42
40
40
41
42
41
41
41
42
41
39
42
41
40
40
41
42
42
41
41
43
42
42
43
40
39
40
41
42
41
41
41
42
43
41
41
40
39
38
42
42
40
42
42
40
42
