82
80
77
76
75
76
78
80
84
89
93
97
87
85
82
79
78
79
81
84
88
92
97
101
95
92
89
86
85
85
87
90
94
99
103
107
104
101
98
95
93
93
95
97
101
106
111
116
115
111
107
105
103
103
104
106
111
116
123
127
127
127
123
120
117
118
119
122
123
123
120
116
114
120
127
127
127
125
122
120
116
111
105
99
75
83
110
122
116
108
101
94
88
83
82
80
38
38
68
95
67
50
51
52
54
54
57
59
61
94
96
67
45
40
41
42
43
43
44
46
111
116
87
47
40
42
43
43
42
41
41
41
127
75
37
40
43
42
43
43
43
43
42
43
56
43
42
43
43
43
43
44
43
43
43
43
41
42
43
43
43
42
44
46
44
44
44
43
44
45
43
43
43
41
43
46
45
46
45
44
44
44
42
42
42
41
42
43
44
46
46
45
94
91
89
88
87
88
89
92
96
101
105
110
100
96
94
92
91
92
92
96
100
105
110
114
108
104
102
99
97
98
99
103
106
111
116
121
116
113
110
107
106
106
107
110
114
120
124
127
127
124
120
117
116
116
116
120
124
127
127
127
127
127
127
127
127
127
127
127
127
127
122
116
119
127
127
127
127
127
127
126
119
111
104
99
75
84
115
125
117
112
102
94
87
83
82
80
43
42
49
50
49
49
49
50
51
53
55
57
37
33
33
35
37
37
38
39
40
41
42
43
36
36
37
39
40
39
40
40
39
39
38
38
35
39
40
40
40
40
40
40
40
40
40
40
40
41
40
40
40
40
40
41
41
40
41
40
42
41
41
40
40
39
40
42
41
40
40
41
41
41
40
40
40
38
40
41
41
40
40
41
40
40
40
40
40
38
39
40
40
40
41
40
127
127
127
127
127
127
127
127
127
127
127
127
127
127
127
127
127
127
127
127
127
127
127
127
127
127
127
127
127
127
127
127
127
127
127
127
127
127
127
127
127
127
127
127
127
127
127
127
127
127
127
127
127
127
127
127
127
127
127
127
127
127
127
127
127
127
127
127
127
127
127
117
127
127
127
127
127
127
127
127
125
110
101
97
73
85
127
127
127
120
105
92
85
83
82
80
43
43
50
51
49
50
49
50
52
53
55
57
37
33
33
36
37
37
38
40
40
41
43
43
37
36
37
40
40
40
40
40
40
40
39
39
35
40
41
41
40
40
41
41
41
41
40
40
41
42
41
40
41
40
41
43
42
41
42
40
43
43
42
40
40
40
41
43
42
42
42
41
42
42
41
40
40
39
40
43
42
42
42
42
41
41
40
40
40
39
40
41
42
42
42
42
