82
78
77
74
73
74
75
77
81
85
89
93
88
84
81
78
77
77
78
80
84
89
93
97
96
92
88
85
83
83
84
86
90
95
99
103
105
101
97
94
92
92
92
95
98
103
107
112
116
113
108
104
102
101
102
104
107
113
120
125
127
127
126
121
117
116
117
120
122
123
122
119
110
116
119
127
127
127
124
122
120
116
110
103
70
77
86
113
124
114
107
100
93
88
85
82
37
40
56
82
80
54
50
52
54
55
57
60
71
88
84
66
50
40
40
41
42
43
45
46
101
98
78
52
40
41
43
43
42
41
42
42
93
53
37
40
43
43
43
43
43
42
42
44
43
42
42
42
44
44
43
43
43
42
43
43
39
40
43
45
44
43
44
44
43
43
43
43
43
41
43
46
45
44
44
45
43
43
43
43
42
41
43
46
47
45
43
44
43
43
43
43
94
91
87
85
85
84
86
89
92
98
101
106
99
96
92
90
89
89
90
92
96
102
106
110
108
105
101
98
96
96
96
99
103
108
113
117
117
114
110
106
104
104
105
107
111
116
120
124
127
126
121
117
115
113
115
116
120
127
127
127
127
127
127
127
127
127
127
127
127
127
125
119
113
120
127
127
127
127
127
127
123
116
109
102
71
76
87
118
125
117
110
101
92
87
84
82
43
43
42
48
51
50
49
50
51
54
56
58
36
35
34
35
37
37
37
38
39
40
42
43
36
37
38
39
40
39
40
40
39
38
38
38
37
39
40
40
40
40
40
40
40
40
40
40
40
40
40
40
41
41
41
40
40
40
40
40
40
40
40
40
40
41
41
41
40
40
40
41
40
39
40
42
40
41
41
41
40
40
41
40
40
39
40
42
41
40
40
42
41
40
40
40
127
127
127
127
127
127
127
127
127
127
127
127
127
127
127
127
127
127
127
127
127
127
127
127
127
127
127
127
127
127
127
127
127
127
127
127
127
127
127
127
127
127
127
127
127
127
127
127
127
127
127
127
127
127
127
127
127
127
127
127
127
127
127
127
127
127
127
127
127
127
127
121
119
127
127
127
127
127
127
127
127
118
106
100
68
75
89
127
127
127
116
102
90
86
84
82
43
43
42
50
53
50
50
50
51
54
56
58
37
35
34
36
37
36
37
39
40
41
43
43
37
37
39
40
40
40
40
40
40
39
39
40
37
40
42
41
40
41
41
42
41
40
40
42
41
41
40
40
42
42
41
41
41
40
40
41
41
40
40
42
42
42
42
42
41
40
41
41
40
40
40
43
42
42
42
42
41
40
41
41
40
40
41
43
43
42
41
42
41
41
41
40
