82
78
76
73
73
73
74
76
79
84
89
92
88
84
81
78
77
76
77
79
83
88
92
96
96
92
89
85
83
82
83
85
89
94
98
103
105
102
98
94
92
91
92
94
97
102
106
110
117
113
109
105
103
101
101
103
106
111
117
123
126
127
127
123
118
116
117
119
121
123
123
120
108
113
118
123
127
127
125
123
120
118
112
106
68
73
82
101
124
119
110
103
96
90
85
84
40
37
44
71
89
64
51
52
54
54
57
59
52
78
92
78
58
43
40
41
42
43
43
45
97
104
96
68
43
40
42
43
42
42
40
41
127
84
44
38
42
43
43
44
43
43
43
42
52
43
43
42
43
41
43
45
45
44
44
43
40
40
43
42
43
42
43
43
44
44
44
44
44
43
41
43
43
44
43
43
43
43
43
45
44
42
41
44
43
46
46
43
43
42
43
45
95
91
87
85
85
85
85
88
92
96
101
105
100
96
92
90
89
89
89
92
96
100
105
109
108
105
101
98
96
95
96
98
102
106
111
116
119
114
110
106
104
103
104
106
110
115
119
123
127
127
123
117
115
113
113
116
120
125
127
127
127
127
127
127
127
127
127
127
127
127
127
122
109
117
124
127
127
127
127
127
126
120
112
106
68
73
81
103
127
120
113
104
96
89
85
84
42
43
42
45
51
50
50
49
50
53
56
57
37
35
34
34
37
37
37
38
39
40
41
43
37
36
37
39
39
40
39
40
39
39
37
38
34
38
41
41
40
40
40
41
40
40
40
40
40
41
41
40
40
39
40
41
40
40
41
40
41
41
40
39
40
40
40
40
40
40
41
40
41
40
39
40
40
41
40
40
40
40
41
41
41
40
39
41
41
42
41
40
40
40
40
40
127
127
127
127
127
127
127
127
127
127
127
127
127
127
127
127
127
127
127
127
127
127
127
127
127
127
127
127
127
127
127
127
127
127
127
127
127
127
127
127
127
127
127
127
127
127
127
127
127
127
127
127
127
127
127
127
127
127
127
127
127
127
127
127
127
127
127
127
127
127
127
127
112
127
127
127
127
127
127
127
127
125
111
103
68
71
81
112
127
127
122
107
94
87
85
84
43
43
43
46
54
50
50
50
51
54
56
57
38
36
35
35
37
37
37
38
40
41
42
43
37
37
38
40
40
40
40
40
40
40
39
39
35
39
42
42
40
41
41
42
41
41
41
40
40
42
42
40
41
40
40
42
42
42
42
40
42
42
41
40
40
40
40
41
41
41
41
41
42
41
40
40
40
41
41
41
41
41
41
42
42
40
39
42
41
43
43
41
41
40
41
42
