82
79
75
74
71
72
73
75
78
83
87
91
88
85
81
78
76
76
77
79
82
87
91
95
96
92
89
85
83
82
83
85
89
93
97
101
106
102
98
94
92
91
91
93
96
101
105
109
118
114
110
105
103
101
101
103
106
110
115
121
123
126
127
124
119
116
117
118
121
123
123
122
104
110
116
120
127
127
126
123
122
119
116
110
68
71
77
90
116
123
112
106
99
93
89
86
43
40
36
52
86
83
53
52
53
54
56
57
33
52
86
97
74
51
40
41
42
43
43
44
80
103
113
96
58
40
43
43
41
43
42
41
127
127
85
40
40
44
44
43
42
43
44
43
108
58
43
43
43
44
43
42
43
43
44
44
58
41
39
42
44
43
42
40
43
43
44
43
37
43
43
42
43
43
43
41
42
44
44
43
43
43
43
43
43
43
43
43
40
43
43
46
95
92
88
85
83
84
85
87
91
96
99
104
100
97
93
90
88
88
89
91
95
99
103
108
110
105
101
98
96
95
96
97
101
106
110
114
119
115
111
107
105
103
104
106
109
113
118
122
127
127
123
118
115
113
113
116
119
123
127
127
127
127
127
127
127
127
127
127
127
127
127
125
106
113
121
127
127
127
127
127
127
123
116
109
67
71
77
92
122
124
116
108
99
92
88
85
42
43
43
42
50
50
50
50
50
52
54
57
39
37
34
33
35
37
37
37
38
40
40
42
37
36
35
37
38
40
40
39
39
40
39
38
33
33
38
40
40
40
40
40
40
40
41
40
36
39
41
40
41
41
40
40
40
40
40
40
40
40
41
40
40
41
40
39
40
40
41
40
42
40
40
40
40
41
40
39
40
40
41
40
41
41
40
40
40
40
41
40
38
40
41
41
127
127
127
127
127
127
127
127
127
127
127
127
127
127
127
127
127
127
127
127
127
127
127
127
127
127
127
127
127
127
127
127
127
127
127
127
127
127
127
127
127
127
127
127
127
127
127
127
127
127
127
127
127
127
127
127
127
127
127
127
127
127
127
127
127
127
127
127
127
127
127
127
106
120
127
127
127
127
127
127
127
127
117
106
65
69
75
95
127
127
127
114
99
90
86
85
43
43
43
43
51
51
50
49
50
52
55
57
40
38
35
33
35
37
37
37
39
41
42
43
38
37
36
37
39
40
41
40
39
40
40
39
33
33
39
40
41
42
42
40
40
41
42
41
37
40
42
41
42
42
40
40
40
41
42
41
41
42
41
40
41
41
40
40
40
42
42
40
43
42
40
40
41
41
41
40
40
42
42
41
42
41
40
41
40
41
42
40
39
41
42
43
