82
79
75
74
71
72
73
75
78
82
86
90
88
85
81
78
76
76
76
78
82
85
90
94
96
92
89
86
84
82
82
85
88
92
96
100
106
102
98
95
92
91
91
93
96
100
104
108
120
115
110
106
103
101
101
103
105
109
113
119
121
125
126
124
120
116
116
117
120
123
124
124
101
108
113
119
124
127
127
124
123
120
117
113
66
69
75
83
106
123
116
108
102
96
90
87
44
43
39
37
66
99
63
51
53
54
55
57
34
33
51
93
101
70
43
40
41
41
43
44
51
75
110
124
94
49
40
43
43
41
41
41
98
127
127
92
40
40
43
43
45
43
42
43
127
127
76
41
43
44
43
43
43
43
42
42
127
82
44
40
44
44
44
43
43
43
43
43
76
37
40
47
45
44
45
43
43
43
43
44
34
40
45
47
46
43
44
44
43
43
43
44
95
92
88
85
83
84
85
87
90
95
99
102
100
97
93
90
88
88
89
91
94
99
103
106
110
105
101
98
96
95
95
97
100
105
109
113
119
116
111
107
105
103
103
106
109
113
117
121
127
127
123
118
116
113
113
116
118
122
127
127
127
127
127
127
127
127
127
127
127
127
127
127
101
109
117
126
127
127
127
127
127
126
119
113
65
68
74
84
112
127
117
111
103
95
89
86
42
42
43
43
48
50
49
49
50
51
54
56
39
39
37
33
33
36
37
37
39
39
40
42
40
38
36
34
36
39
39
40
40
39
38
38
37
33
33
37
40
40
40
40
41
40
40
40
31
33
37
40
41
41
40
40
40
40
39
40
33
37
40
41
41
41
41
40
40
40
40
40
37
40
41
41
41
41
41
41
40
40
40
40
40
40
41
41
40
40
40
40
41
40
40
41
127
127
127
127
127
127
127
127
127
127
127
127
127
127
127
127
127
127
127
127
127
127
127
127
127
127
127
127
127
127
127
127
127
127
127
127
127
127
127
127
127
127
127
127
127
127
127
127
127
127
127
127
127
127
127
127
127
127
127
127
127
127
127
127
127
127
127
127
127
127
127
127
100
113
127
127
127
127
127
127
127
127
124
111
65
68
72
85
123
127
127
119
104
92
89
86
43
43
43
43
50
52
50
50
50
52
54
57
40
40
38
33
33
35
36
37
39
40
41
43
40
39
37
35
37
39
40
40
40
40
39
39
37
33
33
38
41
41
41
41
42
41
40
40
31
33
37
41
42
42
41
40
41
41
40
40
33
37
40
42
42
42
42
41
41
40
40
41
37
40
42
43
42
42
42
42
41
40
40
41
40
40
42
43
42
41
42
41
42
41
40
42
