83
80
76
74
71
71
72
74
77
81
85
87
89
85
82
78
76
75
76
78
80
84
89
92
96
93
89
86
84
82
82
84
86
90
95
99
107
103
99
95
92
91
91
92
95
99
103
106
122
118
113
106
103
101
101
103
105
107
111
115
115
120
123
123
123
118
116
117
120
122
124
126
92
99
106
113
119
127
127
123
125
123
122
120
63
64
69
75
86
116
119
115
107
102
97
93
43
43
44
44
45
52
68
96
53
52
54
55
42
41
41
40
40
35
81
127
52
38
43
43
43
43
43
43
43
40
120
127
77
37
43
42
43
43
43
43
41
61
127
127
112
39
44
43
43
44
43
43
39
108
127
127
127
43
43
44
43
43
44
40
60
127
127
127
127
65
42
46
43
42
43
43
99
127
127
127
127
97
40
44
43
42
41
47
127
127
127
127
127
123
38
42
95
92
88
85
83
82
84
85
89
92
97
101
101
97
93
90
88
87
88
89
92
96
101
105
110
106
102
98
96
95
95
96
99
103
107
111
120
116
113
107
105
103
103
105
107
111
115
119
127
127
126
121
116
114
113
114
117
120
124
127
116
123
127
127
127
127
127
127
127
127
127
127
91
98
107
117
127
127
127
127
127
127
127
122
63
64
68
74
87
121
123
116
110
103
96
92
43
42
42
42
43
52
51
48
50
50
52
54
39
38
39
37
37
38
35
30
37
39
40
40
40
40
40
40
40
40
34
30
37
40
40
39
40
40
40
40
41
40
33
32
36
40
40
40
40
41
40
40
40
37
32
32
33
40
41
41
40
40
41
41
40
33
32
32
33
38
41
41
40
40
41
42
37
32
32
32
32
37
40
40
40
40
40
41
35
32
32
32
32
35
40
39
127
127
127
127
127
127
127
127
127
127
127
127
127
127
127
127
127
127
127
127
127
127
127
127
127
127
127
127
127
127
127
127
127
127
127
127
127
127
127
127
127
127
127
127
127
127
127
127
127
127
127
127
127
127
127
127
127
127
127
127
122
127
127
127
127
127
127
127
127
127
127
127
89
96
110
127
127
127
127
127
127
127
127
127
63
64
67
71
89
127
127
127
116
104
95
91
43
43
43
42
43
54
52
47
50
51
53
54
40
40
40
38
37
38
33
30
37
40
40
41
40
41
41
40
41
40
34
31
37
40
40
40
40
41
41
40
42
40
33
32
36
41
42
41
40
42
41
41
42
37
32
32
33
40
42
42
41
42
42
42
40
33
32
32
33
38
43
42
41
40
42
43
38
32
32
32
32
37
42
41
41
40
41
42
35
32
32
32
32
36
40
40
