83
80
76
74
71
71
72
74
77
80
84
88
89
85
82
78
76
75
76
78
80
84
88
92
96
93
89
86
84
82
82
84
86
90
94
98
107
103
99
95
92
91
91
92
95
99
103
106
123
119
113
107
103
101
101
103
105
107
111
114
114
119
122
123
123
118
117
117
120
122
124
125
91
97
105
111
118
127
127
123
123
124
123
120
62
64
68
74
85
115
119
115
107
103
98
94
43
43
44
44
45
53
59
97
63
50
54
57
41
41
42
40
40
38
43
120
108
37
40
43
43
43
43
43
43
40
44
127
127
69
37
41
43
43
43
43
42
41
50
127
127
127
47
40
43
43
43
43
43
40
56
127
127
127
95
35
43
42
43
44
44
40
61
127
127
127
127
68
42
42
43
44
44
40
68
127
127
127
127
123
43
43
44
43
44
40
75
127
127
127
127
127
95
92
88
85
83
82
84
85
89
92
97
101
101
97
93
90
88
87
88
89
92
96
101
105
110
106
102
98
96
95
95
96
99
103
107
111
120
116
113
107
105
103
103
105
107
111
115
119
127
127
127
121
116
114
113
114
117
120
124
127
115
122
127
127
127
127
127
127
127
127
127
127
89
97
106
116
126
127
127
127
127
127
127
123
62
64
67
72
85
120
123
116
110
103
97
93
42
42
42
42
43
51
52
47
49
50
51
54
39
38
39
37
37
37
37
32
33
39
38
40
40
40
40
40
40
39
39
33
32
38
38
38
41
40
40
40
40
40
40
34
32
35
40
40
40
40
40
40
40
40
40
33
32
32
37
40
40
40
40
41
41
41
40
33
32
32
33
38
40
40
40
41
41
41
40
33
32
32
32
34
40
40
41
41
42
42
39
32
32
32
32
32
127
127
127
127
127
127
127
127
127
127
127
127
127
127
127
127
127
127
127
127
127
127
127
127
127
127
127
127
127
127
127
127
127
127
127
127
127
127
127
127
127
127
127
127
127
127
127
127
127
127
127
127
127
127
127
127
127
127
127
127
119
127
127
127
127
127
127
127
127
127
127
127
87
94
108
126
127
127
127
127
127
127
127
127
62
64
66
71
86
127
127
127
116
104
96
92
42
43
43
42
43
54
52
48
49
50
53
54
39
39
40
39
38
37
37
31
33
40
40
41
41
40
41
40
41
40
40
33
32
39
39
39
42
40
41
40
40
41
40
34
31
35
41
40
41
41
41
41
41
41
40
33
32
32
37
40
40
40
41
42
42
42
40
33
32
32
33
38
40
40
41
42
42
42
40
33
32
32
32
34
40
40
42
42
43
42
39
32
32
32
32
32
