83
80
77
74
71
72
73
75
78
82
86
90
89
85
82
78
76
76
77
79
82
86
90
94
96
93
89
86
84
82
83
85
88
92
96
100
106
103
99
95
92
91
92
93
96
100
104
108
121
116
111
106
103
101
101
103
106
109
113
117
117
122
124
124
120
117
116
118
120
123
125
126
95
103
110
119
127
127
125
121
123
122
120
118
64
66
71
85
116
120
116
110
103
99
95
92
43
44
43
46
54
54
80
89
49
50
56
57
41
42
40
40
41
40
52
111
104
48
35
42
43
44
43
43
43
42
39
97
127
103
58
38
42
44
43
43
44
43
40
47
127
127
118
61
43
43
43
44
43
42
43
38
78
127
127
127
43
43
43
43
43
40
43
42
47
127
127
127
43
42
43
43
43
41
43
44
39
78
127
127
42
41
42
43
43
42
43
43
43
47
127
127
95
92
88
85
83
83
85
87
90
95
98
103
100
97
93
91
89
88
89
91
94
99
103
107
110
106
102
99
96
96
96
97
100
105
110
113
120
116
111
107
105
104
104
106
109
113
117
121
127
127
124
119
116
114
114
116
118
122
126
127
120
127
127
127
127
127
127
127
127
127
127
127
93
103
113
126
127
127
127
127
127
127
124
119
64
66
71
85
120
123
116
111
104
99
95
92
43
42
43
43
51
52
48
48
51
53
54
56
39
39
38
37
37
37
37
33
34
39
40
40
40
40
40
40
40
40
40
35
32
35
37
38
40
41
40
40
40
40
40
40
33
32
36
40
40
40
40
41
40
39
40
41
37
32
32
34
40
40
40
41
40
37
40
41
40
34
32
32
40
40
40
41
40
38
40
41
41
39
33
32
40
39
40
40
40
40
40
41
41
41
34
32
127
127
127
127
127
127
127
127
127
127
127
127
127
127
127
127
127
127
127
127
127
127
127
127
127
127
127
127
127
127
127
127
127
127
127
127
127
127
127
127
127
127
127
127
127
127
127
127
127
127
127
127
127
127
127
127
127
127
127
127
126
127
127
127
127
127
127
127
127
127
127
127
91
103
122
127
127
127
127
127
127
127
127
120
64
66
69
88
127
127
127
117
106
97
92
90
43
43
43
43
54
53
49
48
51
53
54
56
39
40
39
37
37
37
36
33
34
40
41
42
40
41
40
40
40
40
40
36
33
35
38
40
40
42
41
41
42
41
40
40
34
32
35
40
40
41
41
42
41
40
41
42
38
32
31
34
41
40
41
41
40
38
40
42
41
35
31
32
41
40
41
41
40
39
40
42
42
40
33
32
40
40
40
41
41
40
41
42
42
42
34
32
