83
79
77
75
73
73
74
76
79
83
88
92
89
85
82
79
77
77
78
79
82
87
91
96
96
93
89
86
84
83
84
85
89
93
97
102
106
103
99
95
92
92
92
94
97
101
105
109
120
115
110
106
103
101
101
104
106
110
114
119
121
125
127
123
119
116
117
119
121
123
125
126
100
108
116
127
127
127
122
123
123
121
120
116
65
69
78
106
121
117
113
105
102
98
95
92
44
43
44
50
54
64
98
60
47
55
58
60
42
40
41
40
40
42
93
118
62
35
40
45
43
43
43
43
42
38
70
127
122
67
40
37
43
43
43
43
43
42
38
118
127
127
68
43
44
44
43
43
42
44
39
68
127
127
127
89
44
44
43
43
43
44
41
43
122
127
127
127
44
44
43
43
43
43
42
39
75
127
127
127
45
44
43
43
43
41
42
43
43
127
127
127
96
92
88
86
84
85
85
88
91
96
100
104
101
97
93
91
89
89
89
92
95
99
104
108
110
106
102
99
96
96
96
98
101
106
110
114
120
115
111
107
105
104
104
106
110
114
118
122
127
127
123
118
116
114
114
116
119
123
127
127
125
127
127
127
127
127
127
127
127
127
127
127
99
110
122
127
127
127
127
127
127
126
121
116
65
69
78
110
127
118
114
108
102
96
93
92
42
42
42
48
53
50
48
50
52
54
56
57
38
38
38
37
37
37
34
33
38
40
41
41
40
40
40
40
40
40
37
32
34
37
39
38
40
40
40
40
41
40
39
36
31
34
39
41
41
41
41
40
40
40
40
38
32
32
33
38
42
40
40
40
40
41
40
40
36
32
32
33
42
41
40
40
41
40
40
41
40
33
32
32
41
42
40
40
40
39
39
41
40
33
32
32
127
127
127
127
127
127
127
127
127
127
127
127
127
127
127
127
127
127
127
127
127
127
127
127
127
127
127
127
127
127
127
127
127
127
127
127
127
127
127
127
127
127
127
127
127
127
127
127
127
127
127
127
127
127
127
127
127
127
127
127
127
127
127
127
127
127
127
127
127
127
127
127
98
114
127
127
127
127
127
127
127
127
125
116
64
68
76
120
127
127
123
112
102
95
92
91
43
43
42
50
54
50
47
50
54
54
56
58
40
39
38
37
37
37
33
33
39
41
42
42
41
40
41
40
40
40
37
32
34
38
40
39
41
41
41
41
42
41
40
36
31
34
40
42
42
42
42
41
40
42
41
39
32
32
33
39
42
42
41
41
41
42
41
41
36
31
32
34
42
42
41
41
41
41
40
42
40
32
32
31
43
43
41
40
41
39
40
42
41
33
32
32
