82
79
75
74
73
73
74
76
79
84
88
92
88
85
81
78
77
77
78
80
83
88
92
96
96
92
89
85
83
83
84
86
89
94
98
103
105
102
98
94
92
91
92
94
97
102
106
110
117
113
109
105
103
101
101
104
106
111
116
122
126
127
127
120
118
117
117
118
121
123
125
124
108
116
126
127
127
123
123
122
122
120
118
114
69
76
99
121
119
115
107
103
100
96
93
92
43
44
49
53
66
100
53
52
56
58
60
62
41
40
40
39
48
127
92
37
41
43
44
46
43
43
43
40
45
127
127
68
37
40
41
41
43
43
44
42
45
127
127
127
50
41
43
43
43
44
42
40
45
127
127
127
106
39
43
43
43
43
41
40
46
127
127
127
127
81
40
43
43
43
42
40
47
127
127
127
127
127
63
42
44
43
43
41
47
127
127
127
127
127
99
40
95
92
89
85
85
85
85
88
92
96
101
105
100
97
93
90
89
89
89
92
96
100
105
109
109
105
101
98
96
96
96
98
102
106
111
115
118
114
110
107
105
104
104
106
110
115
119
123
127
127
122
117
115
113
114
116
120
124
127
127
127
127
127
127
127
127
127
127
127
127
127
127
110
120
127
127
127
127
127
127
127
123
118
113
68
75
102
127
120
116
110
104
99
95
93
91
42
42
46
53
50
47
50
51
54
56
58
61
39
37
37
37
37
32
34
39
40
40
42
43
40
40
40
40
39
33
32
37
39
38
37
38
40
40
40
40
40
33
32
34
40
40
40
40
40
41
39
39
40
34
32
32
37
41
41
39
40
40
39
39
41
33
32
32
33
39
41
40
40
40
40
40
40
33
32
32
32
34
40
40
40
40
40
40
40
33
32
32
32
32
38
40
127
127
127
127
127
127
127
127
127
127
127
127
127
127
127
127
127
127
127
127
127
127
127
127
127
127
127
127
127
127
127
127
127
127
127
127
127
127
127
127
127
127
127
127
127
127
127
127
127
127
127
127
127
127
127
127
127
127
127
127
127
127
127
127
127
127
127
127
127
127
127
127
113
127
127
127
127
127
127
127
127
127
118
110
68
73
106
127
127
127
116
105
97
93
92
91
43
42
47
55
50
48
50
52
54
57
58
61
40
38
37
37
36
31
34
40
40
41
42
43
41
40
41
40
40
33
33
38
40
39
38
39
41
40
42
41
40
33
31
35
41
41
40
41
41
42
40
40
41
34
32
32
37
42
42
40
41
41
39
40
42
34
32
32
33
40
42
40
41
41
40
40
41
34
32
32
32
35
40
41
41
41
41
41
40
33
32
32
32
32
38
41
