82
79
75
74
71
72
73
75
78
82
85
89
88
85
81
78
76
76
76
78
81
85
89
93
96
93
89
86
84
82
82
85
87
92
96
99
106
103
99
95
92
91
91
92
96
99
103
109
118
114
110
106
103
101
101
103
105
110
118
126
127
127
127
122
119
117
117
118
120
123
123
122
113
119
125
127
127
127
124
123
122
120
116
110
71
78
96
125
122
115
109
105
100
96
95
93
40
37
55
92
78
53
54
56
57
61
64
68
54
87
97
73
49
40
41
42
43
45
46
47
105
113
95
55
40
42
42
41
42
41
40
40
127
84
41
40
43
43
43
43
43
43
43
43
56
43
43
43
43
43
42
44
44
43
43
43
40
40
43
43
43
42
43
46
45
43
43
43
43
43
42
43
43
41
43
46
45
44
43
45
43
42
42
43
43
42
42
44
46
46
44
45
95
92
88
85
83
84
83
86
89
94
97
103
100
97
93
90
88
88
88
90
93
98
102
106
110
105
101
98
96
95
95
97
99
104
109
113
119
115
111
107
105
103
103
106
108
113
116
121
127
127
123
118
116
113
113
116
118
123
127
127
127
127
127
127
127
127
127
127
127
127
126
123
116
125
127
127
127
127
127
127
125
120
115
110
71
80
99
127
123
118
111
104
99
96
95
92
43
43
44
52
50
51
51
53
55
60
63
67
37
34
33
35
36
37
38
38
40
43
43
45
37
35
37
38
39
40
39
38
39
38
37
37
34
37
41
41
40
40
40
40
40
40
41
40
39
40
41
41
40
40
39
41
41
41
40
40
41
40
40
40
40
39
40
42
41
41
40
40
41
40
40
40
40
39
40
42
41
41
40
41
40
40
39
41
40
40
40
41
41
40
41
40
127
127
127
127
127
127
127
127
127
127
127
127
127
127
127
127
127
127
127
127
127
127
127
127
127
127
127
127
127
127
127
127
127
127
127
127
127
127
127
127
127
127
127
127
127
127
127
127
127
127
127
127
127
127
127
127
127
127
127
127
127
127
127
127
127
127
127
127
127
127
127
123
124
127
127
127
127
127
127
127
127
120
112
107
70
78
105
127
127
127
116
103
97
95
95
93
43
43
45
54
50
51
52
54
57
61
64
68
38
34
33
35
37
37
38
39
41
43
44
46
37
37
37
39
40
40
40
39
39
39
38
38
34
40
42
42
40
41
40
41
41
41
42
42
40
42
42
42
40
40
40
42
42
42
40
40
42
42
41
41
41
40
40
43
42
42
41
41
42
42
40
41
41
39
40
43
42
42
42
42
41
41
40
42
41
40
40
42
43
42
42
42
