83
80
77
74
71
71
71
73
75
78
82
84
89
85
82
78
76
75
75
77
79
82
85
89
97
93
89
86
84
82
82
83
85
88
92
96
108
104
100
96
93
92
91
92
94
96
100
103
122
117
113
108
105
103
102
102
104
107
110
113
118
123
125
127
124
120
119
118
120
121
123
124
96
103
110
116
124
127
127
127
127
124
123
122
64
67
71
78
97
121
121
115
110
106
102
99
43
44
43
44
45
54
103
66
52
56
57
61
41
41
41
37
36
90
127
50
38
42
43
44
43
43
40
41
77
127
127
44
40
41
42
41
43
42
40
64
127
127
119
40
43
43
44
43
42
36
61
127
127
127
96
39
44
44
43
43
36
64
127
127
127
127
73
39
44
44
43
43
64
120
127
127
127
127
54
41
44
44
43
43
107
127
127
127
127
127
45
43
45
44
44
42
96
92
88
85
83
82
82
85
87
89
93
96
101
98
94
91
89
87
87
89
91
94
98
101
110
107
103
99
96
95
95
96
98
102
106
109
120
117
113
109
106
104
103
104
106
110
113
116
127
127
127
121
118
116
115
115
116
120
123
127
121
127
127
127
127
127
127
127
127
127
127
127
95
103
113
122
127
127
127
127
127
127
127
123
64
66
71
78
99
127
123
117
111
106
101
99
42
42
42
42
45
54
48
50
52
53
57
59
38
38
39
37
37
33
31
37
38
39
40
42
40
40
40
40
38
32
33
40
39
39
39
38
40
40
40
38
33
32
35
41
40
40
40
40
40
41
38
33
32
32
37
40
41
41
40
40
41
40
34
32
32
32
38
41
40
40
40
40
40
36
32
32
32
33
40
41
41
40
42
40
37
32
32
32
32
33
40
40
42
40
42
40
127
127
127
127
127
127
127
127
127
127
127
127
127
127
127
127
127
127
127
127
127
127
127
127
127
127
127
127
127
127
127
127
127
127
127
127
127
127
127
127
127
127
127
127
127
127
127
127
127
127
127
127
127
127
127
127
127
127
127
127
127
127
127
127
127
127
127
127
127
127
127
127
92
103
118
127
127
127
127
127
127
127
127
126
64
65
68
75
103
127
127
127
116
105
99
97
43
43
42
42
46
55
49
50
52
54
57
60
39
39
39
38
37
33
30
37
38
40
41
43
40
40
41
40
38
32
33
40
40
40
40
39
41
40
41
39
33
31
36
42
41
41
41
41
40
41
39
34
32
32
38
42
42
42
40
40
42
40
34
32
32
32
39
41
42
42
41
41
40
36
32
32
32
33
40
41
42
42
43
41
38
32
32
32
32
33
40
42
43
41
43
40
