83
80
76
74
71
71
71
73
75
78
82
85
89
85
82
78
76
75
75
77
79
82
85
89
97
94
90
86
84
82
82
83
85
88
92
95
108
104
100
96
93
92
91
92
94
96
100
103
122
119
113
109
105
103
102
102
104
106
109
113
116
120
123
126
124
120
118
118
120
121
122
125
93
99
107
114
122
127
127
125
127
125
123
123
63
65
69
76
90
120
121
116
110
106
103
100
43
44
43
44
47
51
76
93
52
55
58
60
41
42
40
40
40
35
109
122
42
40
43
43
43
43
43
43
40
56
127
127
52
39
41
40
43
43
43
43
40
100
127
127
68
39
42
43
44
43
44
40
61
127
127
127
86
37
43
44
43
43
43
43
112
127
127
127
108
37
43
44
43
43
41
71
127
127
127
127
127
41
43
44
44
45
40
108
127
127
127
127
127
44
43
44
96
92
89
85
83
82
82
85
87
89
92
96
101
98
94
91
89
87
87
89
91
93
97
101
110
107
103
99
96
95
95
96
98
101
105
108
120
117
113
110
106
104
103
104
106
110
113
116
127
127
127
123
118
116
115
115
116
120
123
125
117
124
127
127
127
127
127
127
127
127
127
127
92
99
109
119
127
127
127
127
127
127
127
126
63
65
68
75
91
126
125
119
113
107
103
100
43
42
42
42
43
53
50
49
51
53
55
57
39
38
39
37
37
37
33
32
38
39
40
40
40
40
40
40
40
38
32
32
38
39
38
37
40
40
40
40
41
36
32
33
38
40
40
40
41
40
40
41
40
33
32
32
37
40
40
41
40
40
40
41
36
32
32
32
36
40
40
41
41
40
40
39
33
32
32
32
34
40
40
41
42
40
41
37
32
32
32
32
33
39
40
40
127
127
127
127
127
127
127
127
127
127
127
127
127
127
127
127
127
127
127
127
127
127
127
127
127
127
127
127
127
127
127
127
127
127
127
127
127
127
127
127
127
127
127
127
127
127
127
127
127
127
127
127
127
127
127
127
127
127
127
127
123
127
127
127
127
127
127
127
127
127
127
127
89
98
113
127
127
127
127
127
127
127
127
127
63
64
67
72
92
127
127
127
119
107
100
97
43
43
43
43
43
54
52
49
52
54
56
58
40
40
40
38
37
37
32
32
38
40
40
42
40
41
41
40
41
39
32
33
39
40
38
38
40
40
41
41
42
37
32
33
39
40
40
40
42
40
42
42
40
33
32
32
37
40
41
42
41
41
42
42
37
32
32
32
36
41
41
42
42
42
42
40
33
32
32
32
35
40
41
42
43
43
42
37
32
32
32
32
33
40
42
42
