83
80
76
74
71
71
71
71
74
78
82
85
89
85
82
78
76
75
75
76
78
82
85
89
97
94
90
86
84
82
82
83
85
89
92
95
108
104
100
96
93
92
91
92
94
97
100
103
123
120
114
109
105
103
103
102
104
106
109
112
114
119
123
125
125
120
119
119
120
121
123
124
91
97
106
113
120
127
127
126
126
126
124
123
62
64
68
74
86
117
122
118
110
107
104
102
43
43
44
44
45
53
61
99
61
52
57
59
41
41
41
41
40
39
47
127
99
35
43
43
43
43
43
43
43
40
51
127
127
58
38
41
43
43
43
43
43
40
61
127
127
110
42
42
43
42
43
42
41
39
74
127
127
127
72
37
43
43
43
42
42
40
89
127
127
127
127
47
43
43
43
43
43
40
107
127
127
127
127
92
42
42
44
44
42
39
119
127
127
127
127
127
96
92
89
85
83
82
82
83
85
89
92
97
101
98
94
91
89
87
87
88
90
93
97
101
110
107
103
99
96
95
95
96
98
101
104
107
120
117
113
110
106
104
104
104
106
110
113
116
127
127
127
123
118
116
115
115
116
120
123
125
115
122
127
127
127
127
127
127
127
127
127
127
89
97
106
116
127
127
127
127
127
127
127
127
62
64
67
73
86
123
126
119
114
108
103
100
42
42
42
42
43
52
52
48
51
53
54
57
39
38
38
37
37
38
37
32
34
39
40
41
40
40
40
40
40
40
38
32
32
37
39
38
40
40
40
41
40
40
39
33
32
36
40
40
41
40
40
39
39
41
39
32
32
33
39
40
41
40
40
40
40
41
38
32
32
32
35
40
40
41
40
40
41
41
37
32
32
32
33
37
40
40
40
40
40
40
36
32
32
32
32
34
127
127
127
127
127
127
127
127
127
127
127
127
127
127
127
127
127
127
127
127
127
127
127
127
127
127
127
127
127
127
127
127
127
127
127
127
127
127
127
127
127
127
127
127
127
127
127
127
127
127
127
127
127
127
127
127
127
127
127
127
120
127
127
127
127
127
127
127
127
127
127
127
87
95
108
127
127
127
127
127
127
127
127
127
62
64
66
71
87
127
127
127
120
109
103
99
42
43
43
42
43
54
53
48
50
54
55
57
39
39
39
39
38
37
37
30
33
40
40
42
40
40
40
42
41
40
39
32
32
38
40
39
41
41
41
42
41
41
39
33
32
36
41
40
42
40
41
40
40
42
40
32
32
33
40
42
42
41
41
40
40
43
39
32
32
31
35
41
41
41
41
41
41
42
37
32
32
31
33
38
40
40
42
41
40
41
37
32
32
32
32
34
