83
80
77
74
71
71
71
73
75
78
82
85
89
85
82
78
76
75
75
77
79
82
85
89
98
93
89
86
84
82
82
83
85
88
92
95
109
104
100
96
93
92
91
92
94
96
100
103
123
120
114
109
105
103
102
102
104
106
109
112
112
117
122
124
124
120
119
119
120
121
123
124
88
96
104
112
120
127
127
127
124
126
125
123
61
64
67
73
88
119
121
119
111
106
104
102
43
43
44
43
46
54
55
85
85
50
54
60
42
41
41
41
40
41
40
57
120
96
45
36
43
43
43
43
43
43
40
42
113
127
94
55
43
43
43
43
44
43
43
39
57
127
127
112
43
43
43
43
42
43
43
41
40
105
127
127
43
42
43
43
40
43
43
44
39
61
127
127
43
43
43
43
41
43
44
45
42
39
103
127
44
44
43
43
43
44
43
44
43
38
64
127
96
92
88
85
83
82
82
83
85
89
92
96
101
98
94
91
89
87
87
88
90
93
97
101
111
107
103
99
96
95
95
96
98
101
105
108
121
117
113
110
106
104
104
104
106
110
113
116
127
127
127
123
118
116
115
115
116
120
123
125
113
120
127
127
127
127
127
127
127
127
127
127
88
95
104
116
127
127
127
127
127
127
127
127
62
63
67
72
89
125
124
119
113
108
104
102
42
42
42
43
43
53
51
49
50
54
55
57
40
38
38
38
37
37
37
37
33
35
40
41
40
40
40
40
40
40
40
39
34
31
35
37
40
41
40
41
40
40
40
40
39
33
33
36
41
40
40
40
39
40
40
39
40
37
32
32
40
40
40
40
38
40
41
40
40
40
33
32
40
40
40
40
39
40
41
41
40
41
36
32
41
40
40
41
40
41
40
40
40
41
38
33
127
127
127
127
127
127
127
127
127
127
127
127
127
127
127
127
127
127
127
127
127
127
127
127
127
127
127
127
127
127
127
127
127
127
127
127
127
127
127
127
127
127
127
127
127
127
127
127
127
127
127
127
127
127
127
127
127
127
127
127
115
127
127
127
127
127
127
127
127
127
127
127
85
92
105
125
127
127
127
127
127
127
127
127
62
64
65
69
90
127
127
127
119
110
103
99
42
43
43
42
44
54
52
49
50
54
56
57
40
39
39
39
37
38
37
36
33
36
40
43
41
41
40
42
41
40
40
40
34
32
35
38
41
42
40
42
41
41
41
40
40
33
33
36
42
40
41
41
40
40
41
40
41
37
32
32
41
40
41
40
39
40
42
42
41
40
33
32
41
41
41
40
40
41
42
43
41
42
37
32
42
42
41
41
41
42
41
41
41
42
39
33
