83
80
77
74
71
71
72
74
76
79
83
87
89
85
82
78
76
75
75
78
80
83
87
91
96
93
89
86
84
82
82
84
86
89
93
97
107
103
99
95
92
91
91
92
95
98
102
105
121
116
111
106
104
102
101
102
105
107
111
115
120
125
127
125
120
118
117
118
120
121
123
125
99
108
116
127
127
127
124
123
124
123
123
121
65
69
78
108
123
120
116
109
106
103
102
99
43
44
44
50
55
61
96
71
48
56
61
64
41
41
41
40
40
41
73
118
82
41
37
43
43
43
44
43
42
40
51
120
127
88
52
37
43
44
44
43
43
43
37
63
127
127
104
55
44
44
43
43
42
43
43
40
90
127
127
127
43
43
43
42
43
45
45
41
49
127
127
127
42
43
43
41
43
47
45
44
37
72
127
127
42
43
43
42
43
47
45
43
43
40
119
127
96
92
88
85
83
82
82
85
88
91
95
99
101
97
93
90
88
87
87
89
92
96
99
103
110
106
102
98
96
95
95
96
99
103
106
110
120
116
112
108
106
103
103
105
107
110
114
118
127
127
125
120
116
114
114
114
117
121
124
127
124
127
127
127
127
127
127
127
127
127
127
127
99
109
122
127
127
127
127
127
127
127
125
121
64
68
77
110
127
120
116
111
107
103
101
99
42
42
41
48
53
50
48
51
55
57
60
62
38
38
37
37
37
37
36
33
37
41
43
42
40
40
41
40
39
40
39
34
32
35
37
37
40
40
41
40
40
40
40
40
33
33
37
40
41
40
40
40
40
40
41
41
37
32
32
34
41
40
40
39
40
40
41
42
40
35
31
32
40
41
40
39
40
41
41
41
41
39
33
32
40
40
40
40
41
41
40
40
41
41
36
32
127
127
127
127
127
127
127
127
127
127
127
127
127
127
127
127
127
127
127
127
127
127
127
127
127
127
127
127
127
127
127
127
127
127
127
127
127
127
127
127
127
127
127
127
127
127
127
127
127
127
127
127
127
127
127
127
127
127
127
127
127
127
127
127
127
127
127
127
127
127
127
127
97
113
127
127
127
127
127
127
127
127
127
120
64
67
75
120
127
127
125
115
106
100
99
99
43
43
42
50
54
51
49
51
54
57
60
62
40
39
38
37
37
37
36
33
37
41
43
43
41
41
42
40
40
40
40
33
32
36
38
38
40
42
42
41
40
41
41
40
32
32
37
40
42
40
41
40
40
40
42
42
37
32
32
34
42
41
40
40
40
42
42
43
41
35
31
32
40
42
40
40
42
43
42
42
43
40
33
32
40
41
41
40
42
43
42
41
43
43
36
32
