82
79
75
74
71
72
73
75
78
82
85
89
88
85
81
78
76
76
76
78
81
85
89
93
96
93
89
86
84
82
82
85
87
92
96
99
106
103
99
95
92
91
91
92
96
99
104
109
117
113
110
106
103
101
101
102
106
111
119
125
127
127
126
122
120
117
117
118
121
123
124
123
121
127
127
127
127
127
123
123
123
121
117
114
80
107
122
122
117
112
108
105
103
100
99
98
44
49
50
100
74
51
56
58
61
65
68
71
38
33
82
127
60
37
42
43
44
45
47
49
40
69
127
127
51
39
42
42
40
40
40
41
60
127
127
127
43
43
44
44
43
43
43
44
127
127
127
114
39
43
43
45
43
43
43
42
127
127
127
89
38
43
45
44
43
42
43
42
127
127
127
67
39
43
44
44
43
42
43
43
127
127
127
53
40
42
42
44
43
42
42
44
95
92
88
85
83
84
83
86
89
94
97
101
100
97
93
90
88
88
88
90
93
98
102
106
110
106
102
98
96
95
95
97
99
104
109
113
119
115
111
107
105
103
103
106
108
113
116
120
127
126
122
118
116
114
113
116
118
123
127
127
127
127
127
127
127
127
127
127
127
127
127
124
127
127
127
127
127
127
127
127
125
121
117
113
79
110
127
123
120
113
109
104
102
100
99
98
43
48
52
48
50
52
54
56
60
63
68
70
38
37
34
30
36
38
39
40
41
42
44
46
40
38
33
32
38
39
39
39
37
37
37
37
39
34
32
34
40
40
40
40
40
40
40
40
34
32
32
37
41
40
40
41
40
40
40
40
32
32
32
37
40
41
42
41
40
39
40
40
32
32
32
39
40
40
41
41
40
39
40
40
32
32
33
40
40
39
40
41
41
40
40
41
127
127
127
127
127
127
127
127
127
127
127
127
127
127
127
127
127
127
127
127
127
127
127
127
127
127
127
127
127
127
127
127
127
127
127
127
127
127
127
127
127
127
127
127
127
127
127
127
127
127
127
127
127
127
127
127
127
127
127
127
127
127
127
127
127
127
127
127
127
127
127
126
127
127
127
127
127
127
127
127
127
120
114
111
79
119
127
127
127
120
109
103
99
100
99
99
43
50
54
49
50
53
54
57
60
64
68
71
39
38
33
30
36
39
40
41
43
43
46
47
41
39
33
32
39
40
40
40
39
37
38
38
40
34
32
34
40
41
42
42
41
41
40
42
34
32
32
37
42
40
41
42
41
40
40
40
32
32
32
37
42
41
42
42
40
40
41
40
32
32
32
39
42
40
42
42
41
40
40
41
32
32
33
40
41
40
40
42
42
40
40
42
