82
79
75
74
71
72
72
75
77
82
85
89
88
85
81
78
76
76
76
78
81
85
89
93
97
93
89
86
84
82
82
85
87
92
95
99
106
103
99
95
92
91
91
92
95
99
103
109
117
113
110
106
103
101
101
102
105
111
120
126
127
127
126
122
120
117
117
118
121
123
124
123
122
127
127
127
127
126
123
123
123
121
117
113
82
108
122
123
116
112
108
105
103
100
99
99
44
43
63
107
58
54
57
59
61
66
69
73
33
61
121
97
40
40
43
43
45
46
47
49
72
123
127
71
39
41
41
41
41
40
40
40
127
127
116
37
43
42
43
44
43
43
44
43
127
127
61
39
43
43
44
43
43
43
45
43
127
107
40
41
43
44
44
43
43
43
43
43
127
62
37
42
43
45
44
43
43
43
42
43
111
38
41
42
43
44
45
43
44
43
42
43
95
92
88
85
83
82
84
86
89
94
98
102
100
97
93
90
88
87
88
90
93
98
102
106
110
106
102
98
96
95
95
96
99
104
108
113
119
115
111
107
105
103
103
105
108
112
116
121
127
126
122
118
116
114
113
116
118
123
127
127
127
127
127
127
127
127
127
127
127
127
126
123
127
127
127
127
127
127
127
127
124
120
116
113
81
112
127
123
120
113
108
104
101
100
99
99
43
49
52
47
51
52
54
57
60
64
68
71
37
36
32
33
37
38
39
40
42
43
44
47
38
34
32
37
40
38
39
38
38
37
37
37
33
31
36
40
40
39
40
40
40
40
40
40
32
33
39
41
40
40
41
40
40
40
41
40
32
36
40
40
40
41
41
41
41
40
40
41
33
38
40
39
40
41
41
41
41
40
40
41
34
40
40
40
40
41
41
42
41
40
40
41
127
127
127
127
127
127
127
127
127
127
127
127
127
127
127
127
127
127
127
127
127
127
127
127
127
127
127
127
127
127
127
127
127
127
127
127
127
127
127
127
127
127
127
127
127
127
127
127
127
127
127
127
127
127
127
127
127
127
127
127
127
127
127
127
127
127
127
127
127
127
127
123
127
127
127
127
127
127
127
127
127
119
113
111
81
120
127
127
127
120
109
102
100
99
99
99
43
50
53
47
51
53
54
57
61
64
69
72
38
36
31
33
37
38
40
40
43
44
45
47
39
35
32
38
40
40
40
39
39
39
37
37
33
32
36
41
41
40
41
41
41
41
41
41
32
33
40
42
41
41
42
41
41
41
43
41
32
37
41
40
40
42
42
42
42
41
41
42
33
39
41
40
40
42
42
42
42
41
40
42
35
40
40
40
40
42
43
42
42
40
40
42
