83
80
77
74
71
72
72
75
77
81
85
88
89
85
82
78
76
76
76
78
81
85
89
92
97
94
89
86
84
82
82
84
87
90
94
99
106
103
99
96
93
91
91
92
95
98
103
110
118
114
110
106
103
102
101
102
105
112
121
127
127
127
127
123
120
118
118
118
121
123
123
123
120
127
127
127
127
127
124
123
123
120
116
112
78
99
123
126
119
113
109
106
103
100
99
99
37
46
85
90
56
54
57
59
62
68
71
75
73
101
89
57
40
41
43
43
45
47
48
49
118
112
73
41
41
42
41
41
41
41
40
40
123
58
37
43
43
43
43
43
43
43
43
43
50
43
43
43
43
42
43
46
44
43
43
43
40
42
42
43
43
42
42
44
46
44
44
43
43
43
41
43
43
44
43
43
45
45
44
43
42
40
42
44
46
47
44
43
43
44
45
44
96
92
88
85
83
84
83
86
89
93
97
101
101
97
93
91
89
88
88
90
92
97
101
105
110
106
103
99
96
95
95
97
99
103
107
112
120
116
112
108
106
103
103
106
108
111
115
121
127
127
123
119
116
114
114
116
118
123
127
127
127
127
127
127
127
127
127
127
127
127
125
123
126
127
127
127
127
127
127
127
124
120
116
112
78
102
127
125
121
115
110
105
102
100
99
99
42
46
51
49
51
53
54
57
61
65
70
74
34
32
33
36
37
38
39
40
42
43
46
47
35
35
37
40
40
39
38
38
37
37
37
37
36
40
40
41
41
40
40
40
40
40
40
40
40
41
40
40
40
39
40
41
41
41
40
40
42
41
40
40
40
39
40
40
40
40
41
41
40
39
39
41
41
40
40
40
40
40
41
41
38
37
40
42
42
42
40
40
40
40
41
41
127
127
127
127
127
127
127
127
127
127
127
127
127
127
127
127
127
127
127
127
127
127
127
127
127
127
127
127
127
127
127
127
127
127
127
127
127
127
127
127
127
127
127
127
127
127
127
127
127
127
127
127
127
127
127
127
127
127
127
127
127
127
127
127
127
127
127
127
127
127
127
122
127
127
127
127
127
127
127
127
127
118
113
110
77
107
127
127
127
121
110
103
100
100
99
99
42
47
52
50
51
53
55
57
61
66
71
74
36
33
33
35
37
38
40
40
43
45
47
48
36
36
37
40
40
40
39
39
39
39
38
37
36
40
42
42
41
40
40
41
41
41
42
41
41
42
41
40
41
40
40
43
42
42
41
41
43
42
40
40
41
40
40
43
42
42
42
42
41
40
40
42
42
42
40
42
41
42
42
42
39
38
40
43
43
43
41
41
40
42
42
42
