83
80
76
74
71
72
72
74
76
80
84
87
89
85
82
78
76
76
76
78
80
84
88
91
97
94
90
86
84
82
82
84
86
89
93
98
106
103
99
96
93
91
91
92
95
97
102
109
119
114
110
106
104
102
101
102
104
111
122
127
127
127
127
123
121
119
118
118
121
123
125
123
119
125
127
127
127
127
125
123
123
122
117
112
76
90
121
126
120
113
110
106
103
101
99
99
37
48
83
88
59
53
57
59
62
68
71
76
84
95
78
55
42
40
42
43
45
47
48
50
111
98
64
41
41
42
43
42
41
40
39
40
85
44
37
43
43
43
45
44
43
43
43
43
43
42
42
44
44
43
43
44
44
43
43
43
40
43
43
44
44
43
43
45
44
43
42
43
44
44
43
44
43
43
45
45
43
43
41
43
45
43
43
43
43
44
47
44
43
43
42
44
96
92
88
85
83
82
84
85
87
92
96
100
101
97
93
91
89
87
88
89
92
96
100
104
110
106
103
99
96
95
95
96
99
103
106
111
120
116
112
108
106
104
103
105
107
111
115
120
127
127
123
120
116
115
114
116
118
123
127
127
127
127
127
127
127
127
127
127
127
127
125
123
123
127
127
127
127
127
127
127
125
121
116
112
77
92
127
127
122
116
110
106
103
101
99
99
43
43
50
50
50
52
54
57
61
65
71
75
35
33
34
37
37
37
39
40
41
43
45
48
36
37
37
40
40
39
39
39
37
37
36
37
37
40
40
40
40
40
40
41
40
40
40
40
40
40
40
41
41
40
40
40
41
40
40
40
41
40
40
40
41
40
40
41
41
40
40
40
41
40
40
40
40
40
42
41
41
40
39
41
42
41
40
40
40
41
43
41
40
40
40
41
127
127
127
127
127
127
127
127
127
127
127
127
127
127
127
127
127
127
127
127
127
127
127
127
127
127
127
127
127
127
127
127
127
127
127
127
127
127
127
127
127
127
127
127
127
127
127
127
127
127
127
127
127
127
127
127
127
127
127
127
127
127
127
127
127
127
127
127
127
127
127
122
127
127
127
127
127
127
127
127
127
118
113
111
75
94
127
127
127
123
111
104
101
100
99
99
43
43
53
51
52
52
54
57
61
66
71
75
36
33
34
37
37
37
40
41
43
45
46
49
36
37
38
40
40
40
40
40
39
38
37
37
38
41
40
41
40
41
42
42
41
40
40
40
41
40
40
42
42
41
40
42
42
41
41
40
42
41
40
41
42
41
41
42
42
41
40
41
42
42
40
41
41
41
43
42
41
41
40
41
43
42
40
41
40
42
44
42
40
40
40
42
