83
80
76
74
71
71
71
71
74
76
80
83
89
85
82
79
77
75
75
76
78
82
85
88
97
95
91
87
85
83
82
83
85
89
92
95
107
104
100
96
94
92
92
92
94
97
100
103
120
116
112
108
106
103
103
103
104
106
110
117
123
127
127
127
123
120
120
119
120
121
123
125
104
111
117
126
127
127
127
127
126
124
123
120
68
71
78
93
122
127
117
113
110
105
103
101
43
43
38
41
85
92
54
55
57
61
64
68
33
35
59
103
97
58
40
41
43
43
45
47
53
82
116
124
82
41
41
42
41
40
40
40
104
127
127
77
37
42
43
43
42
43
44
43
127
127
70
40
43
42
42
44
43
43
45
44
127
80
42
40
43
43
43
44
45
43
43
43
78
39
39
44
43
44
43
43
44
43
43
43
35
41
41
41
43
44
43
43
43
43
43
43
96
92
89
85
83
82
82
83
85
89
92
96
101
98
94
91
89
87
87
88
90
93
97
100
110
106
103
99
96
95
95
96
98
101
104
107
120
117
113
109
106
104
104
104
106
110
113
116
127
127
126
121
118
116
116
115
118
120
123
127
127
127
127
127
127
127
127
127
127
127
127
127
104
113
123
127
127
127
127
127
127
127
124
120
66
71
77
96
127
127
120
115
109
105
103
101
42
42
42
44
51
50
51
52
55
59
63
67
38
39
37
33
33
35
37
38
40
41
42
44
39
38
35
35
37
39
40
40
38
37
37
37
36
33
33
37
41
40
40
40
40
40
41
40
31
33
38
40
40
39
40
41
40
40
41
41
33
38
41
41
40
40
40
41
41
40
40
40
37
40
40
41
40
40
40
40
41
40
40
40
40
40
39
39
40
40
40
40
40
41
40
40
127
127
127
127
127
127
127
127
127
127
127
127
127
127
127
127
127
127
127
127
127
127
127
127
127
127
127
127
127
127
127
127
127
127
127
127
127
127
127
127
127
127
127
127
127
127
127
127
127
127
127
127
127
127
127
127
127
127
127
127
127
127
127
127
127
127
127
127
127
127
127
127
105
120
127
127
127
127
127
127
127
127
126
117
65
69
75
98
127
127
127
120
109
103
101
101
43
43
43
44
53
51
52
53
55
59
63
68
40
40
37
33
33
36
37
39
40
42
43
45
40
39
36
35
37
40
40
40
39
38
38
38
36
33
33
38
42
41
41
41
40
40
42
41
31
33
39
40
41
40
40
42
41
40
42
42
33
38
42
42
41
40
40
42
42
41
41
41
38
41
41
42
41
41
41
41
42
41
41
41
40
40
40
40
41
41
41
40
41
42
41
41
