83
80
77
74
71
71
71
71
74
76
80
82
89
85
82
79
77
75
75
76
78
81
84
87
97
94
90
87
85
83
83
84
85
88
91
94
107
105
100
96
94
92
92
92
94
96
100
103
121
117
113
109
106
104
103
103
105
106
110
113
119
123
126
127
126
122
120
120
121
122
123
125
96
103
111
118
127
127
127
127
127
127
125
124
64
67
71
79
99
124
124
116
112
109
106
104
43
43
43
44
43
61
106
59
54
58
61
64
41
41
41
33
46
111
116
39
41
43
43
46
43
42
38
52
99
127
103
37
42
42
41
41
41
41
45
98
127
127
64
39
44
44
43
43
38
44
106
127
127
127
46
42
43
43
41
42
52
107
127
127
127
112
39
43
43
43
42
41
106
127
127
127
127
79
38
43
43
44
43
41
127
127
127
127
127
59
40
43
44
45
43
42
96
92
89
85
83
82
82
83
85
89
92
95
101
98
94
91
89
87
87
88
90
93
96
99
110
106
103
99
98
95
95
96
98
100
104
106
120
117
113
110
107
105
104
105
107
110
113
115
127
127
127
122
119
117
116
116
117
120
123
125
122
127
127
127
127
127
127
127
127
127
127
127
96
104
113
124
127
127
127
127
127
127
127
125
64
67
71
78
102
127
124
119
113
108
105
103
42
42
43
41
46
54
48
51
53
55
59
62
38
38
38
38
37
33
33
37
38
40
40
43
40
40
40
40
36
31
36
40
39
39
38
37
40
40
40
36
33
32
39
40
40
40
41
40
41
40
37
32
32
34
41
40
40
41
39
40
40
36
33
32
32
36
41
40
40
40
40
39
37
33
32
32
33
38
40
40
40
40
40
39
33
32
32
32
33
40
40
40
41
41
40
40
127
127
127
127
127
127
127
127
127
127
127
127
127
127
127
127
127
127
127
127
127
127
127
127
127
127
127
127
127
127
127
127
127
127
127
127
127
127
127
127
127
127
127
127
127
127
127
127
127
127
127
127
127
127
127
127
127
127
127
127
127
127
127
127
127
127
127
127
127
127
127
127
93
104
120
127
127
127
127
127
127
127
127
127
64
65
69
76
109
127
127
127
117
107
103
102
43
43
42
42
47
56
49
52
54
56
60
63
40
39
39
39
37
32
32
37
38
40
42
43
40
40
41
40
37
31
36
40
40
40
39
39
40
41
40
37
33
32
39
41
42
42
42
40
42
41
37
33
32
34
41
40
41
41
40
40
41
37
33
32
32
36
41
40
41
41
40
39
37
33
32
32
33
39
41
40
41
41
40
39
33
32
32
32
33
40
41
40
42
42
41
40
