83
80
77
74
71
71
71
71
74
76
78
83
89
85
82
79
77
75
75
76
78
81
84
87
97
93
89
87
85
83
83
84
86
89
92
94
108
104
100
97
94
92
92
92
95
97
100
103
123
120
115
110
106
104
104
104
105
107
110
112
111
116
122
125
126
123
121
121
122
123
123
125
87
95
103
111
120
127
127
127
127
127
127
126
61
64
67
72
85
119
123
121
114
110
108
106
43
43
44
44
45
54
54
81
92
53
54
61
41
41
41
40
40
40
39
51
110
107
53
36
43
43
43
43
43
42
41
40
93
127
108
64
43
43
43
44
44
43
43
43
43
127
127
127
43
44
45
43
43
42
43
43
37
73
127
127
43
44
45
43
43
43
43
43
38
43
121
127
43
43
43
43
43
44
44
43
42
37
72
127
42
41
43
43
43
44
44
42
43
41
43
126
95
92
88
85
83
82
82
83
85
89
92
94
101
98
94
91
89
87
87
88
90
93
96
99
110
107
103
99
97
95
95
96
98
101
104
107
120
116
113
110
107
105
105
105
107
110
113
115
127
127
127
124
120
117
116
116
118
120
123
125
112
120
127
127
127
127
127
127
127
127
127
127
87
94
103
115
127
127
127
127
127
127
127
127
61
64
67
72
85
125
127
120
116
111
108
105
42
43
42
43
43
53
52
50
50
54
57
59
39
39
38
38
37
37
37
37
33
34
39
42
40
40
40
40
40
39
40
40
36
32
33
37
40
40
40
40
41
40
40
41
40
34
32
34
40
40
41
40
40
40
40
40
39
37
33
32
41
40
41
40
40
40
40
40
39
40
36
32
40
40
41
40
40
42
40
40
40
40
39
33
40
39
40
40
40
42
41
40
40
40
40
35
127
127
127
127
127
127
127
127
127
127
127
127
127
127
127
127
127
127
127
127
127
127
127
127
127
127
127
127
127
127
127
127
127
127
127
127
127
127
127
127
127
127
127
127
127
127
127
127
127
127
127
127
127
127
127
127
127
127
127
127
113
127
127
127
127
127
127
127
127
127
127
127
85
91
103
123
127
127
127
127
127
127
127
127
61
64
65
70
85
127
127
127
123
112
106
103
42
43
43
43
43
54
53
50
50
54
57
60
40
39
39
40
37
37
37
36
33
35
40
43
40
40
40
41
41
40
40
40
37
32
34
37
41
40
41
41
42
40
41
42
41
34
32
34
41
41
42
41
41
40
41
40
40
38
33
32
42
41
42
41
40
41
41
40
39
40
36
32
41
40
42
41
40
43
41
40
40
41
39
33
40
40
41
40
41
43
42
40
41
41
41
35
