83
80
77
74
71
71
71
71
74
78
81
84
89
85
82
79
77
75
75
76
78
81
85
88
97
94
90
87
85
83
82
83
85
88
92
94
108
104
100
96
94
92
92
92
94
97
100
103
122
118
114
109
106
103
103
103
104
107
110
113
116
121
126
127
123
121
120
120
120
121
123
125
92
101
110
121
127
127
127
126
126
126
126
124
63
65
71
86
119
123
120
116
110
108
106
105
43
44
43
46
54
54
68
92
71
51
57
64
41
42
40
40
41
40
45
69
106
93
50
36
43
43
43
43
43
43
40
50
98
127
103
68
43
43
43
43
43
44
44
39
40
106
127
127
46
43
43
43
43
42
42
42
40
43
96
127
44
43
42
43
43
41
43
43
41
37
53
101
43
43
43
43
42
41
43
43
44
43
38
49
43
43
45
43
42
41
43
44
47
44
43
41
96
92
89
85
83
82
82
83
85
88
92
96
101
98
94
91
89
87
87
88
90
92
96
100
110
106
103
99
96
95
95
96
98
100
103
108
120
117
113
110
106
105
104
105
107
110
112
116
127
127
127
122
119
116
116
116
118
120
122
126
117
126
127
127
127
127
127
127
127
127
127
127
92
101
113
127
127
127
127
127
127
127
127
126
64
66
70
86
124
127
120
116
112
108
106
104
43
42
42
43
52
52
50
50
53
57
60
63
39
38
38
37
37
37
37
36
35
37
40
42
40
40
40
40
40
39
40
39
35
33
33
35
40
41
40
40
41
40
40
40
40
37
33
34
41
40
40
40
40
40
40
40
39
40
37
33
41
40
40
40
40
39
40
40
39
40
40
37
41
40
40
40
40
38
41
40
40
40
40
40
40
41
40
40
40
39
40
40
42
40
40
41
127
127
127
127
127
127
127
127
127
127
127
127
127
127
127
127
127
127
127
127
127
127
127
127
127
127
127
127
127
127
127
127
127
127
127
127
127
127
127
127
127
127
127
127
127
127
127
127
127
127
127
127
127
127
127
127
127
127
127
127
123
127
127
127
127
127
127
127
127
127
127
127
89
100
120
127
127
127
127
127
127
127
127
127
63
65
68
87
127
127
127
123
113
107
104
103
43
43
42
43
54
54
50
50
54
57
61
62
39
40
39
37
37
37
37
37
35
37
41
43
40
41
40
40
40
40
41
39
36
33
34
36
41
42
41
41
42
41
42
40
40
37
33
34
43
41
40
41
41
40
40
40
40
40
38
33
43
40
40
41
40
40
41
41
40
40
41
38
42
41
41
41
40
39
42
41
42
40
42
42
41
42
42
41
40
40
41
42
43
41
40
42
