83
80
77
74
71
71
71
71
74
77
80
83
89
85
82
79
77
75
75
76
78
82
85
88
97
94
90
87
85
83
82
83
85
89
92
95
107
104
99
96
94
92
92
92
94
97
100
103
121
117
113
108
106
103
103
103
104
107
110
113
119
124
127
127
123
120
120
120
120
121
123
125
96
106
116
127
127
127
127
125
126
126
125
124
64
68
76
104
125
121
120
113
109
107
106
104
43
44
44
50
55
57
85
86
54
54
62
66
41
41
41
40
40
41
55
96
108
63
37
39
43
43
43
43
41
41
40
78
127
119
77
49
43
43
43
43
42
43
42
37
80
127
127
99
42
43
43
43
45
44
44
43
40
82
127
127
43
42
43
44
46
44
45
43
38
45
98
127
45
42
43
45
46
44
45
43
43
37
48
104
45
43
43
45
46
43
45
45
43
43
37
46
96
92
89
85
83
82
82
83
85
89
92
96
101
98
94
91
89
87
87
88
90
93
97
100
110
106
103
99
96
95
95
96
98
101
105
108
120
117
113
109
106
104
104
104
106
110
113
116
127
127
127
121
118
116
116
115
117
120
122
126
122
127
127
127
127
127
127
127
127
127
127
127
96
107
120
127
127
127
127
127
127
127
127
124
64
68
75
106
127
123
119
114
110
107
106
104
42
42
42
47
54
51
50
51
55
58
61
64
38
38
37
37
37
37
37
34
35
39
42
43
40
40
40
40
39
39
39
36
33
33
35
37
40
40
40
40
40
40
40
40
38
33
33
37
39
40
40
40
40
41
41
41
40
38
33
32
40
40
40
40
41
41
41
41
40
40
37
32
42
40
40
40
41
41
41
41
40
40
40
36
42
40
40
40
40
41
40
41
41
40
40
40
127
127
127
127
127
127
127
127
127
127
127
127
127
127
127
127
127
127
127
127
127
127
127
127
127
127
127
127
127
127
127
127
127
127
127
127
127
127
127
127
127
127
127
127
127
127
127
127
127
127
127
127
127
127
127
127
127
127
127
127
127
127
127
127
127
127
127
127
127
127
127
127
94
110
127
127
127
127
127
127
127
127
127
125
64
66
72
113
127
127
127
118
110
105
103
103
43
43
42
48
55
52
50
51
56
59
62
64
39
39
39
38
37
37
37
35
35
40
43
44
40
40
41
41
40
40
40
37
33
33
36
37
41
41
41
41
40
41
40
41
39
33
33
37
40
41
40
40
42
42
42
41
41
38
33
32
41
40
40
41
43
42
42
41
40
40
37
32
43
40
40
42
43
42
42
42
41
41
41
37
43
40
40
42
42
41
42
43
42
41
40
40
