83
80
77
74
71
71
71
73
75
79
83
86
89
85
82
78
76
75
75
77
79
83
87
90
97
94
89
86
84
82
82
83
85
89
92
96
106
103
99
96
93
91
91
92
94
97
101
106
117
114
110
107
104
102
102
102
104
110
119
127
127
127
127
124
122
120
119
119
121
124
126
125
126
127
127
127
127
127
126
124
125
124
120
116
89
116
123
124
116
113
110
108
106
104
103
103
46
46
67
107
54
55
57
61
65
69
73
77
31
56
123
103
37
41
43
43
45
47
48
50
62
114
127
82
38
42
43
41
40
40
40
39
124
127
127
48
42
43
45
43
43
43
43
42
127
127
111
40
44
43
43
44
44
43
43
43
127
127
72
39
44
43
42
44
44
44
43
43
127
127
47
41
43
43
43
45
44
45
43
41
127
110
38
43
43
43
44
47
44
44
42
41
96
92
88
85
83
82
82
84
86
90
94
99
101
97
93
91
89
87
87
89
91
95
99
103
110
106
103
99
96
95
95
96
98
102
106
110
120
116
113
108
106
103
103
104
106
110
114
118
127
127
123
120
117
115
114
116
118
122
127
127
127
127
127
127
127
127
127
127
127
127
127
126
127
127
127
127
127
127
127
127
126
123
120
116
89
121
127
123
120
114
110
107
105
104
103
103
43
50
50
47
51
53
56
59
63
67
72
76
37
36
31
33
37
38
40
41
42
44
46
47
38
35
31
37
40
39
39
39
37
37
36
36
34
32
33
40
40
40
40
41
40
40
40
40
32
32
36
41
41
40
40
40
41
40
40
40
32
33
39
41
41
40
40
41
40
41
40
40
32
35
40
40
41
40
40
41
40
41
40
39
32
37
40
40
41
40
40
41
40
41
40
38
127
127
127
127
127
127
127
127
127
127
127
127
127
127
127
127
127
127
127
127
127
127
127
127
127
127
127
127
127
127
127
127
127
127
127
127
127
127
127
127
127
127
127
127
127
127
127
127
127
127
127
127
127
127
127
127
127
127
127
127
127
127
127
127
127
127
127
127
127
127
127
126
127
127
127
127
127
127
127
127
127
121
116
115
91
127
127
127
127
119
110
105
104
104
103
103
44
51
52
48
52
54
56
60
63
68
72
76
38
35
31
33
37
38
40
42
43
45
47
48
40
35
31
37
40
40
40
40
38
38
37
37
35
32
33
40
41
40
42
42
41
41
40
40
32
32
36
42
42
41
41
42
42
41
41
41
32
33
39
42
42
41
40
42
41
42
40
41
32
35
40
42
42
41
41
43
41
42
40
40
32
37
41
41
42
41
42
43
42
42
40
39
