83
80
77
74
71
71
71
73
75
78
82
85
89
85
82
78
76
75
75
77
79
82
86
89
97
93
89
86
84
82
82
83
85
89
92
96
106
103
99
96
93
91
91
92
94
96
101
106
117
115
111
107
104
103
102
102
104
111
120
127
127
127
127
124
122
120
119
119
121
124
126
125
125
127
127
127
127
127
126
124
125
123
120
116
86
114
123
125
116
113
110
108
106
104
103
103
41
43
84
96
53
56
57
61
65
70
75
78
44
90
121
65
39
41
43
43
45
47
49
51
102
127
114
44
41
42
43
40
40
39
40
40
127
127
53
40
43
43
44
42
43
42
44
44
127
76
40
43
43
43
43
42
42
43
44
44
99
47
42
44
43
43
44
43
43
43
43
44
51
40
44
43
43
43
43
43
44
44
43
44
40
44
43
43
42
42
42
42
45
45
43
43
96
92
88
85
83
82
82
84
86
91
95
99
101
97
93
91
89
87
87
89
91
95
99
103
110
106
103
99
96
95
95
96
98
101
105
110
120
116
113
108
106
103
103
104
106
110
113
119
127
127
123
120
117
115
114
116
118
122
127
127
127
127
127
127
127
127
127
127
127
127
127
125
127
127
127
127
127
127
127
127
126
123
119
116
87
120
127
123
120
115
110
107
105
104
103
103
43
50
50
48
52
53
56
59
64
68
73
78
37
33
31
35
37
38
40
41
43
44
46
48
37
33
34
40
39
39
39
38
37
36
36
37
33
34
40
41
40
40
40
40
40
40
40
40
33
38
41
40
40
40
40
40
40
41
41
40
36
40
42
40
40
40
41
40
40
40
40
40
40
41
42
40
40
40
40
40
40
40
40
40
41
41
41
40
40
40
39
39
41
41
40
40
127
127
127
127
127
127
127
127
127
127
127
127
127
127
127
127
127
127
127
127
127
127
127
127
127
127
127
127
127
127
127
127
127
127
127
127
127
127
127
127
127
127
127
127
127
127
127
127
127
127
127
127
127
127
127
127
127
127
127
127
127
127
127
127
127
127
127
127
127
127
127
124
127
127
127
127
127
127
127
127
127
120
116
114
88
127
127
127
127
120
110
105
104
104
103
103
43
51
50
49
53
54
57
60
64
68
73
78
38
33
30
35
38
38
40
42
43
45
47
49
37
33
35
40
40
40
40
39
38
37
37
37
32
34
41
42
40
41
42
40
40
40
42
42
32
39
42
41
40
40
41
40
41
42
41
42
37
41
43
41
41
41
42
40
41
41
41
42
40
42
43
41
41
41
41
40
42
42
41
42
42
42
42
41
41
40
40
40
43
43
41
41
