83
80
76
74
71
71
71
71
74
78
82
85
89
85
82
78
76
75
75
76
78
82
85
89
98
94
90
86
84
82
82
83
85
88
91
95
107
103
99
96
93
92
91
92
94
96
100
106
119
115
111
108
105
103
103
103
103
110
119
127
127
127
127
125
123
121
120
119
121
124
125
125
118
127
127
127
127
127
127
125
125
124
121
116
76
90
122
126
121
115
111
109
106
105
105
103
39
39
71
99
64
53
57
60
64
68
74
78
52
92
105
68
43
40
42
43
44
47
48
50
111
125
96
47
40
42
42
42
41
40
39
38
127
98
39
40
43
43
43
43
44
43
42
42
82
44
43
45
44
43
43
43
43
42
42
43
47
39
43
45
44
43
43
43
44
43
41
43
40
43
43
44
44
43
43
43
44
44
42
43
43
43
44
45
45
43
43
43
44
44
43
43
96
92
89
85
83
82
82
83
85
89
92
97
101
98
94
91
89
87
87
88
90
93
97
101
110
107
103
99
96
95
95
96
98
101
104
108
120
116
113
109
106
104
104
104
106
110
113
117
127
127
124
120
118
116
115
116
118
121
127
127
127
127
127
127
127
127
127
127
127
127
127
125
123
127
127
127
127
127
127
127
127
124
120
116
76
92
127
127
123
118
112
108
106
105
104
104
42
43
51
49
50
53
54
57
62
67
72
77
37
33
33
35
36
37
39
40
42
44
46
47
36
34
36
39
40
39
39
38
37
37
36
36
32
37
40
40
41
40
40
41
40
40
40
40
37
40
40
40
41
41
40
40
40
39
40
40
40
40
40
41
41
40
40
40
40
40
39
40
41
40
40
41
41
40
40
40
40
41
40
40
41
40
40
40
41
40
40
41
41
41
40
40
127
127
127
127
127
127
127
127
127
127
127
127
127
127
127
127
127
127
127
127
127
127
127
127
127
127
127
127
127
127
127
127
127
127
127
127
127
127
127
127
127
127
127
127
127
127
127
127
127
127
127
127
127
127
127
127
127
127
127
127
127
127
127
127
127
127
127
127
127
127
127
125
127
127
127
127
127
127
127
127
127
123
117
115
75
95
127
127
127
125
113
107
104
105
104
104
43
45
53
50
51
54
55
58
62
67
73
78
37
33
33
34
36
38
40
41
43
44
47
48
36
35
37
40
40
40
40
40
39
38
37
37
32
37
41
41
42
41
41
42
42
41
40
40
38
40
42
42
42
42
40
41
41
40
40
40
41
40
41
42
42
41
41
40
42
40
40
41
42
40
41
42
42
40
41
40
42
42
40
41
42
41
42
42
42
41
41
41
42
42
41
41
