83
80
76
74
71
71
71
72
75
76
80
84
89
85
82
79
77
75
75
76
78
81
85
88
97
95
91
87
85
83
82
83
85
88
91
94
106
104
100
96
94
92
92
92
94
96
99
104
119
115
111
108
106
103
103
103
104
108
116
125
127
127
127
125
123
121
120
120
120
123
126
126
115
121
127
127
127
127
127
126
126
125
122
118
73
80
106
127
124
116
113
110
108
106
105
104
41
37
52
96
78
53
56
58
62
67
72
77
40
75
106
84
49
40
42
42
44
46
47
50
97
123
113
64
40
42
43
41
41
40
40
40
127
127
54
37
43
43
43
43
42
42
43
43
105
52
40
42
43
41
42
43
42
43
45
44
56
40
42
44
43
41
42
44
44
43
44
44
37
43
44
44
43
42
43
44
46
43
43
43
43
43
44
43
43
43
43
44
46
44
43
43
96
92
89
85
83
82
82
83
85
89
92
96
101
98
94
91
89
87
87
88
90
93
97
100
110
107
103
99
96
95
95
96
98
101
104
107
120
116
113
109
106
104
104
104
106
110
112
116
127
127
124
121
119
116
116
116
118
120
125
127
127
127
127
127
127
127
127
127
127
127
127
126
118
127
127
127
127
127
127
127
127
125
121
117
72
81
110
127
124
120
114
110
107
106
105
103
43
42
48
51
50
52
53
57
61
66
71
75
38
34
33
34
36
37
39
40
42
43
45
47
37
35
35
37
39
39
40
38
38
37
37
36
33
35
40
40
40
40
40
40
40
40
40
40
36
40
40
40
40
39
40
40
40
40
41
41
39
40
41
40
40
39
40
41
40
40
40
40
41
40
41
40
40
40
40
41
41
40
40
40
41
40
42
41
40
40
40
41
41
40
41
40
127
127
127
127
127
127
127
127
127
127
127
127
127
127
127
127
127
127
127
127
127
127
127
127
127
127
127
127
127
127
127
127
127
127
127
127
127
127
127
127
127
127
127
127
127
127
127
127
127
127
127
127
127
127
127
127
127
127
127
127
127
127
127
127
127
127
127
127
127
127
127
127
127
127
127
127
127
127
127
127
127
126
118
116
70
80
119
127
127
127
119
109
105
104
104
104
42
43
49
53
50
52
54
57
61
65
71
76
39
35
32
34
36
37
40
40
43
44
46
48
37
36
35
38
41
40
40
39
39
38
37
37
33
36
41
41
42
41
41
41
40
40
41
41
37
40
41
40
41
40
40
41
40
40
43
42
40
41
42
41
41
40
41
42
41
40
42
41
41
40
42
41
41
40
41
42
43
41
41
41
41
40
43
42
41
41
41
42
43
42
41
41
