83
80
76
74
71
71
71
72
75
78
81
82
89
85
82
79
77
75
75
76
78
82
85
87
97
95
91
87
85
83
83
83
85
88
91
94
106
104
100
96
94
92
92
92
94
96
99
103
120
116
112
109
106
104
103
103
104
107
113
122
127
127
127
127
123
121
121
120
120
123
124
126
110
117
125
127
127
127
127
127
126
126
123
120
71
77
89
122
127
120
114
110
109
107
105
104
43
40
37
76
97
60
54
57
61
66
70
75
32
50
94
106
67
41
41
42
43
46
47
49
72
108
127
96
47
40
42
42
41
40
40
40
127
127
103
39
40
43
43
43
43
43
43
43
127
92
42
41
44
42
44
45
43
43
43
43
96
50
38
44
44
43
43
45
44
44
43
43
45
37
44
45
43
43
43
43
44
45
44
43
40
43
43
44
43
43
43
43
44
44
44
43
96
92
89
85
83
82
82
83
85
88
92
95
101
98
94
91
89
87
87
88
90
92
96
99
110
106
103
99
96
95
95
96
98
100
104
106
120
116
113
110
106
105
104
105
107
110
113
115
127
127
125
121
119
116
116
116
119
120
124
127
127
127
127
127
127
127
127
127
127
127
127
127
113
123
127
127
127
127
127
127
127
127
123
120
70
76
91
127
127
122
117
111
107
106
105
104
42
43
43
52
49
50
53
55
58
64
68
73
39
37
33
33
35
37
38
39
40
43
44
47
38
36
34
35
39
40
39
38
38
37
37
37
33
33
36
40
40
40
40
40
40
40
40
40
33
37
39
40
41
40
40
41
41
41
40
40
37
40
40
41
41
40
40
40
41
41
40
40
40
40
40
41
41
40
40
40
41
41
40
40
40
40
40
40
41
40
40
40
40
41
41
40
127
127
127
127
127
127
127
127
127
127
127
127
127
127
127
127
127
127
127
127
127
127
127
127
127
127
127
127
127
127
127
127
127
127
127
127
127
127
127
127
127
127
127
127
127
127
127
127
127
127
127
127
127
127
127
127
127
127
127
127
127
127
127
127
127
127
127
127
127
127
127
127
118
127
127
127
127
127
127
127
127
127
120
116
68
75
93
127
127
127
123
112
106
105
104
104
42
43
43
54
50
52
53
55
59
64
69
74
40
38
33
33
35
37
38
39
41
43
45
47
39
37
34
36
40
40
40
39
39
38
37
37
33
33
37
40
41
40
40
41
41
41
41
41
33
37
40
41
42
40
41
43
42
42
40
40
37
40
41
42
41
41
41
43
42
42
41
41
40
41
41
43
41
41
41
41
42
42
41
41
41
40
40
42
42
41
41
40
42
42
42
40
