83
80
77
74
71
71
71
71
74
76
78
83
89
85
82
79
77
75
75
76
78
81
84
87
96
95
90
87
85
83
83
84
86
89
91
93
107
104
100
97
94
92
92
92
95
97
99
103
120
116
112
109
106
104
103
103
105
107
112
119
125
127
127
127
123
122
121
120
120
122
124
126
106
113
120
127
127
127
127
127
127
126
124
122
68
74
81
106
127
124
116
113
110
107
106
105
44
44
39
47
96
82
53
57
59
64
68
72
36
33
55
106
102
51
39
42
43
45
47
48
48
73
118
127
81
40
42
42
41
42
40
40
89
127
127
95
38
43
43
43
43
44
44
43
127
127
106
43
44
44
44
43
43
43
44
43
127
126
54
38
45
44
43
43
42
43
43
41
127
68
36
43
44
44
43
43
42
42
43
42
83
37
43
43
45
44
43
43
43
43
43
43
96
92
89
85
83
82
82
83
85
89
92
95
101
98
94
91
89
87
87
88
90
93
96
99
110
106
103
99
97
95
95
96
98
101
104
106
120
117
113
110
107
105
105
105
107
110
113
115
127
127
125
122
120
117
116
116
119
120
123
127
127
127
127
127
127
127
127
127
127
127
127
127
107
117
127
127
127
127
127
127
127
127
125
121
68
72
81
110
127
124
120
113
110
107
106
105
42
42
43
48
52
50
52
54
57
61
67
71
39
39
37
33
33
37
37
39
40
42
43
45
40
39
36
33
37
40
39
39
38
37
37
37
37
33
32
37
40
41
40
40
40
40
40
40
33
32
37
40
40
41
41
40
40
41
41
40
31
35
40
40
40
42
40
40
40
40
40
40
33
39
41
40
40
42
40
40
40
40
40
40
37
40
41
40
40
41
40
40
40
40
40
40
127
127
127
127
127
127
127
127
127
127
127
127
127
127
127
127
127
127
127
127
127
127
127
127
127
127
127
127
127
127
127
127
127
127
127
127
127
127
127
127
127
127
127
127
127
127
127
127
127
127
127
127
127
127
127
127
127
127
127
127
127
127
127
127
127
127
127
127
127
127
127
127
110
125
127
127
127
127
127
127
127
127
125
118
67
71
81
119
127
127
127
116
107
105
105
105
43
43
43
49
54
50
53
54
57
62
66
71
40
40
37
32
33
36
37
39
40
43
44
47
40
39
36
33
37
41
40
40
39
38
38
37
37
33
32
37
41
42
41
41
41
41
42
41
33
32
37
40
42
42
42
40
41
42
42
41
32
36
40
41
42
43
41
41
40
41
41
40
34
40
42
41
42
43
41
41
40
40
41
40
37
41
42
41
42
42
41
40
40
41
41
41
