83
80
77
74
71
71
71
71
74
76
79
82
89
85
82
79
77
75
75
76
78
81
84
86
96
93
89
87
85
83
83
84
86
89
92
94
107
103
99
97
95
92
92
92
95
97
100
103
120
116
113
109
106
105
104
104
105
108
111
116
123
127
127
127
124
122
121
122
121
122
124
126
103
110
116
126
127
127
127
127
127
126
126
124
67
71
78
93
122
127
119
114
110
109
107
105
44
44
43
39
62
106
59
55
58
61
66
70
41
37
32
59
119
95
40
41
43
43
46
47
37
43
69
123
127
71
38
42
42
41
40
40
43
74
127
127
110
38
42
44
44
43
43
43
103
127
127
127
55
39
43
43
41
42
43
42
127
127
127
90
39
43
43
43
41
43
43
43
127
127
127
48
40
44
44
43
42
43
43
44
127
127
89
35
43
43
44
42
43
43
43
45
95
92
89
85
83
82
82
83
85
87
91
94
101
98
94
91
89
88
87
88
90
93
96
99
110
107
103
99
97
96
95
96
98
101
104
106
120
117
113
110
107
106
105
105
107
110
113
115
127
127
127
122
120
117
117
116
118
121
123
127
127
127
127
127
127
127
127
127
127
127
127
127
103
112
122
127
127
127
127
127
127
127
127
123
66
70
76
95
127
127
121
116
111
107
106
105
42
42
42
44
53
50
51
53
56
59
64
68
38
39
38
36
32
33
37
38
40
40
43
44
40
40
38
35
32
37
40
39
39
38
37
37
40
38
33
32
37
40
40
40
40
40
40
40
37
33
32
33
40
40
40
40
39
40
40
39
33
32
32
37
40
41
40
40
38
40
41
40
32
32
34
40
40
41
40
40
39
40
41
41
32
32
37
40
40
41
41
40
41
40
40
41
127
127
127
127
127
127
127
127
127
127
127
127
127
127
127
127
127
127
127
127
127
127
127
127
127
127
127
127
127
127
127
127
127
127
127
127
127
127
127
127
127
127
127
127
127
127
127
127
127
127
127
127
127
127
127
127
127
127
127
127
127
127
127
127
127
127
127
127
127
127
127
127
103
117
127
127
127
127
127
127
127
127
127
121
65
68
75
99
127
127
127
120
111
105
105
105
43
43
43
46
54
50
51
53
56
60
64
68
39
40
39
36
31
33
37
38
40
42
43
45
41
41
39
35
32
38
40
40
40
39
38
38
41
39
34
32
37
41
41
42
42
41
40
41
37
33
32
33
40
40
40
41
40
40
41
40
33
32
32
37
41
41
41
41
39
40
41
41
32
32
34
40
41
42
41
41
40
40
41
42
32
32
37
40
40
42
42
40
42
41
41
42
