82
80
77
74
71
71
71
71
74
76
79
82
88
85
82
79
77
75
75
76
78
81
84
86
96
93
90
87
85
83
83
84
86
89
91
94
106
104
100
97
95
93
92
93
95
97
99
103
120
116
113
110
107
105
105
105
106
107
110
113
118
122
126
127
126
123
123
123
123
123
124
126
96
103
111
118
127
127
127
127
127
127
127
125
64
67
71
79
105
126
123
116
113
111
108
106
43
44
43
43
50
54
103
65
54
59
62
66
41
42
41
40
33
68
127
64
37
43
43
46
43
43
43
40
46
119
127
75
36
42
40
40
43
43
43
39
82
127
127
84
37
43
43
43
42
43
39
55
127
127
127
93
40
45
44
43
44
42
42
113
127
127
127
103
39
44
45
44
45
43
78
127
127
127
127
112
39
43
45
44
43
44
125
127
127
127
127
118
40
43
45
44
95
92
89
85
83
82
82
83
85
87
91
94
100
97
94
91
89
88
88
88
90
92
96
99
110
106
103
99
97
96
96
96
98
101
104
106
119
117
113
110
107
106
106
106
108
110
113
116
127
127
127
122
120
118
117
117
119
121
123
126
121
127
127
127
127
127
127
127
127
127
127
127
96
103
114
125
127
127
127
127
127
127
127
127
64
67
71
78
108
127
125
120
114
110
108
106
42
42
42
41
47
54
48
50
54
57
61
64
38
38
37
37
37
35
30
36
38
40
41
43
40
40
40
40
39
34
30
37
39
39
37
37
40
40
40
40
37
33
32
37
40
40
40
40
39
40
40
40
34
32
32
37
40
40
41
40
40
40
41
37
32
32
32
37
40
40
41
40
42
41
39
33
32
32
32
36
40
40
41
41
42
41
36
32
32
32
32
35
41
41
40
42
127
127
127
127
127
127
127
127
127
127
127
127
127
127
127
127
127
127
127
127
127
127
127
127
127
127
127
127
127
127
127
127
127
127
127
127
127
127
127
127
127
127
127
127
127
127
127
127
127
127
127
127
127
127
127
127
127
127
127
127
127
127
127
127
127
127
127
127
127
127
127
127
93
103
120
127
127
127
127
127
127
127
127
127
64
65
69
77
116
127
127
127
117
109
106
105
43
43
42
42
49
55
49
51
55
57
61
65
39
39
39
38
37
35
30
35
39
40
42
43
40
40
41
41
40
34
31
37
40
40
38
38
40
41
41
41
38
33
32
37
41
41
41
41
40
40
42
40
34
32
32
37
42
42
42
41
42
41
43
37
32
32
32
37
41
41
42
41
43
42
40
33
32
32
32
36
41
41
42
42
43
42
36
31
32
32
32
35
41
41
41
43
