82
80
77
74
71
71
71
71
74
76
79
82
88
85
82
79
77
75
75
76
78
81
84
86
96
93
90
87
85
83
83
84
86
89
91
94
106
104
100
97
95
93
92
93
96
97
99
103
123
119
113
110
107
105
105
105
106
107
111
113
114
118
123
127
126
123
122
123
123
123
124
126
90
98
106
115
127
127
127
127
127
127
127
127
62
64
69
76
103
125
123
119
113
110
110
107
43
43
43
44
50
55
61
94
75
50
59
64
41
42
40
41
40
40
40
71
121
84
42
37
43
43
43
43
43
42
39
50
122
127
87
51
43
43
43
43
43
43
43
37
63
127
127
106
43
42
43
44
43
44
43
43
40
94
127
127
43
43
45
45
44
43
44
44
40
51
127
127
43
44
46
45
44
43
43
43
43
37
80
127
43
46
46
44
45
43
43
42
43
41
47
127
95
92
88
85
83
82
82
83
85
87
91
94
100
97
93
91
89
88
88
89
91
92
96
99
110
106
103
99
97
96
96
96
99
101
104
106
119
117
113
110
107
106
106
106
108
110
113
116
127
127
127
124
120
118
118
117
119
121
123
126
116
123
127
127
127
127
127
127
127
127
127
127
89
98
108
120
127
127
127
127
127
127
127
127
62
64
68
75
105
127
124
120
115
111
108
106
42
42
42
41
47
54
51
49
53
57
59
62
39
38
38
37
37
37
37
36
33
37
40
42
40
40
40
40
40
39
40
39
33
32
34
37
40
40
40
40
40
40
40
41
40
33
33
36
41
40
40
40
40
41
40
40
41
37
32
32
40
40
40
41
41
41
41
40
41
40
34
31
40
40
40
41
42
41
40
40
40
41
38
33
40
40
40
40
41
40
40
40
40
42
42
35
127
127
127
127
127
127
127
127
127
127
127
127
127
127
127
127
127
127
127
127
127
127
127
127
127
127
127
127
127
127
127
127
127
127
127
127
127
127
127
127
127
127
127
127
127
127
127
127
127
127
127
127
127
127
127
127
127
127
127
127
118
127
127
127
127
127
127
127
127
127
127
127
87
95
111
127
127
127
127
127
127
127
127
127
62
64
67
73
111
127
127
127
119
110
106
105
42
43
43
42
47
54
51
50
53
57
60
63
40
40
39
39
37
37
37
36
33
37
41
43
40
41
40
41
40
40
40
40
34
32
35
37
40
41
40
40
41
41
40
41
40
33
33
37
41
40
40
42
41
42
41
41
42
37
32
33
41
40
41
42
42
42
42
41
42
40
34
31
41
42
43
42
43
42
41
41
41
42
39
33
40
42
43
42
43
41
40
40
40
42
43
36
