82
80
77
74
71
71
71
71
74
76
79
82
88
85
82
79
77
75
75
76
78
81
84
86
96
93
90
87
85
83
83
84
86
89
91
94
106
104
101
97
95
93
92
93
95
97
99
103
121
118
113
110
107
105
105
105
106
107
110
113
114
120
125
127
125
123
122
122
123
123
124
126
92
99
109
117
127
127
127
127
127
127
127
127
63
65
69
79
112
125
123
118
112
110
109
107
43
43
43
44
52
54
66
95
70
50
59
65
42
41
41
40
40
40
43
72
115
85
43
37
43
43
43
43
43
43
39
52
114
127
92
56
43
43
43
43
43
44
43
39
54
127
127
117
45
45
44
43
43
43
44
43
40
71
127
127
45
45
43
43
43
43
45
44
42
42
94
127
44
45
42
43
43
43
44
43
43
38
48
112
43
44
42
43
43
43
43
42
42
42
37
54
95
92
89
85
83
82
82
83
85
87
91
94
100
97
94
91
89
88
88
88
90
92
96
99
110
106
103
99
97
96
96
96
98
101
104
106
120
117
113
110
107
106
105
106
108
110
113
116
127
127
127
122
120
118
117
117
119
121
123
126
116
124
127
127
127
127
127
127
127
127
127
127
91
99
110
124
127
127
127
127
127
127
127
127
63
65
69
80
117
127
123
119
114
110
108
106
43
42
42
43
50
53
50
50
54
57
60
63
39
38
38
38
37
37
37
35
33
37
41
43
40
40
40
40
39
39
40
38
34
33
34
36
40
40
40
41
40
40
40
40
40
34
33
35
40
40
41
41
40
40
40
40
41
40
33
31
40
41
40
40
40
41
41
40
41
41
37
32
40
41
40
40
40
41
41
40
40
40
40
35
41
41
40
40
40
41
41
40
40
39
40
37
127
127
127
127
127
127
127
127
127
127
127
127
127
127
127
127
127
127
127
127
127
127
127
127
127
127
127
127
127
127
127
127
127
127
127
127
127
127
127
127
127
127
127
127
127
127
127
127
127
127
127
127
127
127
127
127
127
127
127
127
120
127
127
127
127
127
127
127
127
127
127
127
88
98
116
127
127
127
127
127
127
127
127
127
63
64
67
78
127
127
127
126
116
109
106
106
42
43
42
42
51
54
51
50
54
58
61
64
40
39
39
38
37
37
37
35
34
37
42
44
41
40
41
42
40
40
40
39
35
32
35
37
41
40
41
42
41
42
40
41
41
33
33
36
42
42
42
42
40
41
41
41
42
40
33
31
41
42
41
41
40
42
42
41
42
41
37
32
41
42
41
40
40
42
43
41
41
40
40
35
42
42
40
40
41
42
42
40
40
40
40
38
