82
80
77
74
71
71
71
71
74
76
79
82
88
85
82
79
77
75
75
76
78
81
84
86
96
93
90
87
85
83
83
84
86
89
92
94
106
104
100
97
95
92
92
92
95
97
100
103
121
117
113
109
106
105
104
104
106
107
110
113
116
122
127
127
124
123
122
121
122
123
124
125
94
103
111
123
127
127
127
127
127
127
127
126
63
66
71
89
122
123
122
115
110
110
108
107
43
44
43
46
54
54
76
92
61
51
62
67
41
42
40
40
40
40
47
86
114
72
40
38
43
43
43
43
42
42
39
65
124
127
83
51
43
43
43
43
43
45
43
36
67
127
127
107
43
43
44
44
43
43
43
42
40
78
127
127
43
42
43
42
43
43
42
43
38
43
99
127
43
41
42
42
42
43
42
42
43
37
50
115
43
40
42
44
42
43
41
41
44
46
39
57
95
92
89
85
83
82
82
83
85
87
91
94
100
97
94
91
89
88
87
88
90
93
96
99
110
106
103
99
97
96
95
96
98
101
103
106
120
117
114
110
107
106
105
106
107
110
112
115
127
127
127
122
120
118
117
117
119
121
123
126
118
127
127
127
127
127
127
127
127
127
127
127
93
103
115
127
127
127
127
127
127
127
127
127
64
66
71
90
127
127
121
116
113
110
108
106
43
42
43
44
52
52
50
50
55
59
61
64
39
38
38
37
37
37
37
35
34
39
42
43
40
40
40
40
39
40
40
37
33
33
35
36
40
41
40
40
40
41
41
40
40
33
33
35
40
40
41
40
40
40
40
40
41
38
33
32
40
40
40
39
40
40
40
39
40
40
37
33
40
39
39
40
40
40
40
39
40
40
40
37
41
38
39
41
39
40
39
38
40
40
40
40
127
127
127
127
127
127
127
127
127
127
127
127
127
127
127
127
127
127
127
127
127
127
127
127
127
127
127
127
127
127
127
127
127
127
127
127
127
127
127
127
127
127
127
127
127
127
127
127
127
127
127
127
127
127
127
127
127
127
127
127
125
127
127
127
127
127
127
127
127
127
127
127
90
103
123
127
127
127
127
127
127
127
127
127
64
66
69
92
127
127
127
123
113
108
106
106
43
43
42
45
54
52
50
50
55
58
61
65
39
40
39
37
37
37
37
35
34
39
43
44
40
41
40
40
40
40
41
38
33
33
36
37
41
42
41
41
41
42
42
41
40
33
33
36
41
41
42
41
41
40
40
40
42
38
33
32
41
40
41
40
40
41
40
40
40
40
37
33
41
40
40
40
40
41
40
40
40
41
41
37
42
39
40
42
40
40
40
39
41
42
42
41
