83
80
77
74
71
71
71
71
74
75
80
82
89
85
82
79
77
75
75
76
78
81
84
87
96
94
90
87
85
83
83
84
86
89
91
94
107
103
99
96
94
92
92
92
95
97
100
103
120
116
112
109
106
104
103
103
105
107
110
114
123
127
127
127
123
122
122
120
120
122
124
125
103
111
122
127
127
127
127
127
127
126
126
124
67
71
85
121
123
123
116
111
110
109
107
106
43
43
45
54
54
74
97
58
52
62
66
68
41
41
40
40
40
46
96
114
63
36
40
47
43
43
43
42
42
38
73
127
122
70
43
36
43
43
43
43
43
42
37
103
127
127
79
46
43
44
43
43
43
43
40
50
127
127
127
111
43
43
43
43
43
44
44
40
78
127
127
127
44
43
43
43
43
45
45
42
43
115
127
127
43
43
42
43
42
44
43
43
38
66
127
127
95
92
88
85
83
82
82
83
85
89
92
95
101
98
94
91
89
87
87
88
90
93
96
99
110
107
103
99
97
95
95
96
98
101
104
106
120
117
113
110
107
105
105
105
107
110
113
115
127
127
125
122
120
117
116
116
119
120
123
127
127
127
127
127
127
127
127
127
127
127
127
127
103
114
127
127
127
127
127
127
127
127
127
124
67
71
85
127
127
123
118
113
110
108
106
106
42
41
43
52
51
50
50
54
57
60
64
68
38
38
37
37
37
37
34
33
39
41
43
44
40
40
40
39
39
40
37
32
33
36
37
37
40
40
40
40
40
40
40
37
32
33
38
41
40
41
41
40
41
40
40
40
33
31
33
36
40
41
41
40
41
41
41
41
38
32
32
33
41
40
40
40
40
42
41
41
41
35
32
32
40
40
40
40
40
41
40
40
41
38
33
32
127
127
127
127
127
127
127
127
127
127
127
127
127
127
127
127
127
127
127
127
127
127
127
127
127
127
127
127
127
127
127
127
127
127
127
127
127
127
127
127
127
127
127
127
127
127
127
127
127
127
127
127
127
127
127
127
127
127
127
127
127
127
127
127
127
127
127
127
127
127
127
127
103
121
127
127
127
127
127
127
127
127
127
123
66
69
85
127
127
127
125
116
109
106
106
106
43
42
43
54
52
50
50
54
58
61
64
68
39
39
38
37
37
37
33
33
40
42
44
45
40
41
40
40
40
40
37
32
33
37
39
39
41
40
41
40
41
41
41
37
32
34
39
41
41
42
42
40
42
41
41
40
34
31
33
36
42
42
42
40
41
42
42
42
39
33
31
33
42
41
41
40
41
43
42
42
42
36
32
32
41
40
40
40
40
42
41
41
42
38
33
32
