83
80
76
74
71
71
71
71
74
78
81
84
89
85
82
79
77
75
75
76
78
81
85
88
97
95
91
87
85
83
82
83
85
87
90
94
106
104
100
96
94
92
92
92
94
96
99
104
118
115
112
109
106
104
103
103
105
110
118
126
127
127
127
126
123
122
120
120
122
124
126
126
123
127
127
127
127
127
127
126
126
125
122
119
83
110
123
124
119
114
112
110
108
106
106
106
45
47
55
107
63
54
59
61
65
69
75
78
32
44
105
123
43
40
43
43
46
47
49
50
50
96
127
114
38
41
41
41
41
40
40
38
99
127
127
75
39
43
43
44
43
43
43
41
127
127
127
51
43
43
43
43
42
41
43
43
127
127
121
40
43
43
43
44
43
42
43
44
127
127
86
37
43
43
43
43
42
43
43
44
127
127
62
37
42
42
42
41
41
43
44
44
96
92
89
85
83
82
82
83
85
88
92
95
101
98
94
91
89
87
87
88
90
92
96
99
110
107
103
99
96
95
95
96
98
100
103
107
120
116
113
110
106
105
104
105
107
110
112
116
127
127
125
121
119
116
116
116
119
121
126
127
127
127
127
127
127
127
127
127
127
127
127
127
127
127
127
127
127
127
127
127
127
125
121
118
82
115
127
124
121
116
112
109
107
106
106
106
43
49
51
47
50
54
56
59
63
68
73
78
38
37
32
31
37
38
40
40
42
44
47
48
40
36
32
34
40
39
38
38
37
37
37
35
36
33
32
39
41
40
40
40
40
40
40
39
32
32
33
40
41
40
40
40
40
39
40
40
32
32
36
41
41
40
40
41
40
40
40
41
32
32
37
40
40
40
40
40
40
40
40
41
32
33
38
40
39
39
40
39
38
40
40
40
127
127
127
127
127
127
127
127
127
127
127
127
127
127
127
127
127
127
127
127
127
127
127
127
127
127
127
127
127
127
127
127
127
127
127
127
127
127
127
127
127
127
127
127
127
127
127
127
127
127
127
127
127
127
127
127
127
127
127
127
127
127
127
127
127
127
127
127
127
127
127
127
127
127
127
127
127
127
127
127
127
123
119
116
82
123
127
127
127
120
111
106
106
106
106
106
43
50
52
48
51
54
57
60
64
68
73
78
38
37
31
31
37
38
40
41
43
45
47
48
40
37
31
35
40
40
39
39
39
37
37
36
37
33
31
40
42
41
40
42
41
40
40
40
33
32
33
42
42
41
40
41
40
40
41
41
32
32
37
42
42
41
41
42
40
40
41
42
32
32
38
41
41
41
41
41
40
40
41
42
32
33
39
40
39
40
40
40
39
41
42
42
