83
81
78
75
72
71
72
73
75
77
80
82
89
86
82
80
78
76
76
77
79
82
85
87
98
94
90
88
85
84
83
84
86
89
92
96
107
104
100
97
95
93
92
92
95
97
103
112
119
116
113
110
106
105
104
104
106
115
124
127
127
127
127
127
125
123
121
120
123
125
126
125
124
127
127
127
127
127
127
126
126
123
119
116
85
113
126
125
117
114
111
109
107
106
106
106
42
71
91
69
53
56
59
63
68
73
78
83
95
84
62
45
40
42
43
44
46
48
50
54
103
75
46
40
42
43
41
41
40
40
39
40
50
38
42
43
42
43
43
43
44
43
43
43
41
42
43
43
43
45
43
43
44
44
44
43
41
43
44
43
43
44
43
43
43
44
44
43
44
44
44
43
43
43
43
43
44
44
44
43
46
44
43
44
43
43
43
46
47
44
44
44
96
92
89
86
84
82
82
84
86
89
92
95
102
98
94
92
89
88
88
89
91
94
97
99
110
107
103
100
97
96
96
96
99
101
105
109
120
117
113
110
107
106
105
106
107
110
114
120
127
127
125
122
120
117
117
118
120
123
127
127
127
127
127
127
127
127
127
127
127
127
127
124
127
127
127
127
127
127
127
127
127
123
118
116
86
118
127
123
121
116
110
108
107
106
106
105
43
48
50
50
51
54
57
61
66
71
78
83
33
34
35
36
37
38
40
41
43
45
48
50
37
38
39
39
40
39
38
37
37
37
37
36
40
41
40
40
40
40
40
40
41
41
40
40
40
40
40
40
40
41
40
40
40
41
41
40
40
40
41
41
40
41
40
40
40
40
40
41
40
41
42
41
40
40
40
40
41
40
40
41
42
42
41
41
40
40
40
42
42
40
40
42
127
127
127
127
127
127
127
127
127
127
127
127
127
127
127
127
127
127
127
127
127
127
127
127
127
127
127
127
127
127
127
127
127
127
127
127
127
127
127
127
127
127
127
127
127
127
127
127
127
127
127
127
127
127
127
127
127
127
127
127
127
127
127
127
127
127
127
127
127
127
127
122
127
127
127
127
127
127
127
127
127
120
116
115
86
127
127
127
127
119
110
106
106
106
106
106
43
49
50
50
52
54
57
61
67
71
78
82
33
33
35
36
37
38
40
42
43
46
48
52
37
38
40
40
40
40
39
38
38
37
37
37
41
42
41
41
40
41
40
41
42
42
41
40
40
40
41
41
40
42
41
41
41
42
42
40
40
40
42
42
40
42
41
40
41
42
42
41
41
41
43
42
40
41
41
41
43
42
42
43
43
42
42
42
41
40
41
43
43
41
42
43
