82
80
77
74
71
71
71
71
74
76
79
82
88
85
82
79
77
75
75
76
78
81
84
86
96
93
90
87
85
83
83
84
86
88
91
94
106
103
100
97
95
92
92
92
95
96
100
106
118
115
112
109
106
105
104
104
106
110
120
127
127
127
127
126
123
123
122
121
123
125
126
126
116
122
127
127
127
127
127
127
127
125
122
118
75
82
110
127
123
116
113
110
108
106
106
106
37
45
75
89
64
53
57
60
64
69
75
81
82
91
78
57
43
40
42
43
45
47
49
52
105
94
66
42
40
43
42
41
40
40
39
39
78
44
38
43
44
44
43
43
43
43
43
43
43
43
43
44
43
43
43
43
44
43
42
43
40
43
43
43
43
43
42
43
43
42
43
43
42
43
41
42
43
42
42
42
42
43
45
43
40
41
43
42
43
43
41
41
43
44
46
44
95
92
89
85
83
82
82
83
85
87
91
94
100
97
94
91
89
88
87
88
90
93
96
99
110
106
103
99
97
96
95
96
98
101
104
107
119
116
113
110
107
106
105
106
107
110
113
118
127
127
124
122
120
118
117
117
120
123
127
127
127
127
127
127
127
127
127
127
127
127
127
126
120
127
127
127
127
127
127
127
127
124
120
117
74
83
115
127
124
120
114
110
107
106
106
106
43
42
48
51
50
52
54
57
62
68
74
80
35
33
35
36
36
37
38
40
42
44
47
50
37
37
38
39
39
39
39
38
37
37
36
36
38
40
40
40
40
41
41
40
40
40
40
40
40
40
41
40
40
40
40
40
41
40
39
41
40
40
40
40
41
40
40
40
40
40
40
40
39
40
39
40
41
40
40
38
40
40
41
40
38
38
40
40
41
40
39
38
40
41
42
41
127
127
127
127
127
127
127
127
127
127
127
127
127
127
127
127
127
127
127
127
127
127
127
127
127
127
127
127
127
127
127
127
127
127
127
127
127
127
127
127
127
127
127
127
127
127
127
127
127
127
127
127
127
127
127
127
127
127
127
127
127
127
127
127
127
127
127
127
127
127
127
125
127
127
127
127
127
127
127
127
127
123
118
116
72
82
123
127
127
127
117
108
105
106
106
106
43
42
49
53
50
52
54
57
63
68
74
80
36
34
34
36
37
37
39
41
43
45
47
50
37
37
38
40
40
40
40
39
38
38
37
37
39
41
41
41
41
42
41
40
41
41
40
40
41
41
42
42
41
41
40
41
42
40
40
41
41
41
40
40
41
41
40
40
41
40
41
41
40
40
40
40
41
41
40
39
40
40
43
42
38
39
40
40
42
40
40
39
40
42
43
43
