82
80
77
74
71
71
71
71
74
76
79
82
88
85
82
79
77
75
75
76
78
81
84
86
96
93
90
87
85
83
83
84
86
89
91
93
106
103
100
97
95
93
92
93
95
97
100
103
118
116
112
109
106
105
105
105
106
109
116
124
127
127
127
127
123
123
123
122
123
124
126
126
111
118
124
127
127
127
127
127
127
127
123
120
71
77
90
123
127
120
115
111
110
108
106
106
38
37
53
88
82
55
54
58
61
67
72
78
57
87
93
72
51
40
41
43
44
46
47
50
103
109
92
56
40
42
42
42
41
40
39
39
127
75
40
40
43
43
43
43
43
43
43
42
50
41
41
43
42
42
42
43
43
43
44
44
37
40
43
43
42
44
44
44
44
43
43
45
42
45
44
43
42
46
45
44
44
43
43
44
43
46
46
42
42
46
45
45
44
44
43
43
95
92
89
85
83
82
82
83
85
88
90
94
100
97
94
91
89
88
88
89
91
93
96
99
110
106
103
99
97
96
96
96
99
101
104
106
119
116
113
110
107
106
106
106
108
110
113
116
127
127
124
122
120
118
118
118
120
123
126
127
127
127
127
127
127
127
127
127
127
127
127
127
113
123
127
127
127
127
127
127
127
127
123
120
71
77
92
127
127
123
117
111
108
106
106
106
43
43
43
50
50
51
53
56
60
65
71
76
37
35
33
35
37
37
38
40
41
43
45
48
37
37
37
38
40
40
39
39
38
37
37
36
35
38
40
40
40
40
40
40
40
40
40
40
40
40
40
40
40
39
40
40
40
40
41
40
39
40
40
40
40
40
40
41
41
41
40
40
40
42
41
40
40
41
40
41
41
41
40
40
40
42
41
40
40
41
41
42
42
42
40
40
127
127
127
127
127
127
127
127
127
127
127
127
127
127
127
127
127
127
127
127
127
127
127
127
127
127
127
127
127
127
127
127
127
127
127
127
127
127
127
127
127
127
127
127
127
127
127
127
127
127
127
127
127
127
127
127
127
127
127
127
127
127
127
127
127
127
127
127
127
127
127
127
121
127
127
127
127
127
127
127
127
127
120
117
69
76
95
127
127
127
123
112
106
106
106
106
43
43
43
53
51
51
53
56
60
66
71
77
37
35
33
35
36
37
38
40
42
44
46
49
37
36
37
39
40
40
40
40
39
38
37
37
35
38
41
41
41
41
41
41
40
40
41
40
40
40
40
41
40
40
40
41
41
41
42
42
40
41
41
40
40
41
41
42
42
41
41
42
40
43
42
40
40
43
42
42
42
41
40
42
41
43
42
40
40
43
42
43
43
42
41
41
