82
78
76
74
71
71
71
71
74
76
79
82
87
85
82
79
77
76
76
77
79
82
85
87
95
92
89
87
85
84
84
85
87
89
92
95
105
101
99
96
94
93
93
94
96
99
102
104
119
115
111
109
106
106
106
106
108
110
113
115
118
122
124
127
126
123
123
124
125
126
126
127
97
104
110
118
127
127
127
127
127
127
127
126
64
68
72
80
103
124
123
117
113
110
108
107
43
44
43
45
45
61
105
57
55
59
63
67
41
42
41
34
42
108
120
39
41
43
45
46
43
43
39
46
92
127
116
37
42
41
41
41
43
42
41
83
127
127
85
37
43
43
43
44
42
36
82
127
127
127
61
40
43
43
41
41
39
82
127
127
127
127
46
40
43
43
43
41
79
127
127
127
127
125
40
43
42
43
44
43
127
127
127
127
127
105
40
47
43
45
46
44
94
92
89
85
83
82
82
83
85
88
91
94
99
96
94
91
89
88
88
89
91
93
97
99
108
105
102
99
97
96
96
96
99
102
105
107
117
116
112
110
107
106
106
106
109
111
113
116
127
127
125
122
120
119
119
119
121
123
126
127
121
127
127
127
127
127
127
127
127
127
127
127
96
105
114
124
127
127
127
127
127
127
127
127
64
68
71
80
106
127
124
120
114
110
108
106
42
42
43
42
48
54
47
51
53
57
61
65
38
38
38
37
37
33
32
37
38
40
41
43
40
40
40
40
37
31
35
40
39
39
38
37
40
40
40
38
33
32
37
41
40
40
40
41
40
40
37
33
32
32
39
40
40
40
39
39
41
37
33
32
32
33
39
39
40
40
40
39
38
33
32
32
32
34
40
40
40
40
41
40
34
32
32
32
32
36
41
41
40
41
42
40
127
127
127
127
127
127
127
127
127
127
127
127
127
127
127
127
127
127
127
127
127
127
127
127
127
127
127
127
127
127
127
127
127
127
127
127
127
127
127
127
127
127
127
127
127
127
127
127
127
127
127
127
127
127
127
127
127
127
127
127
127
127
127
127
127
127
127
127
127
127
127
127
94
105
121
127
127
127
127
127
127
127
127
127
64
65
69
78
114
127
127
127
117
109
106
106
43
43
42
42
49
55
48
52
54
57
61
65
39
40
39
39
37
32
31
37
39
40
42
43
40
41
41
41
37
31
35
40
40
39
39
39
41
41
41
38
33
31
38
41
40
41
41
42
41
41
37
33
32
33
40
41
42
41
40
40
42
38
33
32
32
33
40
40
41
40
40
40
39
34
32
32
32
35
40
41
40
41
42
40
35
32
32
32
32
36
43
43
41
42
43
41
