82
78
76
74
71
71
71
71
74
76
79
82
87
85
82
79
77
76
76
77
79
82
85
87
95
92
89
87
85
84
84
85
87
89
92
95
105
102
99
96
94
93
93
94
96
99
102
104
120
115
111
109
106
106
106
106
108
110
113
115
116
120
124
127
126
123
123
124
125
126
126
127
95
102
110
116
127
127
127
127
127
127
127
126
64
66
71
79
104
126
123
116
113
110
109
107
43
44
43
44
50
54
91
78
51
59
62
66
41
41
41
40
40
37
123
107
37
42
44
45
43
43
43
43
40
53
127
127
50
39
41
40
43
43
43
43
38
85
127
127
78
39
43
43
43
43
43
43
40
127
127
127
119
39
43
43
43
43
43
39
61
127
127
127
127
55
41
43
43
44
43
39
96
127
127
127
127
90
40
43
43
47
45
43
123
127
127
127
127
123
40
42
94
92
89
85
83
82
82
83
85
88
91
94
99
96
94
91
89
88
88
89
91
93
96
99
108
105
102
99
97
96
96
96
99
103
105
107
117
116
113
110
107
106
106
106
109
112
114
116
127
127
125
122
120
119
119
119
121
123
126
127
120
126
127
127
127
127
127
127
127
127
127
127
94
103
112
123
127
127
127
127
127
127
127
127
64
66
71
78
106
127
123
120
114
110
107
106
43
42
42
41
47
54
48
50
54
57
60
64
39
38
38
37
37
37
31
33
39
40
41
42
40
40
40
40
40
38
32
33
38
38
38
37
40
40
40
40
40
38
32
33
38
40
40
40
41
40
40
41
40
35
32
32
36
41
40
40
40
41
40
40
39
33
32
32
33
40
40
40
40
42
40
41
37
32
32
32
32
37
40
40
40
43
41
42
36
31
32
32
32
36
40
40
127
127
127
127
127
127
127
127
127
127
127
127
127
127
127
127
127
127
127
127
127
127
127
127
127
127
127
127
127
127
127
127
127
127
127
127
127
127
127
127
127
127
127
127
127
127
127
127
127
127
127
127
127
127
127
127
127
127
127
127
126
127
127
127
127
127
127
127
127
127
127
127
92
102
118
127
127
127
127
127
127
127
127
127
64
65
68
76
113
127
127
127
118
110
105
106
43
43
42
42
48
55
50
50
54
57
61
64
39
40
39
38
37
37
31
32
39
40
43
43
40
41
41
40
40
39
32
33
39
40
39
37
40
41
41
40
41
37
32
33
39
41
41
40
42
41
41
42
41
35
32
32
37
42
42
41
41
41
40
41
40
33
32
32
33
40
41
40
41
42
41
41
37
32
32
32
32
37
41
40
41
43
43
42
36
31
32
32
32
36
40
40
