82
79
76
74
71
71
71
71
74
76
79
82
87
85
82
79
77
76
76
77
79
82
85
87
95
92
89
87
85
84
84
85
87
89
92
95
105
102
99
96
94
93
93
94
96
99
102
104
120
116
112
109
106
106
106
106
108
110
113
115
116
120
123
127
126
123
123
124
125
126
126
127
94
101
109
116
127
127
127
127
127
127
127
127
64
66
71
79
106
126
123
116
112
110
109
106
43
44
43
44
50
54
84
86
50
59
62
65
41
41
40
40
40
37
82
127
54
38
44
45
43
43
43
43
42
37
93
127
100
39
39
40
43
44
43
43
43
38
104
127
127
64
40
43
43
43
44
45
43
40
118
127
127
124
43
41
43
43
43
45
43
42
127
127
127
127
86
38
43
43
42
43
43
44
127
127
127
127
127
60
42
43
41
42
40
47
127
127
127
127
127
92
94
92
89
85
83
82
82
83
85
88
91
94
99
96
94
91
89
88
88
89
91
93
97
99
108
105
102
99
97
96
96
96
99
102
105
107
117
116
113
110
107
106
106
106
109
111
113
116
127
127
125
122
120
119
119
119
121
123
126
127
118
125
127
127
127
127
127
127
127
127
127
127
93
101
111
123
127
127
127
127
127
127
127
127
64
66
70
78
108
127
124
120
114
110
107
106
43
42
42
41
47
54
49
50
54
57
60
64
39
38
38
37
37
37
34
31
38
40
41
43
40
40
40
40
40
39
37
30
35
39
37
37
40
40
40
40
40
40
37
32
33
39
40
40
40
40
41
41
40
40
36
32
32
35
40
41
40
40
41
40
41
40
35
32
32
33
37
41
40
40
40
40
40
40
33
32
32
32
34
40
39
40
39
40
40
39
33
32
32
32
32
37
127
127
127
127
127
127
127
127
127
127
127
127
127
127
127
127
127
127
127
127
127
127
127
127
127
127
127
127
127
127
127
127
127
127
127
127
127
127
127
127
127
127
127
127
127
127
127
127
127
127
127
127
127
127
127
127
127
127
127
127
125
127
127
127
127
127
127
127
127
127
127
127
91
100
117
127
127
127
127
127
127
127
127
127
64
65
68
75
116
127
127
127
118
110
106
106
43
43
42
42
49
55
49
50
54
57
61
64
39
39
39
38
37
37
33
30
37
40
42
43
40
40
41
40
40
40
37
30
35
40
38
38
41
41
41
41
41
41
37
31
33
40
41
41
41
40
42
42
41
42
36
31
32
35
41
42
41
41
42
42
42
42
35
32
32
33
38
42
40
41
40
41
41
40
33
32
32
32
34
40
39
40
40
40
40
40
33
32
32
32
32
38
