82
80
77
75
72
71
71
72
75
77
80
82
88
85
82
80
78
77
77
78
80
82
85
88
96
93
90
88
85
85
85
85
88
90
93
96
106
103
99
97
95
94
94
95
97
99
103
105
120
116
113
110
107
106
106
106
109
110
113
116
115
120
124
127
127
124
124
125
126
126
127
127
92
100
109
116
127
127
127
127
127
127
127
126
63
65
70
78
108
125
122
117
111
110
109
106
43
43
43
43
51
54
73
96
54
54
61
65
41
41
40
40
40
39
48
115
105
44
38
46
43
43
43
43
42
42
38
110
127
92
48
36
43
43
43
43
43
43
37
72
127
127
93
45
43
43
42
43
42
42
40
47
127
127
127
108
43
44
43
44
42
43
44
40
110
127
127
127
43
45
44
44
43
44
47
40
75
127
127
127
43
46
43
43
43
45
46
43
53
127
127
127
95
92
89
86
84
83
83
84
86
89
92
95
100
98
95
92
89
89
89
89
92
94
98
100
109
106
103
100
98
97
97
98
99
103
106
108
118
116
113
110
108
107
107
108
110
112
114
117
127
127
126
123
120
120
120
120
122
124
127
127
117
124
127
127
127
127
127
127
127
127
127
127
92
100
110
123
127
127
127
127
127
127
127
127
64
65
69
78
112
127
123
120
114
110
107
106
43
42
42
42
49
53
50
50
54
57
60
64
39
38
38
37
37
37
37
33
34
40
42
43
40
40
40
40
39
39
40
35
31
35
38
37
40
40
40
40
40
40
40
38
32
33
37
40
41
40
40
40
40
40
40
40
34
32
33
36
40
40
40
41
40
40
40
40
36
32
32
33
40
41
40
41
40
40
41
41
39
33
32
32
40
41
40
40
40
41
41
41
40
33
32
32
127
127
127
127
127
127
127
127
127
127
127
127
127
127
127
127
127
127
127
127
127
127
127
127
127
127
127
127
127
127
127
127
127
127
127
127
127
127
127
127
127
127
127
127
127
127
127
127
127
127
127
127
127
127
127
127
127
127
127
127
122
127
127
127
127
127
127
127
127
127
127
127
89
99
116
127
127
127
127
127
127
127
127
127
63
64
67
77
121
127
127
126
117
109
105
106
42
43
42
42
50
54
50
49
54
57
60
64
40
39
39
38
37
37
37
32
34
40
42
43
41
40
41
41
40
40
40
35
31
35
38
39
41
41
40
40
41
41
41
39
32
33
37
41
42
40
40
41
41
40
40
40
34
32
33
37
41
41
41
42
40
41
42
41
36
32
32
33
40
43
41
42
40
41
43
43
39
33
32
32
41
43
40
41
41
42
43
43
41
33
32
32
