82
78
76
74
71
71
71
71
74
76
79
82
87
85
82
79
77
76
76
77
79
82
85
87
95
92
89
87
85
84
84
85
87
89
92
95
105
102
99
96
94
93
93
94
96
99
102
104
120
116
112
109
106
106
106
106
108
110
113
115
115
120
124
127
125
123
123
124
125
125
126
127
92
100
109
119
127
127
127
127
127
127
127
127
63
65
70
82
115
124
122
116
111
109
108
107
43
43
43
45
53
54
68
95
68
50
60
65
41
41
40
40
40
40
44
75
115
83
44
37
43
43
43
43
42
43
40
54
115
127
92
56
43
43
43
43
43
44
43
38
54
127
127
118
43
41
42
43
43
42
42
43
40
66
127
127
43
43
43
42
43
41
42
43
41
41
89
127
43
45
44
42
43
43
44
42
44
40
46
105
43
47
44
43
43
47
47
43
45
45
40
48
94
92
89
85
83
82
82
83
85
88
91
94
99
97
94
91
89
88
88
89
91
93
97
99
108
105
102
99
97
96
96
96
99
102
105
107
117
116
113
110
107
106
106
106
109
111
113
116
127
127
125
122
120
119
119
119
121
123
126
127
116
124
127
127
127
127
127
127
127
127
127
127
92
100
112
125
127
127
127
127
127
127
127
127
63
65
70
82
120
127
122
118
113
110
107
106
43
42
42
43
50
51
50
49
54
57
60
64
39
38
38
37
37
37
37
35
33
37
41
43
40
40
40
40
39
40
40
38
34
33
34
37
40
40
40
40
40
41
40
40
40
34
33
35
40
39
40
40
40
40
40
40
40
38
33
31
40
40
40
40
40
39
40
40
40
40
37
33
40
41
41
40
39
40
40
40
41
42
40
37
40
42
41
40
40
42
41
40
42
42
41
40
127
127
127
127
127
127
127
127
127
127
127
127
127
127
127
127
127
127
127
127
127
127
127
127
127
127
127
127
127
127
127
127
127
127
127
127
127
127
127
127
127
127
127
127
127
127
127
127
127
127
127
127
127
127
127
127
127
127
127
127
122
127
127
127
127
127
127
127
127
127
127
127
89
99
117
127
127
127
127
127
127
127
127
127
63
64
68
82
127
127
127
125
116
108
105
105
43
43
42
43
52
54
50
50
54
58
61
64
39
39
39
38
37
37
37
35
34
37
42
44
40
40
41
41
40
40
40
39
34
33
35
37
41
41
41
41
41
42
41
41
40
34
33
36
40
40
40
40
41
40
40
41
41
39
33
31
40
40
41
40
40
40
40
41
41
41
37
33
40
42
43
40
40
41
41
41
42
43
41
37
41
43
43
40
40
43
43
40
43
43
42
40
