82
78
76
74
71
71
71
71
74
76
79
82
88
84
82
79
77
76
75
77
78
81
85
87
96
92
89
87
85
84
83
85
86
89
92
95
105
103
99
96
94
93
93
94
96
99
101
103
120
116
112
109
106
106
106
106
108
109
112
115
116
121
126
127
124
123
123
124
125
124
125
127
94
102
112
123
127
127
127
127
127
127
127
126
63
66
72
92
123
122
121
115
110
108
107
106
43
43
43
47
54
54
74
92
64
50
61
66
42
41
40
40
40
40
47
78
110
83
45
36
43
43
43
43
42
42
40
57
109
127
95
60
43
43
43
43
43
43
43
38
49
127
127
127
43
44
43
43
45
44
43
43
41
52
120
127
43
43
43
44
44
44
44
43
41
37
64
123
43
43
43
44
44
44
44
43
43
42
37
64
45
43
45
45
44
43
44
43
43
44
43
38
94
92
89
85
83
82
82
83
85
88
91
94
99
97
93
91
89
88
88
89
91
93
96
99
108
105
102
99
97
96
96
96
99
102
105
107
117
115
113
110
107
106
106
106
109
111
114
116
127
127
125
122
120
119
118
119
120
123
126
127
119
127
127
127
127
127
127
127
127
127
127
127
94
103
115
127
127
127
127
127
127
127
127
127
63
66
71
93
127
126
121
116
112
109
107
106
42
42
42
44
52
51
50
50
54
58
61
64
38
38
37
37
37
37
37
36
35
37
42
43
40
40
40
40
39
40
39
38
34
33
34
36
40
40
40
40
40
40
40
40
40
35
33
34
40
40
40
40
40
41
41
40
40
40
35
31
40
40
40
40
41
40
41
40
40
40
40
35
40
40
40
40
41
40
41
40
40
40
41
40
41
41
40
41
42
40
41
40
40
41
41
42
127
127
127
127
127
127
127
127
127
127
127
127
127
127
127
127
127
127
127
127
127
127
127
127
127
127
127
127
127
127
127
127
127
127
127
127
127
127
127
127
127
127
127
127
127
127
127
127
127
127
127
127
127
127
127
127
127
127
127
127
125
127
127
127
127
127
127
127
127
127
127
127
91
103
123
127
127
127
127
127
127
127
127
127
64
66
69
96
127
127
127
121
113
107
105
105
43
43
42
45
54
51
50
50
54
58
62
64
39
39
39
37
37
37
36
36
35
38
43
45
40
40
40
40
40
40
40
39
35
33
35
37
41
40
41
40
40
41
41
41
41
36
33
34
41
42
41
41
42
42
42
41
41
40
35
31
40
41
41
42
43
42
42
41
40
41
40
36
41
41
41
42
43
42
42
41
40
41
43
41
42
42
42
42
42
41
42
40
41
42
42
43
