82
80
77
74
71
71
71
71
74
76
80
82
88
85
82
79
77
75
75
76
78
81
84
86
96
93
90
87
85
83
83
84
86
89
91
94
105
103
99
97
95
93
93
93
96
98
101
103
118
115
111
109
106
106
105
106
107
109
112
116
123
127
127
126
125
123
123
124
123
124
125
126
103
112
123
127
127
127
127
127
127
127
126
124
67
72
89
123
121
121
116
110
108
108
107
106
44
43
46
54
54
71
96
63
50
61
66
68
41
40
40
40
40
46
83
114
77
40
38
45
43
43
43
43
42
39
61
122
127
85
52
37
44
43
43
43
43
43
35
64
127
127
106
58
43
42
42
43
43
42
43
40
76
127
127
127
44
42
43
44
43
43
45
42
43
103
127
127
46
43
43
45
43
43
45
45
38
51
122
127
47
44
43
44
43
43
44
44
43
36
68
127
94
92
89
85
83
82
82
83
85
87
91
94
99
97
94
91
89
88
88
89
91
92
96
99
109
106
103
99
97
96
96
96
99
100
104
107
119
116
113
110
107
106
106
106
109
110
113
116
127
127
124
122
120
118
118
118
120
123
125
127
127
127
127
127
127
127
127
127
127
127
127
127
103
115
127
127
127
127
127
127
127
127
127
124
67
71
89
127
126
122
117
112
109
107
106
106
42
42
43
52
50
50
50
54
57
60
64
68
38
37
37
37
37
37
36
34
37
41
43
44
40
40
40
39
40
40
37
33
32
34
37
37
40
40
40
40
40
40
40
39
33
33
36
38
40
39
40
40
40
40
40
41
37
33
31
34
40
39
40
41
40
40
41
41
40
37
32
32
40
40
41
41
40
40
41
41
40
40
35
32
41
42
40
41
40
40
40
41
40
41
38
33
127
127
127
127
127
127
127
127
127
127
127
127
127
127
127
127
127
127
127
127
127
127
127
127
127
127
127
127
127
127
127
127
127
127
127
127
127
127
127
127
127
127
127
127
127
127
127
127
127
127
127
127
127
127
127
127
127
127
127
127
127
127
127
127
127
127
127
127
127
127
127
127
103
122
127
127
127
127
127
127
127
127
127
123
65
69
90
127
127
127
123
114
107
105
105
106
43
42
44
54
51
50
50
54
57
61
64
67
40
39
37
37
37
37
35
34
38
43
44
45
41
41
40
40
40
40
38
34
33
36
37
38
41
41
41
41
40
40
41
40
33
33
37
39
40
40
40
41
41
40
41
42
38
33
32
34
41
40
41
42
41
40
42
42
40
37
32
32
43
41
42
43
41
40
42
42
41
41
35
32
43
43
41
42
41
41
41
42
41
42
38
33
