82
80
77
74
71
71
71
71
74
76
79
82
88
85
82
79
77
75
75
76
78
81
84
86
96
94
91
87
85
83
83
84
86
89
91
93
106
103
100
97
95
93
92
93
96
97
100
103
117
113
111
109
106
106
105
105
106
110
115
123
127
127
127
127
125
124
123
122
123
124
126
127
118
127
127
127
127
127
127
127
126
126
123
120
77
102
122
121
120
113
111
109
106
106
105
104
44
49
51
71
96
53
57
59
63
67
71
75
40
40
34
91
127
47
40
43
44
46
47
49
43
41
43
127
127
68
38
41
40
40
40
40
43
39
69
127
127
99
39
43
43
44
44
43
40
41
122
127
127
127
41
43
43
44
44
44
39
70
127
127
127
127
54
41
43
44
44
44
45
113
127
127
127
127
80
40
45
45
44
44
55
127
127
127
127
127
104
38
47
47
44
44
95
92
88
85
83
82
82
83
85
88
90
94
100
97
93
91
89
88
88
89
91
93
96
99
109
106
103
99
97
96
96
96
99
101
104
106
118
116
113
110
107
106
106
106
108
110
113
116
127
127
124
122
120
118
118
118
120
123
127
127
127
127
127
127
127
127
127
127
127
127
127
127
123
127
127
127
127
127
127
127
127
125
122
120
77
105
127
124
121
116
111
108
106
106
104
105
41
47
50
49
48
52
54
57
61
65
69
74
37
37
37
33
30
37
39
40
41
43
44
47
40
40
39
33
30
37
39
38
37
37
37
36
40
40
38
33
32
36
40
40
40
40
40
40
40
40
36
32
32
34
41
41
40
40
41
41
40
39
33
32
32
33
40
41
40
41
40
41
40
37
32
32
32
32
37
41
40
41
40
40
40
34
32
32
32
32
36
41
42
41
40
40
127
127
127
127
127
127
127
127
127
127
127
127
127
127
127
127
127
127
127
127
127
127
127
127
127
127
127
127
127
127
127
127
127
127
127
127
127
127
127
127
127
127
127
127
127
127
127
127
127
127
127
127
127
127
127
127
127
127
127
127
127
127
127
127
127
127
127
127
127
127
127
127
127
127
127
127
127
127
127
127
127
126
120
116
75
110
127
127
127
123
112
106
104
104
104
105
42
47
52
49
48
51
54
57
61
65
70
74
39
38
37
33
30
37
40
40
42
44
45
47
41
41
40
33
31
38
40
38
38
38
37
37
40
41
39
33
32
37
41
40
41
42
42
41
40
41
36
32
32
34
42
42
41
41
42
42
42
40
33
32
32
33
40
42
40
42
42
42
43
37
31
32
32
32
38
42
41
42
42
42
41
33
31
32
32
32
37
42
43
43
41
41
