96
92
88
83
80
77
75
75
75
76
78
82
100
96
92
87
83
80
78
78
79
81
83
87
106
103
98
93
89
86
85
84
85
88
91
95
114
110
106
101
97
94
92
92
94
96
100
104
124
120
115
110
106
103
103
102
104
108
113
118
125
127
127
126
122
117
117
120
122
123
122
120
106
113
118
123
126
126
124
120
116
112
106
99
75
78
85
94
104
123
112
95
84
75
68
64
48
47
48
47
45
102
67
43
45
44
43
43
42
41
40
39
41
127
96
33
40
40
40
41
43
43
43
39
61
127
127
47
41
43
43
43
43
43
43
37
89
127
127
76
39
43
43
43
44
44
43
42
120
127
127
119
41
43
44
45
44
44
41
55
127
127
127
127
62
40
44
45
44
44
40
79
127
127
127
127
101
40
43
44
43
44
40
101
127
127
127
127
127
43
43
43
110
106
101
96
92
89
87
86
87
88
91
94
113
110
105
99
96
93
91
90
91
92
96
99
120
116
111
106
102
99
97
96
98
100
104
107
127
123
119
114
110
106
105
105
107
110
113
116
127
127
127
123
119
116
115
114
117
121
126
127
127
127
127
127
127
127
127
127
127
127
127
123
106
116
123
127
127
127
127
127
123
115
106
98
74
77
83
94
108
127
116
96
83
73
68
64
47
46
45
45
47
51
48
43
43
42
42
42
40
39
38
37
37
32
33
37
37
37
38
38
39
40
40
40
39
31
33
40
41
40
40
40
40
40
40
40
37
32
33
39
41
40
40
40
41
41
40
40
35
32
32
36
40
40
41
40
40
41
41
40
33
32
32
33
39
40
41
40
40
41
41
38
32
32
32
32
37
40
41
40
40
41
42
37
32
32
32
32
34
40
40
41
127
127
127
127
127
127
127
127
127
127
127
127
127
127
127
127
127
127
127
127
127
127
127
127
127
127
127
127
127
127
127
127
127
127
127
127
127
127
127
127
127
127
127
127
127
127
127
127
127
127
127
127
127
127
127
127
127
127
127
127
127
127
127
127
127
127
127
127
127
127
127
127
106
121
127
127
127
127
127
127
127
126
110
96
73
75
82
96
120
127
127
102
83
71
67
64
47
47
46
45
47
54
50
43
43
42
42
42
40
40
39
37
37
31
33
37
38
38
39
39
40
40
40
40
40
31
33
40
42
40
41
40
40
41
41
41
38
32
33
38
42
41
41
40
42
42
41
41
35
32
32
36
42
42
41
42
42
43
42
41
34
32
32
33
40
41
42
42
42
43
42
40
33
32
32
32
37
40
42
42
41
42
43
37
32
32
32
32
34
41
41
42
