82
80
77
74
71
71
71
71
74
76
79
82
88
85
82
79
77
75
75
76
78
81
84
86
96
93
90
87
85
83
83
84
86
89
91
93
105
102
99
97
95
93
93
93
96
97
100
103
116
113
111
109
106
106
105
106
106
110
116
123
127
127
127
127
125
124
123
123
123
125
126
127
116
126
127
127
127
127
127
127
126
125
123
120
75
93
121
121
121
114
111
109
106
106
105
104
44
47
48
76
94
52
56
59
63
67
71
75
41
34
47
127
100
37
41
43
44
46
47
50
39
47
99
127
100
37
42
42
41
40
40
40
42
85
127
127
85
38
43
44
43
43
43
43
82
127
127
127
75
37
43
43
43
43
43
43
127
127
127
127
62
37
43
43
43
42
42
42
127
127
127
127
51
40
43
43
43
42
41
43
127
127
127
127
45
41
44
42
43
42
41
44
95
92
89
85
83
82
82
83
85
88
90
94
100
97
94
91
89
88
88
89
91
93
96
99
109
106
103
99
97
96
96
96
99
101
103
107
118
116
113
110
107
106
106
106
108
110
113
116
127
127
123
122
120
118
118
119
121
123
125
127
127
127
127
127
127
127
127
127
127
127
127
127
120
127
127
127
127
127
127
127
127
126
122
119
75
96
127
125
121
117
112
108
106
106
104
104
42
44
51
49
48
52
54
57
61
65
70
74
37
37
37
31
33
37
39
40
41
43
45
47
40
40
36
31
36
39
39
39
37
37
36
37
40
37
33
32
38
41
40
41
40
40
40
40
39
33
32
33
39
40
40
40
40
40
40
40
34
32
32
33
38
40
40
40
40
39
40
40
31
32
32
33
37
40
40
40
40
39
38
40
32
32
32
33
37
40
41
40
40
39
38
40
127
127
127
127
127
127
127
127
127
127
127
127
127
127
127
127
127
127
127
127
127
127
127
127
127
127
127
127
127
127
127
127
127
127
127
127
127
127
127
127
127
127
127
127
127
127
127
127
127
127
127
127
127
127
127
127
127
127
127
127
127
127
127
127
127
127
127
127
127
127
127
127
127
127
127
127
127
127
127
127
127
126
120
116
72
98
127
127
127
124
113
106
104
104
105
104
43
46
53
50
48
52
54
57
61
65
70
75
38
37
36
30
33
38
39
40
42
44
45
47
41
40
36
31
37
40
40
40
38
38
37
37
41
38
33
32
38
42
41
42
41
40
40
41
39
33
32
33
39
42
40
41
40
40
41
41
34
32
32
33
38
41
41
41
41
40
40
40
31
32
32
33
38
40
41
41
41
40
39
40
32
32
32
33
38
41
42
40
40
40
39
41
