82
78
76
74
71
71
71
71
74
76
79
82
87
85
82
79
77
76
76
77
79
82
85
87
95
92
89
87
85
84
84
85
87
89
92
94
104
101
99
96
94
93
93
94
96
99
101
104
116
113
110
109
106
106
106
106
108
110
115
121
127
127
127
125
124
123
124
124
123
125
126
127
110
116
127
127
127
127
127
127
127
126
123
121
71
78
96
123
122
119
113
110
107
106
104
104
43
44
45
51
98
71
52
57
60
64
68
73
41
38
33
85
127
55
38
42
43
45
47
48
40
40
71
127
127
48
40
41
41
40
40
40
40
62
127
127
117
41
42
43
43
43
43
43
65
127
127
127
92
38
43
43
44
44
44
43
127
127
127
127
68
39
45
43
44
44
44
43
127
127
127
127
49
42
45
44
44
44
44
43
127
127
127
127
40
43
43
43
44
44
44
43
94
92
89
85
83
82
82
83
85
88
91
94
99
97
93
91
89
88
88
89
91
93
97
99
108
106
102
100
97
96
96
96
99
102
105
107
117
115
112
110
107
106
106
106
109
111
113
116
127
127
123
121
120
119
119
119
122
123
126
127
127
127
127
127
127
127
127
127
127
127
127
127
112
122
127
127
127
127
127
127
127
127
123
120
70
77
99
127
123
121
116
110
106
105
104
104
42
42
45
54
47
49
53
54
57
63
67
71
38
38
37
34
30
36
38
39
40
42
43
46
40
40
38
33
33
39
39
38
38
37
37
37
40
39
33
31
35
40
40
40
40
40
40
40
40
34
32
32
37
41
40
40
40
41
40
41
35
32
32
33
38
41
41
40
40
40
41
41
32
32
32
34
40
41
41
40
41
40
41
41
32
32
32
34
41
41
40
40
42
41
41
41
127
127
127
127
127
127
127
127
127
127
127
127
127
127
127
127
127
127
127
127
127
127
127
127
127
127
127
127
127
127
127
127
127
127
127
127
127
127
127
127
127
127
127
127
127
127
127
127
127
127
127
127
127
127
127
127
127
127
127
127
127
127
127
127
127
127
127
127
127
127
127
127
118
127
127
127
127
127
127
127
127
127
122
117
68
74
103
127
127
127
120
110
105
104
104
104
43
42
46
55
47
50
53
55
58
62
68
72
39
39
38
33
30
36
38
40
41
43
45
47
40
41
38
32
33
40
40
39
39
38
38
37
41
40
33
31
35
41
41
40
41
41
41
41
40
34
32
32
38
42
40
41
42
42
42
41
35
32
32
33
39
42
42
42
41
42
43
42
32
32
32
34
40
42
42
42
42
42
43
42
32
32
32
35
42
42
41
41
43
42
42
42
