82
79
76
74
71
71
71
71
74
76
79
82
87
85
82
79
77
76
76
77
79
82
85
87
95
92
89
87
85
84
84
85
87
89
92
95
104
102
99
96
94
93
93
94
96
99
102
105
116
113
110
108
106
106
106
106
109
110
116
122
126
127
127
125
124
123
124
123
125
125
126
126
110
116
126
127
127
127
127
127
127
125
123
120
71
78
94
123
123
119
112
109
107
106
103
103
43
44
41
57
100
65
52
56
60
64
68
73
39
33
47
109
111
43
40
42
43
45
47
49
39
57
104
127
95
38
41
42
41
40
40
40
56
113
127
127
51
40
43
43
42
43
43
43
127
127
127
95
39
43
44
43
43
45
45
44
127
127
127
54
40
43
43
43
43
43
44
44
127
127
103
37
43
42
44
44
43
43
44
44
127
127
64
39
43
41
45
47
46
44
45
44
94
92
89
85
83
82
82
83
85
89
92
94
99
97
94
91
89
88
88
89
91
94
97
99
107
105
103
99
97
96
96
97
99
102
106
108
116
114
112
110
107
106
106
107
110
112
115
117
127
127
123
121
119
119
119
120
123
124
127
127
127
127
127
127
127
127
127
127
127
127
127
127
112
121
127
127
127
127
127
127
127
127
123
119
70
77
96
127
123
121
115
109
106
105
103
103
42
42
45
54
47
49
52
54
57
63
67
71
38
37
37
33
32
37
37
39
40
42
44
46
40
39
36
32
37
40
39
39
38
37
37
36
40
36
32
34
40
40
40
40
40
40
40
40
34
32
32
37
41
40
41
40
40
40
41
41
32
32
33
40
40
40
41
40
40
40
40
41
32
32
36
40
40
40
41
40
40
40
40
41
32
33
39
40
40
39
42
41
41
41
40
42
127
127
127
127
127
127
127
127
127
127
127
127
127
127
127
127
127
127
127
127
127
127
127
127
127
127
127
127
127
127
127
127
127
127
127
127
127
127
127
127
127
127
127
127
127
127
127
127
127
127
127
127
127
127
127
127
127
127
127
127
127
127
127
127
127
127
127
127
127
127
127
127
118
127
127
127
127
127
127
127
127
127
121
116
68
75
100
127
127
127
120
110
104
103
103
103
42
42
45
54
47
49
52
55
58
62
68
72
39
39
37
32
31
37
37
40
42
43
45
47
41
40
37
31
37
40
40
40
39
38
38
37
40
36
32
33
41
41
41
41
40
41
41
40
34
32
32
38
42
41
42
41
40
42
42
42
32
32
33
40
41
41
42
40
40
41
42
42
32
32
37
41
40
40
42
41
42
41
42
42
32
33
39
41
40
40
43
43
43
42
41
43
