82
79
76
74
71
71
71
71
74
76
79
82
87
85
82
79
77
76
76
77
79
82
85
87
95
92
89
87
85
84
84
85
87
89
92
95
104
102
99
96
94
93
93
94
96
99
103
105
116
113
110
108
106
106
106
106
109
111
116
123
126
127
127
124
124
123
124
124
124
125
126
126
110
116
127
127
127
127
127
127
127
125
123
120
71
78
95
123
123
118
112
109
106
106
103
103
44
43
40
62
101
61
52
56
60
64
69
73
37
32
57
117
97
40
40
42
43
45
47
49
43
68
120
127
75
38
42
41
40
41
40
40
72
127
127
118
40
42
43
43
43
44
44
43
127
127
127
61
40
43
43
44
43
44
44
43
127
127
102
40
42
43
44
44
43
44
44
43
127
127
55
38
43
43
43
43
43
43
43
43
127
102
37
42
43
43
42
42
42
43
41
43
94
92
89
85
83
82
82
83
85
89
92
94
99
97
94
91
89
88
88
89
91
94
96
99
107
105
103
99
96
96
96
97
99
102
105
108
116
114
112
109
106
106
106
107
110
112
115
117
127
127
123
121
119
119
119
120
123
124
127
127
127
127
127
127
127
127
127
127
127
127
127
127
113
122
127
127
127
127
127
127
127
127
122
119
71
77
97
127
123
120
114
109
105
104
103
103
42
42
45
54
47
50
52
54
57
63
68
72
39
38
36
32
33
37
37
39
40
42
43
47
40
39
35
32
38
40
39
38
38
37
37
37
38
34
31
36
41
40
40
40
40
40
41
40
33
31
33
40
40
40
41
41
40
40
41
41
32
32
37
40
40
40
41
41
40
41
41
41
32
34
40
40
40
40
40
40
40
41
40
41
32
37
40
40
40
40
40
39
39
40
39
40
127
127
127
127
127
127
127
127
127
127
127
127
127
127
127
127
127
127
127
127
127
127
127
127
127
127
127
127
127
127
127
127
127
127
127
127
127
127
127
127
127
127
127
127
127
127
127
127
127
127
127
127
127
127
127
127
127
127
127
127
127
127
127
127
127
127
127
127
127
127
127
127
118
127
127
127
127
127
127
127
127
127
120
116
68
75
101
127
127
127
120
109
103
103
103
103
43
42
45
55
47
50
52
55
58
63
68
72
40
39
36
31
32
37
38
40
41
43
44
47
41
40
36
32
38
40
40
39
39
39
37
37
39
34
31
37
42
41
41
40
41
42
42
41
33
31
33
40
41
40
42
42
41
42
42
42
32
32
37
41
40
41
42
42
41
42
42
42
32
34
40
40
40
41
41
41
40
41
41
42
32
37
41
40
41
41
40
40
40
40
39
41
