82
78
76
74
71
71
71
72
75
77
80
82
87
84
82
79
77
76
76
77
79
82
85
88
95
92
89
87
85
84
84
85
87
90
92
96
104
102
99
96
94
93
93
95
97
99
102
106
115
113
110
108
106
106
106
106
109
112
118
125
127
127
127
124
124
124
124
123
124
126
127
125
112
118
127
127
127
127
127
127
126
124
122
117
72
78
99
125
123
116
112
107
106
104
103
103
43
38
45
89
84
53
54
57
61
65
71
75
35
63
105
95
54
39
41
42
43
46
47
50
85
118
123
76
41
42
42
42
40
41
40
40
127
127
71
37
43
43
43
43
43
44
44
43
127
68
41
43
43
43
43
44
44
43
44
45
73
43
40
43
43
42
43
44
44
43
44
45
37
41
43
43
42
42
43
43
43
43
43
43
41
43
43
44
43
43
43
42
42
42
43
41
94
92
89
85
83
82
82
84
86
89
92
94
99
97
94
91
89
88
88
89
92
94
98
99
107
105
103
100
98
96
96
97
99
103
106
109
116
114
112
110
107
106
106
107
110
112
114
118
127
126
123
121
119
119
119
120
123
125
127
127
127
127
127
127
127
127
127
127
127
127
127
127
115
124
127
127
127
127
127
127
127
125
120
117
72
79
103
127
122
120
114
107
104
103
103
103
43
43
47
51
47
50
52
54
59
64
68
74
39
36
33
33
36
37
38
40
41
43
44
47
37
35
34
37
40
40
39
39
37
37
37
36
33
33
39
40
40
41
40
40
40
40
41
40
34
39
41
40
41
40
40
41
40
40
41
41
39
41
41
40
40
40
40
41
40
40
41
41
40
41
40
40
40
40
40
40
40
40
41
40
39
40
40
41
40
40
40
40
40
39
40
40
127
127
127
127
127
127
127
127
127
127
127
127
127
127
127
127
127
127
127
127
127
127
127
127
127
127
127
127
127
127
127
127
127
127
127
127
127
127
127
127
127
127
127
127
127
127
127
127
127
127
127
127
127
127
127
127
127
127
127
127
127
127
127
127
127
127
127
127
127
127
127
127
123
127
127
127
127
127
127
127
127
126
117
115
70
78
109
127
127
127
117
107
102
103
103
103
42
42
47
53
48
50
52
54
58
64
69
74
39
36
32
33
36
37
38
40
41
43
46
47
37
36
35
37
41
40
40
40
38
38
38
37
33
34
40
42
42
41
40
41
40
41
42
41
34
40
42
41
42
41
40
42
42
41
41
42
40
42
42
40
41
40
41
42
42
41
42
42
41
42
41
41
40
40
41
41
41
40
41
41
40
41
40
42
41
40
41
40
40
40
40
40
