82
79
76
74
71
71
71
71
74
77
80
82
86
84
81
78
76
75
75
77
79
82
85
88
94
92
89
86
84
83
83
85
87
90
93
96
103
101
98
96
93
93
93
95
97
99
102
106
114
111
108
106
105
105
106
107
110
111
116
122
123
125
126
125
122
123
124
126
126
126
126
126
106
112
119
127
127
127
127
127
127
126
123
119
69
74
82
105
127
121
114
110
106
104
103
102
43
40
36
59
96
69
51
55
57
61
67
71
32
47
86
104
75
45
40
41
42
44
47
48
73
103
122
101
54
40
42
42
41
41
40
40
127
127
101
42
40
44
43
44
44
44
43
43
127
81
43
41
43
43
43
43
43
43
43
43
79
47
37
41
43
42
43
43
43
43
43
43
37
40
43
42
43
42
43
43
42
43
43
43
43
43
43
43
43
42
43
43
42
43
43
44
94
90
88
85
83
82
82
83
85
89
92
95
99
96
93
91
89
88
88
89
91
94
97
100
107
103
101
99
96
96
96
97
99
103
106
109
116
113
110
108
106
106
106
107
110
113
116
118
127
125
122
120
118
118
118
120
122
126
127
127
127
127
127
127
127
127
127
127
127
127
127
127
108
116
124
127
127
127
127
127
127
127
122
119
68
73
82
109
127
122
117
110
106
103
102
102
42
43
43
47
50
49
50
52
55
60
64
70
39
38
34
33
34
37
37
38
40
41
43
46
38
37
35
36
38
40
40
39
39
38
37
37
33
33
37
40
41
40
40
40
41
41
40
40
33
38
40
40
39
40
40
40
41
40
40
40
37
40
40
38
40
40
41
40
40
40
40
40
40
41
40
39
41
40
41
40
40
40
40
40
40
41
40
40
41
40
41
40
40
40
40
42
127
127
127
127
127
127
127
127
127
127
127
127
127
127
127
127
127
127
127
127
127
127
127
127
127
127
127
127
127
127
127
127
127
127
127
127
127
127
127
127
127
127
127
127
127
127
127
127
127
127
127
127
127
127
127
127
127
127
127
127
127
127
127
127
127
127
127
127
127
127
127
127
110
125
127
127
127
127
127
127
127
127
122
115
68
71
82
117
127
127
125
113
103
101
102
102
43
43
43
48
52
49
50
53
56
60
65
70
40
39
34
33
34
36
37
39
40
42
44
46
39
37
36
36
39
41
40
40
40
39
38
38
34
33
37
40
41
42
41
41
42
42
41
41
34
39
41
40
40
40
41
42
42
41
40
40
38
41
40
39
40
40
41
41
41
40
41
40
41
42
40
40
42
40
41
40
40
40
41
41
41
41
41
41
42
40
41
41
40
41
40
42
