82
79
76
74
71
71
71
71
74
77
80
82
86
84
81
78
76
75
75
77
79
82
85
88
94
91
89
86
84
83
83
85
87
90
93
96
103
99
97
95
92
92
93
95
97
100
103
106
115
111
109
106
104
104
105
107
110
112
116
120
120
123
124
124
123
122
123
126
127
127
127
127
102
108
113
120
127
127
127
127
127
127
125
122
66
71
76
87
115
125
118
112
108
105
103
101
44
44
43
37
61
103
61
52
55
59
62
67
40
33
36
72
116
85
41
40
42
43
44
47
40
53
85
127
126
61
40
43
42
41
40
40
57
104
127
127
68
37
43
43
43
43
43
43
127
127
127
80
42
44
44
44
43
44
44
43
127
127
106
46
41
45
43
43
43
44
44
43
127
125
54
38
44
44
43
43
43
43
44
43
127
73
37
43
43
43
43
43
43
43
43
43
94
91
87
85
83
82
82
83
85
89
92
95
99
96
92
90
88
88
88
89
91
94
97
100
106
104
101
98
96
96
96
97
99
103
106
110
116
113
110
108
106
105
106
107
110
113
116
119
127
125
122
119
117
117
118
120
122
126
127
127
124
127
127
127
127
127
127
127
127
127
127
127
101
109
118
127
127
127
127
127
127
127
126
121
66
69
75
89
121
127
120
114
108
103
102
101
42
42
42
43
50
48
49
50
53
57
61
65
38
38
37
35
32
33
37
38
39
40
42
43
40
39
37
35
33
37
40
40
39
38
37
37
40
37
33
33
39
40
40
40
40
40
40
40
34
32
33
38
41
41
41
41
40
40
41
40
32
31
37
41
40
41
40
41
40
40
41
40
32
35
40
42
40
41
40
40
40
40
41
40
33
39
41
41
41
41
40
40
40
40
41
40
127
127
127
127
127
127
127
127
127
127
127
127
127
127
127
127
127
127
127
127
127
127
127
127
127
127
127
127
127
127
127
127
127
127
127
127
127
127
127
127
127
127
127
127
127
127
127
127
127
127
127
127
127
127
127
127
127
127
127
127
127
127
127
127
127
127
127
127
127
127
127
127
102
114
127
127
127
127
127
127
127
127
127
120
66
68
73
89
127
127
127
120
109
102
101
101
43
43
43
43
53
50
49
51
54
57
61
65
40
39
39
35
32
33
37
38
39
41
43
44
42
40
38
35
33
38
40
40
40
39
38
38
40
37
32
33
40
41
40
41
40
40
41
41
34
32
33
39
42
42
42
42
40
41
42
40
32
32
37
42
42
42
42
42
41
41
42
41
32
36
41
43
42
42
41
41
41
41
42
41
33
40
42
41
42
42
40
40
40
41
41
40
