82
79
76
74
71
71
71
71
74
77
80
82
86
84
81
78
76
75
75
77
79
82
85
88
94
92
89
86
84
83
83
85
87
90
93
96
103
100
97
95
92
92
92
95
97
100
103
106
116
111
109
106
104
104
105
106
109
112
116
119
119
122
123
124
123
122
123
126
127
127
127
127
99
106
111
118
127
127
127
127
127
127
125
123
64
68
74
83
110
124
120
113
109
105
103
102
43
43
44
41
45
92
82
50
55
58
61
65
42
40
33
40
92
123
55
38
42
43
45
46
40
39
54
95
127
115
41
42
42
41
41
40
41
54
106
127
127
60
39
44
43
43
43
43
71
127
127
127
100
40
43
44
44
43
43
43
127
127
127
127
55
39
44
43
43
43
42
43
127
127
127
90
37
42
43
43
43
43
42
43
127
127
127
49
43
42
41
43
43
43
41
42
94
91
87
85
83
82
82
83
85
88
92
95
99
96
93
90
88
87
88
89
91
93
97
100
106
103
101
98
96
95
96
97
99
103
106
110
115
112
110
107
106
105
106
107
110
113
116
119
127
125
122
118
117
117
118
120
122
126
127
127
123
127
127
127
127
127
127
127
127
127
127
127
99
106
116
125
127
127
127
127
127
127
127
123
64
68
73
83
114
127
121
116
109
104
103
102
42
42
42
42
50
50
48
50
52
56
60
64
39
38
38
37
33
31
36
37
38
40
41
43
41
40
40
37
33
34
40
39
39
39
37
37
41
40
37
32
33
40
40
40
40
41
40
40
39
35
33
32
37
41
40
40
41
41
40
40
34
33
32
33
39
40
40
41
40
40
40
40
31
32
33
37
40
40
40
41
40
40
40
40
32
32
33
40
42
40
39
40
40
40
39
40
127
127
127
127
127
127
127
127
127
127
127
127
127
127
127
127
127
127
127
127
127
127
127
127
127
127
127
127
127
127
127
127
127
127
127
127
127
127
127
127
127
127
127
127
127
127
127
127
127
127
127
127
127
127
127
127
127
127
127
127
127
127
127
127
127
127
127
127
127
127
127
127
98
110
126
127
127
127
127
127
127
127
127
122
64
67
71
83
125
127
127
123
111
103
100
101
43
43
42
42
51
51
48
50
53
57
60
64
40
39
39
37
33
30
35
37
39
41
42
43
42
41
40
37
33
34
40
40
40
40
38
38
42
40
37
32
33
40
41
42
41
42
40
41
40
35
33
31
37
42
42
42
42
41
40
41
34
33
32
33
40
41
42
41
41
41
40
41
31
32
33
37
41
40
40
41
41
41
40
41
32
32
33
40
43
40
39
41
40
41
40
40
