82
79
76
74
71
71
71
71
74
77
80
82
86
84
81
78
76
75
75
77
79
82
85
88
94
92
89
86
84
83
83
85
87
89
93
97
103
100
97
95
92
92
92
95
97
99
103
106
116
112
108
106
104
104
105
106
109
112
116
119
117
121
122
123
123
121
123
126
127
127
127
127
98
104
110
116
127
127
127
127
127
127
126
123
64
68
73
82
104
123
121
113
110
105
103
102
43
44
44
44
43
68
103
52
54
57
60
64
41
41
40
32
53
121
101
36
41
42
43
45
43
41
38
57
110
127
84
38
42
43
41
40
43
40
47
110
127
127
51
42
43
45
44
43
37
50
116
127
127
127
39
42
43
43
43
43
57
116
127
127
127
94
38
42
43
42
42
43
113
127
127
127
127
68
41
43
43
42
42
43
127
127
127
127
127
52
43
45
42
42
41
42
94
91
87
85
83
82
82
83
85
89
92
95
99
96
93
90
88
87
88
89
91
94
97
100
107
103
101
98
96
95
96
97
99
103
106
110
115
112
110
107
105
105
106
107
110
113
116
119
127
125
122
119
116
117
118
120
122
126
127
127
121
127
127
127
127
127
127
127
127
127
127
127
97
105
114
123
127
127
127
127
127
127
127
123
64
68
72
81
109
127
121
116
110
105
102
101
42
42
42
42
48
52
47
50
52
54
58
62
38
38
38
38
36
32
33
37
38
40
40
43
40
40
40
40
36
31
37
40
39
39
38
38
40
40
39
36
33
33
39
40
40
40
41
41
40
40
35
32
32
34
40
40
40
40
40
40
40
36
33
32
32
37
40
40
40
40
40
40
37
33
32
32
33
39
42
40
40
40
39
40
33
32
32
32
34
40
42
41
40
39
38
39
127
127
127
127
127
127
127
127
127
127
127
127
127
127
127
127
127
127
127
127
127
127
127
127
127
127
127
127
127
127
127
127
127
127
127
127
127
127
127
127
127
127
127
127
127
127
127
127
127
127
127
127
127
127
127
127
127
127
127
127
127
127
127
127
127
127
127
127
127
127
127
127
95
106
122
127
127
127
127
127
127
127
127
125
64
66
70
78
116
127
127
125
113
103
100
100
43
43
42
42
50
54
47
50
52
55
58
62
39
39
39
39
37
31
32
37
38
40
41
43
40
40
41
40
36
31
37
40
40
40
39
39
41
40
40
36
33
33
40
41
41
42
42
42
42
41
35
32
32
34
40
40
41
40
41
41
41
37
33
32
32
37
41
41
41
40
40
41
37
33
32
32
33
40
43
41
41
40
39
40
33
32
32
31
34
41
43
42
40
40
39
40
