82
79
76
74
71
71
71
71
74
77
80
83
86
84
81
78
76
75
75
77
79
82
85
89
94
92
89
86
84
83
83
85
87
89
94
96
103
100
97
95
92
92
92
95
97
99
103
106
117
112
108
105
104
104
105
106
109
112
115
119
116
120
122
123
123
121
123
125
127
127
127
127
96
103
109
116
126
127
127
127
127
127
127
123
64
67
71
79
102
123
120
114
110
105
103
102
43
44
43
44
47
54
102
62
52
57
60
63
41
41
40
40
33
82
127
54
38
43
44
45
43
43
43
38
61
127
127
55
39
41
41
40
43
43
41
47
118
127
127
52
40
43
43
43
44
41
37
103
127
127
127
50
41
43
43
43
43
39
85
127
127
127
127
46
42
44
44
43
43
70
127
127
127
127
127
43
43
44
44
44
44
113
127
127
127
127
127
41
43
44
43
43
94
92
88
85
83
82
82
83
85
89
92
95
99
96
93
90
88
87
88
89
91
94
98
101
107
103
101
98
96
95
96
97
99
103
107
110
115
112
110
107
105
105
105
107
110
113
116
119
127
125
122
120
116
116
117
120
122
126
127
127
120
125
127
127
127
127
127
127
127
127
127
127
96
103
112
120
127
127
127
127
127
127
127
125
64
67
71
78
105
127
121
117
111
105
102
101
42
42
43
41
47
54
46
49
52
54
57
61
38
38
38
37
37
35
30
36
38
39
40
42
40
40
40
40
38
33
32
38
39
38
38
37
40
40
40
40
35
32
33
40
40
40
40
40
41
40
40
37
32
32
33
40
40
40
41
40
40
40
37
33
32
32
34
40
40
41
41
40
40
39
34
32
32
32
34
40
40
41
41
40
41
36
32
32
32
32
34
40
40
41
40
40
127
127
127
127
127
127
127
127
127
127
127
127
127
127
127
127
127
127
127
127
127
127
127
127
127
127
127
127
127
127
127
127
127
127
127
127
127
127
127
127
127
127
127
127
127
127
127
127
127
127
127
127
127
127
127
127
127
127
127
127
127
127
127
127
127
127
127
127
127
127
127
127
93
104
120
127
127
127
127
127
127
127
127
127
64
65
69
77
111
127
127
124
113
104
99
100
43
43
42
42
47
55
47
50
52
54
57
61
39
39
39
38
37
34
29
36
38
40
42
43
40
40
40
41
39
33
32
39
40
39
39
38
41
41
41
41
35
32
33
40
40
40
41
41
41
40
41
37
32
32
34
41
40
41
42
41
42
41
38
33
32
32
34
40
41
42
42
41
42
40
33
32
32
32
34
40
41
42
42
41
42
37
31
32
32
32
34
40
41
42
41
41
