82
79
76
74
71
71
71
71
74
77
80
82
86
84
81
78
76
75
75
77
79
82
85
88
94
92
89
86
84
83
83
85
87
89
94
97
103
100
97
95
92
92
92
95
97
99
103
106
117
113
108
106
104
104
105
106
109
112
115
118
116
120
122
124
122
121
123
126
127
127
127
127
96
103
110
117
127
127
127
127
127
127
125
123
63
67
72
82
113
121
119
111
107
104
102
101
43
44
43
45
52
53
93
71
49
57
60
63
41
42
40
40
40
37
105
120
42
40
44
45
43
43
43
43
42
37
118
127
82
37
40
41
43
43
43
43
43
40
121
127
127
53
40
43
43
44
44
43
43
42
127
127
127
114
41
43
43
44
45
44
44
43
127
127
127
127
83
38
43
43
44
44
43
44
127
127
127
127
127
61
42
42
43
44
42
45
127
127
127
127
127
96
94
91
87
85
83
82
82
83
85
89
92
95
99
96
93
90
88
87
88
89
91
94
98
100
106
103
101
98
96
95
96
97
99
103
107
110
115
112
110
107
106
105
106
107
110
113
116
119
127
125
122
118
117
117
118
120
122
126
127
127
120
125
127
127
127
127
127
127
127
127
127
127
96
103
113
124
127
127
127
127
127
127
127
123
64
67
71
83
117
127
120
115
109
104
101
99
42
42
43
43
50
51
47
49
53
54
58
61
38
38
38
37
37
37
32
32
38
40
40
42
40
40
40
40
39
40
34
31
37
39
38
37
40
41
40
40
40
40
35
32
34
40
40
40
41
41
40
40
41
41
34
32
32
36
40
41
40
41
41
40
42
41
34
32
32
33
38
41
40
40
41
41
41
40
34
32
32
32
34
40
40
40
40
42
40
40
34
32
32
32
32
37
127
127
127
127
127
127
127
127
127
127
127
127
127
127
127
127
127
127
127
127
127
127
127
127
127
127
127
127
127
127
127
127
127
127
127
127
127
127
127
127
127
127
127
127
127
127
127
127
127
127
127
127
127
127
127
127
127
127
127
127
127
127
127
127
127
127
127
127
127
127
127
127
92
104
121
127
127
127
127
127
127
127
127
126
64
65
69
83
127
127
127
122
110
103
99
99
43
43
42
43
52
53
47
49
53
55
58
61
39
40
39
37
37
37
32
31
39
40
41
43
40
41
40
40
40
40
35
31
37
39
38
38
41
42
41
41
41
41
35
31
33
40
40
41
42
42
42
41
42
42
35
32
32
37
41
42
41
42
42
41
42
42
34
32
32
33
39
42
41
41
42
42
42
41
34
32
32
32
35
40
40
40
41
43
41
40
34
32
32
32
32
38
