82
79
76
74
71
71
71
71
74
77
80
82
86
84
81
78
76
75
75
77
79
82
85
88
94
92
89
86
84
83
83
85
87
90
94
96
103
100
97
95
92
92
92
95
97
100
103
106
116
111
109
106
104
104
105
107
110
112
115
119
119
122
124
124
121
122
124
126
127
127
127
127
99
106
113
123
127
127
127
127
127
127
124
121
65
70
76
96
121
120
116
109
106
103
101
99
44
44
44
47
53
65
98
50
54
58
61
64
41
41
41
40
39
51
127
79
35
43
44
46
43
43
43
43
41
52
127
127
55
37
41
40
42
42
43
43
41
54
127
127
106
42
42
43
44
43
43
43
40
56
127
127
127
78
36
43
44
43
43
43
40
61
127
127
127
127
57
38
44
43
43
44
40
68
127
127
127
127
106
46
44
43
42
45
40
71
127
127
127
127
127
62
94
91
87
85
83
82
82
83
85
89
92
95
99
96
92
90
88
88
88
89
91
94
97
100
106
104
101
98
96
96
96
97
99
103
106
110
115
113
110
108
106
105
106
107
110
113
116
119
127
125
122
119
117
117
118
120
122
126
127
127
123
127
127
127
127
127
127
127
127
127
127
127
99
108
118
127
127
127
127
127
127
127
126
122
64
68
75
97
127
122
118
112
106
102
100
99
42
42
42
45
52
48
47
51
52
56
59
62
38
39
38
37
37
36
30
34
39
40
41
43
40
40
40
40
40
39
32
33
38
39
38
37
40
40
40
40
40
39
33
32
37
41
41
40
40
40
40
40
40
39
33
32
33
38
40
40
41
40
40
40
40
40
32
32
32
34
40
41
41
41
40
40
41
40
32
32
32
32
36
40
41
40
40
41
41
40
32
32
32
32
33
38
127
127
127
127
127
127
127
127
127
127
127
127
127
127
127
127
127
127
127
127
127
127
127
127
127
127
127
127
127
127
127
127
127
127
127
127
127
127
127
127
127
127
127
127
127
127
127
127
127
127
127
127
127
127
127
127
127
127
127
127
127
127
127
127
127
127
127
127
127
127
127
127
97
111
127
127
127
127
127
127
127
127
127
120
64
67
73
103
127
127
127
116
106
100
99
99
43
43
43
46
54
49
47
51
53
56
60
63
39
39
39
37
37
35
30
35
40
41
42
43
40
40
41
40
40
40
32
33
39
40
39
38
40
40
40
41
41
40
33
32
37
42
42
40
41
40
40
41
40
40
33
32
33
39
41
40
42
41
41
41
41
40
32
32
32
34
40
42
42
42
41
42
42
41
32
32
32
32
36
41
42
41
40
43
42
40
32
32
32
32
33
39
