82
79
76
74
71
71
71
71
74
77
80
82
86
84
81
78
76
75
75
77
79
82
85
88
94
91
89
86
84
83
83
85
87
90
93
96
103
99
97
96
93
92
93
95
97
100
103
106
113
111
108
106
105
105
105
107
110
113
116
121
123
125
126
122
123
123
124
125
126
126
126
126
106
113
121
127
127
127
127
127
126
123
121
118
69
75
89
120
119
116
110
106
103
100
99
98
44
44
47
50
74
92
50
54
57
60
64
67
41
40
40
35
106
123
38
41
43
44
45
47
43
43
38
61
127
127
43
41
41
41
40
40
44
43
40
111
127
127
52
41
43
43
43
43
44
39
71
127
127
127
64
39
44
43
43
43
40
47
126
127
127
127
80
38
46
43
43
44
40
85
127
127
127
127
97
39
47
44
45
45
44
127
127
127
127
127
110
40
47
43
45
44
94
90
88
85
83
82
82
83
85
89
92
95
99
96
93
91
89
88
88
89
91
94
97
100
106
104
101
99
96
96
96
97
99
103
106
110
116
113
110
108
106
106
106
107
110
113
116
119
127
123
120
119
117
117
118
120
123
126
127
127
127
127
127
127
127
127
127
127
127
127
127
127
108
118
127
127
127
127
127
127
127
126
121
117
68
75
90
127
122
119
113
106
102
99
99
98
42
42
43
53
48
47
50
51
54
58
62
65
39
37
37
37
32
31
37
38
40
42
43
43
40
40
40
37
33
32
40
39
39
38
37
37
40
40
40
35
32
33
40
40
40
40
40
40
40
42
40
32
32
32
38
40
40
40
40
40
40
41
35
32
32
32
37
40
41
40
40
41
40
37
33
32
32
32
37
41
41
40
41
41
40
34
32
32
32
32
36
40
40
40
42
42
127
127
127
127
127
127
127
127
127
127
127
127
127
127
127
127
127
127
127
127
127
127
127
127
127
127
127
127
127
127
127
127
127
127
127
127
127
127
127
127
127
127
127
127
127
127
127
127
127
127
127
127
127
127
127
127
127
127
127
127
127
127
127
127
127
127
127
127
127
127
127
127
113
127
127
127
127
127
127
127
127
127
121
114
68
72
92
127
127
127
119
107
100
98
98
98
43
43
44
54
48
47
50
51
54
58
62
66
40
38
37
37
32
30
38
39
40
42
43
45
41
40
41
38
33
33
40
40
39
39
38
38
41
41
41
36
32
33
40
41
40
41
40
41
42
43
40
32
32
32
39
40
41
40
41
41
41
41
36
32
32
32
38
41
42
41
42
42
40
37
33
32
32
32
37
42
43
42
42
43
40
34
32
32
32
32
37
42
43
41
43
43
