82
79
76
74
71
71
71
71
74
77
80
83
86
84
81
78
76
75
75
77
79
82
85
89
94
92
89
86
84
83
83
85
87
89
93
96
103
100
97
95
92
92
92
95
97
99
103
107
113
111
107
105
104
104
105
106
109
112
116
121
121
123
125
122
121
122
123
125
126
127
126
126
104
110
116
127
127
127
127
127
127
124
121
117
68
73
82
106
120
117
111
107
102
99
98
96
44
43
45
46
64
99
52
53
55
58
62
64
40
41
36
40
109
118
38
41
42
43
45
46
43
40
42
86
127
119
38
43
42
41
41
40
42
40
71
127
127
95
39
43
43
43
43
43
36
68
127
127
127
75
38
43
43
43
44
44
68
127
127
127
127
63
38
43
43
43
42
43
126
127
127
127
127
52
40
43
43
43
41
40
127
127
127
127
127
46
43
44
43
43
42
40
94
92
89
85
83
82
82
83
85
89
92
95
99
96
93
90
88
87
88
89
91
94
98
101
106
104
101
98
96
95
96
97
99
103
107
110
115
113
110
107
105
105
105
107
110
114
116
120
127
124
121
118
116
116
117
120
122
127
127
127
127
127
127
127
127
127
127
127
127
127
127
127
105
113
123
127
127
127
127
127
127
127
121
117
68
72
82
110
127
118
114
107
102
98
96
96
42
43
42
48
51
45
49
50
53
56
60
64
38
39
37
37
32
31
37
37
39
40
42
43
40
40
40
37
32
35
40
39
39
37
37
37
40
40
38
33
32
37
41
40
40
40
40
40
41
40
33
32
32
37
40
41
40
40
41
40
39
35
32
32
33
38
39
40
40
40
40
40
35
32
32
32
34
40
40
40
40
40
39
38
32
32
32
32
34
40
41
40
40
41
39
37
127
127
127
127
127
127
127
127
127
127
127
127
127
127
127
127
127
127
127
127
127
127
127
127
127
127
127
127
127
127
127
127
127
127
127
127
127
127
127
127
127
127
127
127
127
127
127
127
127
127
127
127
127
127
127
127
127
127
127
127
127
127
127
127
127
127
127
127
127
127
127
127
106
122
127
127
127
127
127
127
127
127
123
114
66
70
80
120
127
127
122
110
100
96
96
96
43
43
42
50
53
45
49
50
53
57
61
64
39
40
38
37
32
31
37
38
40
41
43
44
40
41
41
37
31
36
41
40
40
38
38
38
40
41
39
33
31
37
42
41
41
40
41
40
42
40
33
32
32
38
40
42
41
41
42
41
40
35
32
32
33
39
40
41
41
41
40
40
36
32
32
32
34
40
40
40
41
41
40
38
32
32
32
32
35
40
42
41
41
42
40
38
