83
79
75
74
71
71
71
71
74
77
80
83
87
84
81
78
76
75
75
77
79
82
85
89
94
92
89
86
84
83
83
85
87
90
94
96
103
100
97
95
92
92
92
94
96
99
103
107
114
110
108
105
103
103
104
106
109
112
116
120
120
123
124
123
120
122
123
126
126
127
127
126
103
110
116
125
127
127
127
127
127
124
121
118
67
71
80
101
120
118
112
106
103
99
97
96
44
43
44
47
54
103
58
51
55
57
61
63
42
41
39
33
83
127
48
39
42
43
45
45
43
43
38
64
127
127
48
40
42
42
41
40
42
40
49
123
127
127
43
42
43
43
43
43
40
40
109
127
127
127
40
43
43
43
42
43
39
91
127
127
127
123
40
43
45
44
43
43
78
127
127
127
127
113
39
43
45
45
43
43
127
127
127
127
127
105
38
44
43
45
43
44
95
92
89
85
83
82
82
83
85
89
92
95
99
96
93
90
88
87
87
89
91
94
98
101
106
104
101
98
96
95
95
97
99
103
107
110
115
113
110
107
105
105
105
107
110
113
116
120
127
123
121
117
116
116
117
120
122
127
127
127
126
127
127
127
127
127
127
127
127
127
127
127
103
111
120
127
127
127
127
127
127
127
122
117
67
71
78
104
127
119
115
108
102
98
96
96
42
42
42
47
53
45
48
50
52
55
59
62
39
38
37
37
34
30
36
38
39
40
41
43
40
40
40
38
33
33
40
40
39
39
37
37
40
41
40
35
32
34
41
40
40
40
40
40
40
40
36
32
32
34
40
40
40
40
40
40
40
36
33
32
32
35
41
40
41
40
40
40
38
33
32
32
32
37
41
40
41
40
41
40
34
32
32
32
32
37
40
41
40
40
40
40
127
127
127
127
127
127
127
127
127
127
127
127
127
127
127
127
127
127
127
127
127
127
127
127
127
127
127
127
127
127
127
127
127
127
127
127
127
127
127
127
127
127
127
127
127
127
127
127
127
127
127
127
127
127
127
127
127
127
127
127
127
127
127
127
127
127
127
127
127
127
127
127
103
119
127
127
127
127
127
127
127
127
124
115
66
68
76
110
127
127
123
111
102
96
96
96
43
42
42
47
54
45
49
50
53
56
60
62
40
39
38
37
34
29
36
38
40
41
43
44
41
42
42
39
33
33
40
40
40
40
39
39
40
42
41
35
32
34
42
40
41
41
40
40
40
40
37
32
32
34
41
41
41
41
40
41
41
37
33
32
31
35
42
41
42
42
41
41
39
33
32
32
31
37
42
41
42
42
41
41
34
32
32
32
32
37
41
42
41
42
41
41
