82
80
75
74
71
71
71
71
74
77
80
83
87
84
81
78
76
75
75
77
79
82
85
89
94
91
89
86
84
83
83
85
87
90
94
96
103
100
97
95
92
92
92
94
96
99
103
107
114
110
108
105
103
103
104
106
109
112
116
120
120
123
123
123
120
122
123
126
126
127
127
126
103
108
114
123
127
127
127
127
127
124
121
118
67
71
78
99
120
118
112
107
103
99
97
96
44
44
44
47
50
99
64
51
55
57
61
63
41
41
40
33
69
127
60
38
42
43
44
45
43
43
39
51
123
127
64
40
42
42
40
41
43
41
40
98
127
127
62
41
43
43
43
44
43
37
78
127
127
127
58
40
43
42
43
44
38
65
127
127
127
127
54
40
45
43
43
43
55
119
127
127
127
127
52
40
44
43
43
43
84
127
127
127
127
127
51
41
42
43
43
43
95
92
89
85
83
82
82
83
85
89
92
96
99
96
93
90
88
87
87
89
91
94
98
101
106
104
100
98
96
95
95
97
99
103
106
110
115
113
110
107
105
105
105
107
110
113
117
120
127
123
121
117
116
116
117
120
122
127
127
127
125
127
127
127
127
127
127
127
127
127
127
127
103
111
120
127
127
127
127
127
127
127
123
117
67
71
78
102
127
120
115
109
102
98
96
96
42
43
42
46
53
46
47
50
51
54
58
62
38
38
38
37
35
30
35
37
38
40
41
43
40
40
40
40
34
31
38
40
39
39
37
37
40
40
40
37
33
32
39
41
41
40
40
40
40
41
38
33
32
32
39
40
40
40
40
41
40
40
34
32
32
33
39
40
41
40
40
40
40
36
32
32
32
33
39
40
40
40
40
40
38
33
32
32
32
33
40
40
39
40
40
40
127
127
127
127
127
127
127
127
127
127
127
127
127
127
127
127
127
127
127
127
127
127
127
127
127
127
127
127
127
127
127
127
127
127
127
127
127
127
127
127
127
127
127
127
127
127
127
127
127
127
127
127
127
127
127
127
127
127
127
127
127
127
127
127
127
127
127
127
127
127
127
127
103
117
127
127
127
127
127
127
127
127
125
115
65
68
76
108
127
127
123
112
102
96
95
95
43
43
43
47
55
46
48
50
52
55
59
61
39
39
39
38
35
29
35
38
39
41
42
43
40
40
41
40
34
31
39
40
40
40
38
39
41
40
41
37
33
32
40
42
42
41
40
42
41
42
39
33
32
32
39
41
41
40
41
42
42
40
34
32
32
33
39
40
42
41
41
41
40
37
31
32
32
33
40
40
41
41
41
41
38
33
32
32
32
33
40
41
40
40
41
41
