82
81
78
74
71
71
71
71
74
77
80
83
87
84
82
78
76
75
75
77
79
82
85
89
94
91
88
85
84
83
83
85
87
90
95
97
103
100
96
94
92
92
92
94
96
100
104
107
114
110
108
104
103
103
104
106
109
112
116
120
120
122
123
123
120
121
123
126
127
127
127
127
102
107
113
123
127
127
127
127
127
125
122
118
66
70
78
96
120
118
113
106
103
99
96
95
44
43
44
48
49
92
73
50
54
56
60
62
42
41
41
36
47
127
86
36
42
43
43
46
43
43
43
39
91
127
106
37
42
41
41
41
43
42
40
59
127
127
116
38
43
43
43
43
43
40
38
116
127
127
126
40
42
43
44
43
43
38
79
127
127
127
127
43
41
43
44
43
40
57
127
127
127
127
127
47
41
43
45
43
37
85
127
127
127
127
127
51
40
44
46
46
95
92
89
85
83
82
82
83
85
89
92
96
99
96
93
90
88
87
87
89
91
94
98
101
106
104
100
98
96
95
95
97
99
103
106
110
115
113
110
107
105
104
105
107
110
113
117
120
127
124
121
117
116
116
117
119
122
127
127
127
124
127
127
127
127
127
127
127
127
127
127
127
101
110
119
127
127
127
127
127
127
127
123
117
66
70
76
99
127
120
115
110
102
97
96
95
42
42
42
46
53
46
47
50
51
54
57
61
39
39
37
37
37
30
33
37
38
40
41
42
40
40
40
40
37
31
36
40
39
38
38
37
40
40
40
40
34
31
36
41
40
40
40
40
40
39
40
36
32
32
35
40
40
40
40
40
40
40
37
33
32
32
34
40
40
41
40
40
40
39
34
32
32
32
33
40
40
41
41
40
39
37
33
32
32
32
33
40
41
41
42
40
127
127
127
127
127
127
127
127
127
127
127
127
127
127
127
127
127
127
127
127
127
127
127
127
127
127
127
127
127
127
127
127
127
127
127
127
127
127
127
127
127
127
127
127
127
127
127
127
127
127
127
127
127
127
127
127
127
127
127
127
127
127
127
127
127
127
127
127
127
127
127
127
101
115
127
127
127
127
127
127
127
127
126
116
65
68
75
103
127
127
123
113
103
96
95
95
43
43
43
46
55
46
47
50
52
55
58
61
40
40
39
37
37
30
33
38
39
41
42
43
41
41
41
41
37
31
36
41
40
39
39
39
41
40
41
40
33
31
36
43
40
40
41
41
40
40
40
36
32
32
35
41
40
41
42
41
40
41
37
33
32
32
34
41
41
42
42
40
40
40
34
32
32
32
33
41
41
42
42
41
40
37
33
32
32
32
33
40
42
42
43
42
