82
81
78
74
71
71
71
71
74
77
80
83
87
85
81
78
76
75
75
77
79
82
85
89
94
92
88
85
84
83
83
85
87
90
95
97
103
100
96
94
92
92
92
94
96
100
104
106
115
110
107
105
103
103
104
106
109
112
116
120
119
122
123
122
120
121
123
126
127
127
127
127
101
107
113
122
127
127
127
127
127
124
121
118
66
70
77
96
120
117
113
106
102
98
96
94
43
43
44
48
50
86
78
48
54
57
60
61
41
41
40
38
38
122
106
35
42
43
44
45
44
43
43
38
66
127
127
41
40
41
42
41
44
43
43
42
114
127
127
54
40
43
44
43
45
44
40
66
127
127
127
74
39
43
42
42
44
43
41
116
127
127
127
94
38
43
43
42
43
40
68
127
127
127
127
116
41
43
43
42
43
38
104
127
127
127
127
127
45
42
43
43
95
92
88
85
83
82
82
83
85
89
92
96
99
96
92
90
88
87
87
89
91
94
98
101
106
104
100
98
96
95
95
96
99
103
106
110
115
113
110
107
105
104
105
106
110
113
117
120
127
124
120
117
116
116
116
119
122
127
127
127
124
127
127
127
127
127
127
127
127
127
127
127
101
110
119
127
127
127
127
127
127
127
123
117
66
70
76
99
127
120
115
109
102
97
96
94
42
42
42
46
53
47
47
50
51
54
57
60
38
39
37
37
37
32
33
38
38
40
41
42
40
40
40
40
37
33
33
39
39
38
38
38
40
40
40
40
35
32
33
39
40
40
40
41
40
41
41
39
33
32
33
39
41
40
40
40
40
41
41
36
32
32
32
37
41
40
40
39
40
41
39
33
32
32
32
36
40
40
40
39
40
40
37
32
32
32
32
34
40
40
40
40
127
127
127
127
127
127
127
127
127
127
127
127
127
127
127
127
127
127
127
127
127
127
127
127
127
127
127
127
127
127
127
127
127
127
127
127
127
127
127
127
127
127
127
127
127
127
127
127
127
127
127
127
127
127
127
127
127
127
127
127
127
127
127
127
127
127
127
127
127
127
127
127
100
114
127
127
127
127
127
127
127
127
127
116
64
68
75
103
127
127
123
113
101
95
94
94
43
43
43
47
55
47
47
50
51
54
57
60
39
40
38
37
37
30
32
38
39
40
42
43
41
41
40
41
38
32
33
40
40
39
39
39
42
41
41
42
36
31
33
40
41
40
41
42
42
42
42
40
33
32
32
39
42
41
41
40
41
42
42
37
32
32
32
38
42
41
40
40
41
41
40
33
32
32
32
37
41
41
40
40
41
40
37
31
32
32
32
35
40
41
40
40
