82
81
78
74
71
71
71
71
74
77
80
83
87
85
81
78
76
75
75
77
79
82
85
89
94
92
88
85
84
83
83
85
87
90
95
97
103
100
96
94
92
92
92
94
96
100
104
107
114
110
107
105
103
103
104
106
109
112
116
120
120
123
123
122
120
121
123
125
126
127
127
126
102
109
114
123
127
127
127
127
127
123
120
117
66
71
78
100
120
117
110
106
101
97
95
93
43
43
44
50
50
89
75
48
54
55
59
61
41
41
40
40
37
121
107
37
41
43
43
45
43
43
43
38
57
127
127
48
40
42
41
41
43
43
43
38
93
127
127
71
38
43
43
43
44
45
41
48
127
127
127
101
38
43
43
43
43
45
39
77
127
127
127
127
46
43
45
43
43
43
43
120
127
127
127
127
63
41
44
43
43
41
52
127
127
127
127
127
80
40
43
43
95
92
88
85
83
82
82
83
85
89
92
96
99
96
92
90
88
87
87
89
91
94
98
101
106
104
100
98
96
95
95
96
99
103
106
110
115
113
110
107
105
104
105
106
110
113
117
120
127
124
120
117
116
116
116
119
122
127
127
127
125
127
127
127
127
127
127
127
127
127
127
127
102
110
120
127
127
127
127
127
127
127
122
116
66
70
77
103
127
118
113
107
100
96
94
93
42
42
42
47
53
46
47
50
51
54
57
59
38
39
37
37
37
31
33
38
39
40
41
42
40
40
40
40
38
33
33
39
39
38
38
37
40
40
40
40
37
32
33
39
40
40
40
40
41
40
40
40
34
32
32
37
40
40
40
40
41
41
41
39
33
32
32
34
40
41
41
40
41
41
40
35
32
32
32
33
39
41
41
40
41
41
39
33
32
32
32
32
38
41
40
40
127
127
127
127
127
127
127
127
127
127
127
127
127
127
127
127
127
127
127
127
127
127
127
127
127
127
127
127
127
127
127
127
127
127
127
127
127
127
127
127
127
127
127
127
127
127
127
127
127
127
127
127
127
127
127
127
127
127
127
127
127
127
127
127
127
127
127
127
127
127
127
127
101
116
127
127
127
127
127
127
127
127
125
115
65
68
76
110
127
127
122
110
100
94
93
93
43
43
42
47
55
47
47
50
51
54
57
60
40
40
38
37
37
30
32
38
39
40
41
43
41
41
40
40
39
33
33
40
40
39
39
38
41
41
41
41
38
32
33
39
41
40
41
41
42
42
41
41
35
32
32
37
41
41
41
40
42
43
42
39
33
32
32
34
40
42
42
41
42
43
41
36
32
32
32
33
40
42
42
42
42
42
40
33
32
32
32
32
39
42
41
41
