82
81
78
74
71
71
71
71
74
77
80
83
87
85
81
78
76
75
75
77
79
82
85
89
94
92
88
85
84
83
83
85
87
90
95
97
103
100
96
94
92
92
92
94
96
100
104
107
114
110
107
105
103
103
104
106
109
112
116
120
120
123
123
122
120
121
123
125
127
127
127
126
103
109
115
125
127
127
127
127
126
123
120
116
67
71
79
103
120
116
110
106
100
96
95
93
44
43
44
50
50
92
70
50
54
56
58
61
41
40
41
40
40
126
101
36
42
43
43
46
43
43
43
39
62
127
127
45
40
42
41
41
42
43
43
38
99
127
127
67
40
43
43
43
43
43
40
47
127
127
127
98
39
44
44
43
43
43
37
76
127
127
127
127
46
43
43
43
43
42
42
118
127
127
127
127
64
40
42
43
43
42
50
127
127
127
127
127
83
38
42
42
95
92
88
85
83
82
82
83
85
89
92
96
99
96
92
90
88
87
87
89
91
94
98
101
106
104
100
98
96
95
95
96
99
103
106
110
115
113
110
107
105
104
105
106
110
113
117
120
127
123
120
117
116
116
116
119
122
127
127
127
125
127
127
127
127
127
127
127
127
127
127
127
103
111
120
127
127
127
127
127
127
127
121
116
67
71
78
106
127
118
113
107
99
96
94
93
42
42
42
47
53
45
47
50
51
54
57
59
38
39
37
37
37
30
33
38
39
40
41
43
40
40
40
40
38
32
33
39
39
39
38
38
40
40
40
40
37
32
33
39
40
40
40
40
40
40
40
39
34
32
32
37
41
41
41
40
40
40
40
37
32
32
32
35
40
41
41
40
40
40
40
35
32
32
32
33
39
41
40
40
40
41
40
33
32
32
32
32
38
40
39
40
127
127
127
127
127
127
127
127
127
127
127
127
127
127
127
127
127
127
127
127
127
127
127
127
127
127
127
127
127
127
127
127
127
127
127
127
127
127
127
127
127
127
127
127
127
127
127
127
127
127
127
127
127
127
127
127
127
127
127
127
127
127
127
127
127
127
127
127
127
127
127
127
102
117
127
127
127
127
127
127
127
127
123
114
65
68
76
113
127
127
121
110
99
93
92
92
43
43
42
48
55
45
47
50
50
55
57
60
39
39
38
38
37
30
32
37
39
41
42
43
40
40
41
41
39
32
33
40
40
40
39
39
40
40
41
42
37
32
33
40
42
41
41
40
40
41
40
39
34
32
32
38
43
42
41
41
41
40
41
38
33
32
32
36
41
42
40
40
41
41
41
36
32
32
32
33
40
42
40
40
41
42
40
33
32
32
32
32
38
41
40
40
