82
81
78
74
71
71
71
71
74
77
80
83
87
85
81
78
76
75
75
77
79
82
85
89
94
92
88
85
83
83
83
85
87
90
95
97
103
100
97
94
92
92
92
94
96
100
104
107
113
110
107
105
103
103
104
106
109
113
116
120
120
123
124
122
120
121
123
125
127
127
127
125
103
110
116
126
127
127
127
127
126
123
120
116
67
71
81
106
120
116
109
105
99
96
94
92
43
44
44
51
51
97
62
50
54
56
58
61
41
41
40
37
47
127
84
36
43
43
43
46
43
43
43
37
77
127
121
39
42
41
40
41
43
43
43
41
119
127
127
51
41
43
43
43
43
44
40
61
127
127
127
75
39
44
42
43
42
44
40
106
127
127
127
103
40
43
42
43
42
41
57
127
127
127
127
127
47
41
43
44
42
38
81
127
127
127
127
127
54
40
44
43
95
92
88
85
83
82
82
83
85
89
92
96
99
96
92
90
88
87
87
89
91
94
98
101
106
104
100
98
96
95
95
96
99
103
106
110
115
113
110
107
105
104
105
106
110
113
117
120
127
123
120
117
116
116
116
119
122
127
127
127
126
127
127
127
127
127
127
127
127
127
127
127
103
112
122
127
127
127
127
127
127
126
120
115
67
71
80
110
127
116
112
105
99
95
93
92
42
43
42
48
52
44
47
49
51
54
57
60
38
38
37
37
37
30
33
38
39
40
41
43
40
40
40
40
37
32
34
40
40
39
38
37
40
40
40
40
36
32
33
40
40
40
40
40
40
41
41
39
33
32
33
38
41
40
40
40
40
41
41
36
32
32
32
37
42
40
40
40
40
40
40
33
32
32
31
35
41
40
40
40
39
40
38
32
32
32
32
33
40
41
41
40
127
127
127
127
127
127
127
127
127
127
127
127
127
127
127
127
127
127
127
127
127
127
127
127
127
127
127
127
127
127
127
127
127
127
127
127
127
127
127
127
127
127
127
127
127
127
127
127
127
127
127
127
127
127
127
127
127
127
127
127
127
127
127
127
127
127
127
127
127
127
127
127
103
120
127
127
127
127
127
127
127
127
122
113
65
69
78
120
127
127
120
108
98
93
92
92
43
43
42
50
54
45
48
50
51
54
57
60
40
40
38
37
37
29
33
38
40
41
42
43
41
41
41
40
37
31
35
40
40
40
38
39
41
41
41
41
35
31
33
40
41
41
40
41
41
41
43
40
33
32
33
39
43
42
40
40
40
42
43
37
32
32
32
37
43
41
40
41
40
41
40
33
32
32
31
35
42
41
40
42
40
40
39
32
32
32
32
33
40
41
41
41
