96
93
89
84
81
78
75
75
75
76
78
82
101
97
92
88
84
81
79
78
79
81
83
87
108
103
99
94
90
87
85
85
85
88
91
95
115
111
106
102
98
95
93
92
94
96
100
103
125
121
116
110
106
104
103
102
104
107
111
116
123
127
127
125
121
119
119
119
122
123
122
120
104
112
118
125
127
123
120
120
116
113
107
101
73
77
85
99
110
110
103
93
85
76
69
66
49
48
49
50
46
78
82
41
45
44
43
43
43
42
41
40
34
106
122
38
39
40
41
41
43
43
43
40
47
127
127
61
40
43
43
43
43
43
44
38
69
127
127
96
40
43
43
43
43
44
43
39
100
127
127
127
47
42
43
44
44
44
42
48
127
127
127
127
74
40
43
43
44
44
40
69
127
127
127
127
114
41
43
44
45
44
40
90
127
127
127
127
127
47
42
45
110
106
102
96
92
90
88
87
86
88
91
94
114
110
106
100
96
93
91
90
91
93
96
99
121
116
112
106
103
99
97
97
98
100
103
107
127
124
120
115
111
107
106
106
106
109
113
116
127
127
127
123
120
117
116
115
117
120
125
127
127
127
127
127
127
127
127
127
127
127
127
125
105
113
123
127
127
127
127
127
124
117
109
101
73
77
83
101
116
111
105
96
85
75
69
65
47
46
47
47
47
44
43
44
42
42
41
42
40
39
39
37
37
32
30
37
37
37
38
38
40
40
40
40
40
33
32
39
40
40
40
40
40
40
40
41
39
33
32
37
41
40
40
40
40
41
40
40
37
32
32
33
40
40
40
40
41
41
41
40
34
32
32
32
39
41
41
40
41
41
41
40
33
32
32
32
36
40
40
41
41
41
42
39
32
32
32
32
34
40
40
42
127
127
127
127
127
127
127
127
127
127
127
127
127
127
127
127
127
127
127
127
127
127
127
127
127
127
127
127
127
127
127
127
127
127
127
127
127
127
127
127
127
127
127
127
127
127
127
127
127
127
127
127
127
127
127
127
127
127
127
127
127
127
127
127
127
127
127
127
127
127
127
127
103
117
127
127
127
127
127
127
127
127
113
99
72
75
82
106
127
124
115
101
85
73
67
64
47
47
47
47
48
45
43
44
43
43
42
42
40
40
40
38
37
32
30
37
38
38
39
39
40
40
40
40
41
34
33
40
42
40
41
40
40
40
42
41
40
33
32
37
42
41
41
41
41
42
41
42
37
32
32
35
41
42
41
41
42
42
42
42
35
32
32
33
40
42
42
41
42
42
42
40
33
32
32
32
37
41
41
42
42
42
43
40
32
32
32
32
34
40
40
43
