82
81
78
75
72
71
71
71
74
76
80
83
87
85
82
78
76
75
75
77
79
82
85
89
94
92
89
85
83
83
83
85
87
90
94
97
103
100
97
94
92
92
92
94
96
100
104
107
113
110
107
104
103
103
104
106
109
113
117
121
121
123
123
121
119
121
123
125
126
127
127
125
104
110
116
127
127
126
127
127
125
121
118
114
68
73
82
110
120
115
107
103
98
94
92
91
43
44
45
50
55
100
55
50
53
55
57
61
41
40
41
35
63
127
61
38
42
43
43
45
43
43
43
40
106
127
86
37
43
42
41
40
43
43
40
60
127
127
110
38
43
43
43
43
43
42
38
108
127
127
127
43
44
44
43
43
43
38
61
127
127
127
127
56
42
45
43
44
41
43
107
127
127
127
127
75
40
45
43
44
38
51
127
127
127
127
127
90
38
45
43
43
95
92
88
85
83
82
82
83
85
89
92
96
99
96
92
90
88
87
87
89
91
94
98
101
106
104
100
98
96
95
95
96
99
103
106
110
115
113
110
107
105
104
105
106
110
113
117
120
127
123
120
117
116
116
116
119
122
127
127
127
127
127
127
127
127
127
127
127
127
127
127
127
105
113
123
127
127
127
127
127
127
125
119
114
67
72
82
114
126
116
111
103
98
94
92
91
42
43
42
50
51
44
47
49
50
54
57
59
39
39
37
37
35
30
35
38
39
40
42
42
40
40
40
40
35
32
37
40
39
38
38
37
41
40
40
40
33
32
37
40
40
40
40
40
40
40
40
36
32
32
34
40
40
41
40
41
40
40
39
33
32
32
33
40
41
41
41
41
39
40
37
32
32
32
33
40
41
41
41
41
38
38
33
32
32
32
33
38
40
41
40
41
127
127
127
127
127
127
127
127
127
127
127
127
127
127
127
127
127
127
127
127
127
127
127
127
127
127
127
127
127
127
127
127
127
127
127
127
127
127
127
127
127
127
127
127
127
127
127
127
127
127
127
127
127
127
127
127
127
127
127
127
127
127
127
127
127
127
127
127
127
127
127
127
106
121
127
127
127
127
127
127
127
127
120
112
66
70
81
126
127
127
119
106
96
92
91
91
43
43
43
51
54
44
48
49
50
54
57
60
40
39
38
37
35
28
35
38
39
42
43
43
41
40
41
40
36
31
37
40
40
40
39
38
41
41
41
40
34
32
37
40
40
40
41
40
41
40
41
37
32
32
34
42
42
42
41
41
40
40
40
33
32
32
33
41
42
43
42
42
40
40
37
32
32
32
32
40
42
43
42
42
39
39
33
32
32
32
32
39
41
43
41
42
