84
81
78
74
71
71
71
71
74
76
80
83
88
85
81
78
76
75
75
77
79
82
85
89
94
92
88
85
83
82
83
85
87
90
94
97
103
100
97
94
92
92
92
94
96
100
104
107
113
110
107
104
103
103
103
106
109
113
117
121
121
123
123
121
119
121
123
125
126
127
127
125
104
110
116
127
127
126
127
127
124
121
118
114
68
73
82
110
120
114
107
103
97
94
92
90
43
44
45
50
57
100
54
50
53
56
58
61
41
40
40
34
69
127
56
38
42
43
43
45
43
43
42
42
115
127
75
38
43
42
40
41
43
44
40
69
127
127
95
37
43
43
43
43
43
41
40
125
127
127
117
38
42
43
43
43
44
39
79
127
127
127
127
44
43
44
43
43
43
55
127
127
127
127
127
53
42
45
43
43
40
79
127
127
127
127
127
60
40
44
44
43
96
92
88
85
83
82
82
83
85
89
92
96
100
96
92
90
88
87
87
89
91
94
98
101
107
103
100
98
96
95
95
96
99
103
106
110
116
112
110
107
105
104
105
106
110
113
117
120
127
123
120
116
116
116
116
119
122
127
127
127
127
127
127
127
127
127
127
127
127
127
127
127
105
113
123
127
127
127
127
127
127
124
118
113
67
72
82
115
127
116
110
103
97
93
91
90
42
43
42
50
51
44
47
48
50
54
56
59
39
38
37
37
35
30
36
37
39
40
41
42
40
40
40
39
35
32
37
40
39
39
37
37
40
41
41
39
33
32
37
40
40
40
40
40
40
40
40
35
32
32
35
40
40
40
40
40
40
41
37
33
32
32
34
41
40
41
40
40
41
40
34
32
32
32
34
41
41
41
41
40
40
40
33
32
32
32
33
40
42
42
40
40
127
127
127
127
127
127
127
127
127
127
127
127
127
127
127
127
127
127
127
127
127
127
127
127
127
127
127
127
127
127
127
127
127
127
127
127
127
127
127
127
127
127
127
127
127
127
127
127
127
127
127
127
127
127
127
127
127
127
127
127
127
127
127
127
127
127
127
127
127
127
127
127
106
121
127
127
127
127
127
127
127
127
120
111
66
70
81
125
127
127
119
106
96
91
90
90
43
43
43
51
54
44
47
48
50
54
57
60
40
40
37
37
35
29
36
38
40
41
42
43
42
41
41
40
35
32
38
40
40
40
38
39
42
41
42
39
33
32
37
41
41
41
40
41
40
41
41
35
32
32
36
40
40
41
40
41
42
43
38
33
32
32
35
41
41
42
41
40
43
42
35
32
32
32
34
42
43
42
42
40
42
40
33
32
32
32
33
41
43
43
41
40
