84
80
76
75
72
71
71
71
74
76
80
83
88
85
81
78
76
75
75
77
79
82
85
89
94
92
89
85
83
82
83
85
87
90
94
97
103
100
97
94
92
92
92
94
96
100
104
107
113
110
107
104
103
103
103
106
109
113
117
121
121
123
123
120
119
120
122
125
126
127
127
124
104
110
116
127
127
125
127
127
124
121
118
113
68
73
82
109
121
114
107
103
97
93
92
89
43
44
45
50
57
99
55
50
53
55
58
61
40
40
40
35
69
127
56
38
42
43
43
45
43
43
40
43
116
127
75
39
43
42
40
41
44
44
39
71
127
127
92
39
44
43
43
43
43
42
45
127
127
127
107
37
43
43
43
43
43
38
90
127
127
127
122
39
43
43
43
43
40
60
127
127
127
127
127
43
42
43
43
41
39
92
127
127
127
127
127
49
40
43
42
40
96
92
89
85
83
82
82
83
85
89
92
96
100
97
93
90
88
87
87
89
91
94
98
101
107
104
100
98
96
95
95
96
99
103
106
110
116
113
109
107
105
104
104
106
109
113
117
120
127
123
120
116
116
116
116
119
122
127
127
127
127
127
127
127
127
127
127
127
127
127
127
127
105
113
123
127
127
127
127
127
127
124
118
113
68
72
82
113
127
116
110
103
97
92
90
89
42
43
42
49
52
44
47
48
50
54
56
58
38
38
37
37
36
30
36
37
38
40
41
42
40
40
40
40
35
32
37
40
39
39
37
37
41
40
40
38
33
32
37
41
40
40
40
40
40
41
40
35
32
32
36
41
40
40
40
42
40
41
37
33
32
32
34
40
40
40
41
40
40
39
34
32
32
32
33
40
40
40
40
39
40
37
32
32
32
32
33
40
40
41
39
37
127
127
127
127
127
127
127
127
127
127
127
127
127
127
127
127
127
127
127
127
127
127
127
127
127
127
127
127
127
127
127
127
127
127
127
127
127
127
127
127
127
127
127
127
127
127
127
127
127
127
127
127
127
127
127
127
127
127
127
127
127
127
127
127
127
127
127
127
127
127
127
127
106
121
127
127
127
127
127
127
127
127
120
110
66
70
80
123
127
127
119
106
96
90
89
89
43
43
43
51
54
44
47
48
50
54
57
59
39
39
37
38
35
29
36
38
39
41
42
43
41
41
40
40
35
31
39
40
40
40
38
38
42
42
41
38
33
31
38
42
41
41
40
41
41
42
41
35
31
32
36
42
40
40
41
43
41
42
38
33
32
32
35
41
41
41
41
41
41
40
34
32
32
32
34
40
41
41
41
39
41
37
32
32
32
32
34
40
41
41
40
37
