83
80
76
74
71
71
71
71
74
76
80
83
88
85
82
78
76
75
75
77
79
82
85
89
95
92
89
85
83
82
83
85
87
90
94
97
103
100
97
94
92
92
92
94
96
100
104
107
113
110
107
104
103
103
103
106
109
113
117
121
121
123
123
120
119
120
122
124
126
127
127
124
104
110
116
127
127
125
127
127
124
121
118
113
68
72
82
108
121
114
107
102
97
93
91
89
44
43
45
50
56
100
56
50
53
54
57
60
42
41
40
34
68
127
57
38
42
43
43
45
43
44
41
43
114
127
75
38
42
42
42
41
43
44
40
74
127
127
91
37
43
43
43
43
43
41
43
127
127
127
109
39
43
42
43
42
43
37
88
127
127
127
125
40
43
43
45
44
40
57
127
127
127
127
127
46
41
44
47
45
38
87
127
127
127
127
127
52
40
46
47
43
96
92
89
85
83
82
82
83
85
89
92
96
100
97
93
90
88
87
87
89
91
94
98
101
107
104
101
98
96
95
95
96
99
103
106
110
116
113
110
106
104
104
104
106
109
113
117
120
127
123
120
117
115
116
116
119
122
127
127
127
127
127
127
127
127
127
127
127
127
127
127
127
104
113
122
127
127
127
127
127
127
124
118
113
68
72
81
113
127
116
110
103
97
92
90
89
42
43
42
49
52
44
47
48
50
54
56
58
39
38
37
37
35
30
36
38
38
40
41
43
40
40
40
40
34
32
37
40
39
39
39
38
40
41
40
38
33
32
37
40
40
40
40
40
40
40
40
35
32
32
37
41
40
40
39
40
40
40
37
33
32
32
35
40
40
40
40
40
40
38
33
32
32
32
33
40
40
40
41
41
40
38
33
32
32
32
33
40
40
40
41
40
127
127
127
127
127
127
127
127
127
127
127
127
127
127
127
127
127
127
127
127
127
127
127
127
127
127
127
127
127
127
127
127
127
127
127
127
127
127
127
127
127
127
127
127
127
127
127
127
127
127
127
127
127
127
127
127
127
127
127
127
127
127
127
127
127
127
127
127
127
127
127
127
105
121
127
127
127
127
127
127
127
127
120
110
66
70
79
123
127
127
119
106
96
91
89
89
43
43
42
50
54
44
47
48
50
53
56
59
40
40
37
37
34
29
36
38
40
40
42
43
41
41
41
40
34
31
39
40
40
40
40
39
41
42
42
39
33
31
38
41
40
41
41
41
41
41
41
35
32
32
37
42
41
40
40
40
41
40
37
33
32
32
35
41
40
41
42
42
41
39
33
32
32
32
33
41
40
41
43
42
41
38
33
32
32
32
33
40
41
42
43
41
