97
93
89
84
81
78
75
75
75
76
78
82
101
97
92
88
84
81
79
78
79
81
83
87
107
103
99
94
90
87
85
85
85
88
91
95
115
111
106
102
98
95
93
92
94
96
100
103
125
121
116
110
106
104
103
102
104
108
112
117
123
127
127
125
121
119
119
119
122
123
123
120
105
112
119
125
127
123
120
120
116
113
107
101
74
78
85
101
110
109
103
93
85
76
70
66
49
49
49
50
46
78
81
42
45
44
43
43
43
42
41
40
34
106
121
39
40
40
40
41
43
43
43
40
47
127
127
61
40
43
43
43
43
43
44
40
69
127
127
97
39
43
43
43
43
44
43
39
102
127
127
127
46
41
45
44
43
44
42
47
127
127
127
127
73
38
44
43
43
43
40
68
127
127
127
127
114
40
43
43
43
43
39
89
127
127
127
127
127
47
42
43
110
106
102
96
92
90
88
87
86
88
91
94
114
110
106
100
96
93
91
90
91
93
96
99
121
116
112
106
103
99
97
97
98
100
103
107
127
124
120
115
111
107
106
106
106
109
113
116
127
127
127
123
120
117
116
116
117
121
126
127
127
127
127
127
127
127
127
127
127
127
127
125
105
114
123
127
127
127
127
127
123
116
109
101
74
78
85
103
116
111
103
95
85
75
68
65
47
47
47
47
47
44
43
43
42
42
42
42
40
39
39
37
37
32
31
37
37
37
38
38
40
39
40
40
40
33
32
39
40
40
40
40
40
40
40
40
39
33
32
37
40
40
40
40
40
41
41
41
37
32
32
34
40
41
41
40
40
40
41
41
34
32
32
33
38
40
40
40
40
40
41
40
33
32
32
32
35
39
40
40
40
40
41
38
32
32
32
32
33
40
40
40
127
127
127
127
127
127
127
127
127
127
127
127
127
127
127
127
127
127
127
127
127
127
127
127
127
127
127
127
127
127
127
127
127
127
127
127
127
127
127
127
127
127
127
127
127
127
127
127
127
127
127
127
127
127
127
127
127
127
127
127
127
127
127
127
127
127
127
127
127
127
127
127
103
118
127
127
127
127
127
127
127
127
113
99
73
76
83
108
127
123
114
100
85
73
68
64
47
47
47
48
48
45
43
44
43
43
42
42
40
40
40
37
36
32
30
37
38
38
39
39
40
40
40
40
40
34
33
40
42
40
41
40
41
40
41
41
40
33
32
37
42
41
41
40
41
42
42
42
37
32
32
35
40
42
42
42
41
41
42
42
35
32
32
33
39
40
41
41
41
41
42
40
33
32
32
32
36
40
41
40
41
41
42
38
32
32
32
32
33
40
41
41
