83
80
77
74
71
71
71
71
74
76
80
83
88
85
82
78
76
75
75
77
79
82
85
89
95
92
89
85
83
82
82
85
87
90
94
97
103
100
97
94
92
92
92
94
96
99
104
107
113
110
107
104
103
103
103
106
108
113
117
120
120
123
123
120
119
120
122
124
126
127
127
124
103
110
116
125
127
125
127
127
124
120
117
113
68
72
81
106
121
114
106
102
96
92
90
89
44
43
44
50
54
100
57
50
52
54
57
60
42
41
40
34
63
127
62
37
42
43
44
45
43
44
42
40
109
127
82
37
43
42
42
42
43
44
40
66
127
127
101
37
43
43
44
44
44
43
39
121
127
127
123
39
42
42
42
43
44
38
75
127
127
127
127
45
40
42
41
42
42
51
127
127
127
127
127
54
39
43
44
43
40
74
127
127
127
127
127
62
38
46
47
44
96
92
89
85
83
82
82
83
85
89
92
96
100
97
93
90
88
87
87
89
91
94
98
101
107
104
101
98
96
95
95
96
99
103
106
110
116
113
110
106
104
104
104
106
109
113
117
120
127
123
120
117
115
115
116
118
121
127
127
127
127
127
127
127
127
127
127
127
127
127
127
127
104
113
122
127
127
127
127
127
127
124
118
113
68
71
81
111
127
116
110
103
96
91
89
89
42
43
42
48
53
44
47
48
50
53
55
57
38
39
37
37
36
30
35
38
38
40
41
42
40
40
40
40
35
32
37
40
39
39
39
38
40
40
40
40
33
32
37
40
40
40
40
40
41
40
41
36
32
32
35
40
40
40
40
40
40
40
38
33
32
32
34
40
40
40
40
40
41
40
34
32
32
32
33
40
40
40
40
40
42
37
32
32
32
32
33
39
40
41
42
40
127
127
127
127
127
127
127
127
127
127
127
127
127
127
127
127
127
127
127
127
127
127
127
127
127
127
127
127
127
127
127
127
127
127
127
127
127
127
127
127
127
127
127
127
127
127
127
127
127
127
127
127
127
127
127
127
127
127
127
127
127
127
127
127
127
127
127
127
127
127
127
127
104
120
127
127
127
127
127
127
127
127
120
110
65
69
78
120
127
127
119
106
95
90
89
89
43
43
42
50
55
45
47
48
50
53
56
58
40
40
37
38
35
29
35
38
39
40
42
43
41
41
41
40
35
31
37
40
40
40
40
40
41
41
42
40
33
32
37
40
41
41
42
42
42
41
42
37
32
32
36
41
41
40
40
41
41
41
39
33
32
32
34
40
40
40
40
40
42
40
35
32
32
32
33
40
40
41
41
40
43
38
33
32
32
32
33
40
40
43
43
42
