85
82
78
74
71
71
71
71
74
76
80
83
89
85
82
78
76
75
75
76
78
82
85
89
95
92
89
85
83
82
82
84
86
90
94
97
103
100
97
94
92
91
92
93
96
99
103
107
114
110
106
103
103
103
103
105
108
112
116
120
120
123
123
120
118
120
122
124
126
127
126
124
103
109
116
126
127
125
127
127
123
120
117
113
67
71
81
106
121
115
106
102
96
92
90
88
43
43
44
50
53
100
59
49
52
54
56
59
41
41
40
35
57
127
69
37
42
43
43
45
43
44
43
38
98
127
96
37
43
42
42
41
43
44
40
55
127
127
118
39
43
43
44
43
44
44
38
105
127
127
127
43
42
43
44
43
44
40
62
127
127
127
127
54
40
43
43
43
42
45
111
127
127
127
127
68
38
41
42
43
39
58
127
127
127
127
127
79
37
41
42
43
97
92
89
85
83
82
82
83
85
89
92
96
101
97
93
90
88
87
87
89
91
94
98
101
107
104
101
98
96
95
95
96
99
103
106
110
116
113
110
106
104
104
104
106
109
113
117
120
127
123
120
116
115
115
116
118
121
127
127
127
126
127
127
127
127
127
127
127
127
127
127
127
103
113
121
127
127
127
127
127
127
123
117
112
67
71
80
109
127
116
110
103
96
90
89
88
42
42
43
48
53
45
46
48
50
51
54
57
39
37
37
37
37
30
34
38
38
40
40
42
40
40
40
40
36
31
36
40
39
39
39
38
40
40
40
40
33
32
36
40
40
40
40
40
40
41
41
37
32
32
33
40
40
40
41
40
40
41
39
33
32
32
33
39
40
40
40
40
40
40
36
32
32
32
33
39
40
39
40
40
40
40
33
32
32
32
33
38
40
38
40
40
127
127
127
127
127
127
127
127
127
127
127
127
127
127
127
127
127
127
127
127
127
127
127
127
127
127
127
127
127
127
127
127
127
127
127
127
127
127
127
127
127
127
127
127
127
127
127
127
127
127
127
127
127
127
127
127
127
127
127
127
127
127
127
127
127
127
127
127
127
127
127
127
103
120
127
127
127
127
127
127
127
127
120
110
65
69
78
118
127
127
119
106
95
89
88
88
43
42
42
50
55
45
47
48
50
52
54
57
40
39
37
37
36
29
34
38
39
40
41
43
41
41
41
40
36
31
37
40
40
40
40
39
41
42
42
40
33
32
36
41
41
41
41
41
42
42
42
37
32
32
33
40
41
41
42
41
41
42
40
33
32
32
33
40
41
40
41
41
41
41
36
32
32
32
33
39
41
40
40
41
40
40
33
32
32
32
33
38
40
39
40
41
