85
82
78
75
73
71
71
71
74
76
80
83
89
85
82
79
77
75
75
76
78
82
85
89
95
92
89
85
83
82
82
84
86
90
94
97
103
100
97
94
92
91
92
93
96
99
103
107
114
110
106
104
102
102
103
105
108
112
116
120
120
123
123
121
117
120
122
124
126
127
126
124
103
109
116
125
127
125
126
127
123
121
116
113
67
71
81
105
121
115
106
101
96
91
89
87
43
43
44
50
53
99
61
49
52
54
56
58
41
40
40
37
52
127
76
37
42
43
43
44
43
43
42
37
89
127
106
37
43
42
42
41
43
44
40
49
127
127
127
42
43
43
44
43
44
45
38
89
127
127
127
51
41
44
45
44
44
41
50
127
127
127
127
68
38
44
45
43
43
41
91
127
127
127
127
88
37
43
43
43
42
46
127
127
127
127
127
103
38
42
43
43
96
92
89
85
83
82
82
83
85
89
92
96
101
97
93
90
88
87
87
89
91
94
98
101
108
105
101
98
96
95
95
96
99
103
106
110
116
113
110
106
104
104
104
106
109
113
117
120
127
124
120
116
115
115
116
118
121
127
127
127
126
127
127
127
127
127
127
127
127
127
127
127
103
112
121
127
127
127
127
127
127
124
117
112
67
71
80
109
127
116
110
103
95
90
88
87
42
42
43
48
54
45
46
47
49
51
54
57
39
37
37
37
37
30
34
37
38
40
41
42
40
40
40
40
37
30
36
40
39
38
39
38
40
40
40
40
34
31
35
40
40
40
40
40
40
41
42
37
32
32
33
39
40
40
41
40
41
41
40
34
32
32
32
39
40
40
41
40
40
40
37
32
32
32
32
38
40
40
40
40
40
40
34
32
32
32
32
37
41
40
39
40
127
127
127
127
127
127
127
127
127
127
127
127
127
127
127
127
127
127
127
127
127
127
127
127
127
127
127
127
127
127
127
127
127
127
127
127
127
127
127
127
127
127
127
127
127
127
127
127
127
127
127
127
127
127
127
127
127
127
127
127
127
127
127
127
127
127
127
127
127
127
127
127
103
119
127
127
127
127
127
127
127
127
120
110
65
69
78
118
127
127
118
106
94
89
87
87
43
42
42
50
56
45
47
47
50
52
55
57
40
39
38
37
37
29
34
38
39
40
42
43
41
40
40
40
37
30
36
40
40
39
40
39
41
41
40
40
34
31
35
41
41
40
41
41
42
43
43
38
32
32
33
40
41
41
42
42
42
42
40
34
32
32
33
39
41
40
42
41
41
41
37
32
32
32
32
38
41
40
41
40
40
41
34
32
32
32
32
37
42
40
40
40
