84
82
78
75
73
71
71
71
74
77
80
83
89
85
82
79
77
75
75
76
78
82
85
89
96
92
88
85
83
82
82
84
86
89
93
97
103
100
96
94
92
91
92
93
96
99
103
107
114
110
106
104
102
102
103
105
108
112
116
120
120
123
123
120
117
120
121
124
126
127
126
124
103
109
115
124
127
125
126
126
123
120
116
111
67
71
81
105
121
115
106
100
95
90
88
85
44
43
44
50
53
98
61
48
51
53
56
57
42
41
41
37
49
127
81
36
42
43
43
44
43
43
43
37
81
127
116
39
43
43
41
40
43
43
41
43
126
127
127
47
42
43
43
43
43
45
38
69
127
127
127
65
38
43
43
42
44
44
40
119
127
127
127
90
39
43
43
41
44
42
68
127
127
127
127
116
42
43
43
42
44
40
102
127
127
127
127
127
46
41
43
43
96
94
90
87
85
82
82
83
85
88
92
96
101
98
94
91
89
87
87
89
91
94
98
101
109
105
101
98
96
95
95
96
99
103
107
110
116
113
110
106
104
103
104
106
109
113
117
120
127
124
120
116
115
115
116
118
121
127
127
127
126
127
127
127
127
127
127
127
127
127
127
127
103
112
121
127
127
127
127
127
127
123
117
110
67
71
80
109
127
116
109
102
94
89
87
85
42
43
42
48
54
45
46
47
49
50
53
56
39
38
37
37
37
30
34
38
38
40
41
41
40
40
40
40
36
30
35
40
39
39
39
38
40
40
40
40
35
31
34
40
40
40
40
40
40
41
41
38
32
32
33
38
40
40
40
40
41
40
41
36
32
32
32
37
41
40
40
38
42
40
39
33
32
32
32
37
41
40
40
39
42
41
37
32
32
32
32
35
40
40
40
41
127
127
127
127
127
127
127
127
127
127
127
127
127
127
127
127
127
127
127
127
127
127
127
127
127
127
127
127
127
127
127
127
127
127
127
127
127
127
127
127
127
127
127
127
127
127
127
127
127
127
127
127
127
127
127
127
127
127
127
127
127
127
127
127
127
127
127
127
127
127
127
127
103
119
127
127
127
127
127
127
127
127
119
109
65
69
78
118
127
127
118
105
93
87
85
85
43
43
42
50
56
45
46
47
49
51
54
57
40
40
38
37
37
29
33
38
39
40
42
42
41
41
41
41
37
31
36
41
40
40
40
39
41
41
41
42
36
31
34
40
41
41
41
41
41
43
42
40
33
32
33
39
41
41
41
40
42
42
42
36
32
32
32
38
42
41
41
39
42
42
40
33
32
32
32
37
43
41
41
40
43
42
37
32
32
32
32
35
42
41
41
42
