96
93
89
84
81
78
75
75
75
76
78
82
101
97
92
88
84
81
79
78
79
81
83
87
108
103
99
94
90
87
85
85
85
88
91
95
115
111
106
102
98
95
93
92
94
96
100
103
125
121
116
110
106
104
103
102
104
108
112
117
124
127
127
125
121
119
119
119
122
123
123
120
106
113
120
126
127
123
120
119
116
113
107
100
75
78
87
103
110
109
102
92
84
76
70
65
49
50
49
50
46
78
80
41
45
44
43
43
42
43
40
40
33
106
121
38
40
40
40
41
42
43
43
41
46
127
127
61
40
43
43
43
42
43
44
40
70
127
127
96
39
44
44
43
43
42
43
38
101
127
127
127
45
41
43
43
43
43
41
46
127
127
127
127
72
39
43
43
43
43
40
68
127
127
127
127
114
42
43
43
43
43
40
90
127
127
127
127
127
49
43
45
110
106
102
96
92
90
88
87
86
88
91
94
114
110
106
100
96
93
92
91
91
93
96
99
121
116
112
106
103
99
98
97
98
100
103
107
127
124
120
115
111
107
106
106
106
109
113
116
127
127
127
123
120
117
116
116
117
121
126
127
127
127
127
127
127
127
127
127
127
127
127
125
106
115
124
127
127
127
127
127
123
116
108
101
75
78
85
106
116
110
103
94
84
75
68
65
48
47
47
48
47
44
43
43
42
42
41
42
40
40
38
37
37
32
31
37
37
37
38
38
39
40
39
40
40
33
33
39
40
40
40
40
40
40
40
41
39
33
32
37
40
40
40
40
40
40
40
41
37
32
32
33
39
40
40
41
40
40
40
40
34
32
32
32
38
41
40
40
40
40
40
39
33
32
32
32
36
41
40
41
41
40
41
39
32
32
32
32
34
41
41
43
127
127
127
127
127
127
127
127
127
127
127
127
127
127
127
127
127
127
127
127
127
127
127
127
127
127
127
127
127
127
127
127
127
127
127
127
127
127
127
127
127
127
127
127
127
127
127
127
127
127
127
127
127
127
127
127
127
127
127
127
127
127
127
127
127
127
127
127
127
127
127
127
104
119
127
127
127
127
127
127
127
127
113
99
74
77
84
111
127
123
113
99
84
72
68
65
48
48
47
48
48
44
43
44
43
43
42
42
40
40
39
37
36
31
30
37
38
38
39
39
40
40
40
41
40
34
33
40
42
41
41
40
40
40
42
42
40
33
32
37
42
42
42
41
40
40
41
42
37
32
32
35
40
41
41
42
41
40
41
40
35
32
32
33
38
42
40
41
41
41
41
40
33
32
32
32
36
42
41
42
41
42
42
40
32
32
32
32
34
41
42
43
