84
82
78
75
73
71
71
71
74
77
80
83
89
85
82
79
77
75
75
76
78
82
85
89
96
92
88
85
83
82
82
84
86
89
93
97
103
100
96
94
92
91
92
93
96
99
103
107
114
110
106
104
102
102
103
105
108
112
116
120
120
123
123
120
117
120
121
124
126
127
126
124
103
109
115
125
127
125
126
126
123
120
116
111
67
71
81
106
121
115
106
100
94
89
87
85
43
43
44
50
53
99
61
48
51
53
55
57
41
40
40
37
49
127
82
36
42
42
43
45
43
42
43
38
81
127
116
38
42
42
41
42
43
42
41
44
127
127
127
47
42
43
43
43
44
42
38
71
127
127
127
67
39
43
43
45
45
43
40
118
127
127
127
92
39
43
44
45
45
41
64
127
127
127
127
120
43
43
45
45
45
39
96
127
127
127
127
127
50
42
45
44
96
93
89
87
85
82
82
83
85
88
92
96
101
98
94
91
89
87
87
89
91
94
98
101
109
105
102
98
96
95
95
96
99
103
107
110
116
113
110
106
104
103
104
106
109
113
117
120
127
124
120
116
115
115
116
118
121
127
127
127
127
127
127
127
127
127
127
127
127
127
127
127
104
112
121
127
127
127
127
127
127
123
116
110
67
71
80
110
127
116
108
101
94
89
86
85
42
43
43
48
54
45
46
47
49
50
54
56
38
38
37
37
37
30
34
37
38
40
40
42
40
40
40
40
37
30
35
40
39
39
38
38
40
40
40
40
35
31
34
40
40
40
40
40
40
39
40
39
33
32
32
39
41
40
40
40
41
40
40
36
32
32
32
37
41
40
40
40
41
40
39
33
32
32
32
36
41
40
40
41
40
40
37
32
32
32
32
34
41
41
40
42
127
127
127
127
127
127
127
127
127
127
127
127
127
127
127
127
127
127
127
127
127
127
127
127
127
127
127
127
127
127
127
127
127
127
127
127
127
127
127
127
127
127
127
127
127
127
127
127
127
127
127
127
127
127
127
127
127
127
127
127
127
127
127
127
127
127
127
127
127
127
127
127
103
120
127
127
127
127
127
127
127
127
119
108
65
69
78
118
127
127
117
104
93
87
85
85
42
43
42
50
56
45
46
47
49
51
54
56
39
39
38
38
37
29
33
38
39
40
41
43
40
40
40
41
37
31
35
40
40
40
39
39
41
40
40
41
35
31
34
40
41
41
40
40
42
40
41
40
33
32
33
40
42
41
40
42
42
41
41
37
32
32
32
38
42
41
41
42
42
42
40
33
32
32
32
36
42
41
41
42
43
41
38
31
32
32
32
34
42
42
42
43
