85
82
78
75
73
71
71
71
74
77
80
83
89
86
82
79
77
75
75
76
78
82
85
89
96
92
89
85
83
82
82
84
86
89
93
97
103
100
96
94
92
91
92
93
96
99
103
107
114
110
106
104
102
102
103
105
108
112
116
120
120
123
123
120
117
120
121
123
125
127
125
123
103
110
116
125
127
125
126
125
123
120
115
110
68
72
82
106
122
114
105
99
94
89
86
84
44
43
45
50
54
99
57
48
51
52
55
57
41
41
40
37
50
127
78
36
42
43
43
44
43
44
43
37
83
127
113
38
43
43
42
42
43
44
43
45
127
127
127
47
42
44
43
43
43
43
39
72
127
127
127
63
38
43
43
43
43
42
40
120
127
127
127
88
36
43
43
43
45
40
64
127
127
127
127
117
41
41
43
43
45
38
96
127
127
127
127
127
49
40
43
43
98
93
89
87
85
82
82
83
85
88
92
96
102
98
94
91
89
87
87
89
91
93
97
101
108
105
101
98
96
95
95
96
99
103
106
110
116
113
110
106
104
103
104
106
109
113
117
120
127
123
120
116
115
115
116
117
121
126
127
127
127
127
127
127
127
127
127
127
127
127
127
127
104
113
122
127
127
127
127
127
127
122
116
110
67
72
81
111
127
116
107
100
92
88
85
84
42
43
42
49
54
45
46
47
49
50
53
55
38
39
37
37
37
30
34
38
38
40
40
41
40
40
40
39
36
30
35
40
40
39
39
39
40
40
40
40
35
31
34
40
41
40
40
41
40
40
40
39
32
32
33
38
40
40
40
40
40
40
40
36
32
32
32
36
39
41
40
40
40
40
39
33
32
32
32
35
40
40
40
40
41
40
37
32
32
32
32
35
41
40
40
40
127
127
127
127
127
127
127
127
127
127
127
127
127
127
127
127
127
127
127
127
127
127
127
127
127
127
127
127
127
127
127
127
127
127
127
127
127
127
127
127
127
127
127
127
127
127
127
127
127
127
127
127
127
127
127
127
127
127
127
127
127
127
127
127
127
127
127
127
127
127
127
127
104
120
127
127
127
127
127
127
127
127
117
107
65
69
79
120
127
127
116
103
92
85
84
84
43
43
42
50
56
44
47
47
49
50
54
55
40
40
37
37
37
29
34
38
39
40
41
42
41
41
41
40
37
31
36
41
40
40
40
40
41
41
42
42
35
31
34
41
42
41
42
41
41
40
41
40
33
32
33
38
41
41
40
40
42
40
41
36
32
32
32
37
40
42
41
41
42
40
39
33
32
32
32
35
40
41
41
41
42
41
37
32
32
32
31
34
42
40
40
41
