86
82
78
75
73
71
71
71
74
77
80
83
90
86
82
79
77
75
75
76
78
82
85
89
96
92
89
85
83
82
82
84
86
89
93
97
104
101
97
94
92
91
91
93
96
99
103
107
115
110
106
104
102
102
102
104
107
113
116
120
121
123
123
120
117
119
120
123
125
126
125
123
103
110
116
124
127
124
125
124
120
117
113
108
68
73
82
104
122
114
104
97
91
85
82
81
44
43
45
50
57
100
55
48
50
51
53
54
42
41
40
36
57
127
69
37
42
43
43
43
43
43
43
37
92
127
103
37
43
43
42
42
43
43
41
49
127
127
127
42
43
43
43
43
44
44
38
84
127
127
127
54
39
43
44
43
44
43
46
127
127
127
127
75
36
43
43
43
44
41
80
127
127
127
127
101
37
42
42
43
43
40
120
127
127
127
127
120
41
43
42
42
98
94
90
86
84
82
82
83
85
88
92
96
103
99
95
91
89
87
87
89
91
93
97
101
110
106
103
98
96
95
95
96
99
103
106
110
117
114
110
106
104
103
103
106
108
113
117
120
127
124
120
116
114
114
115
117
120
126
127
127
127
127
127
127
127
127
127
127
127
127
127
126
105
113
122
127
127
127
127
127
127
120
113
107
67
72
82
108
127
116
107
98
90
85
82
81
42
43
42
48
54
45
46
47
48
49
50
53
39
39
37
37
36
30
35
37
39
40
40
41
40
40
40
40
35
30
37
40
40
40
39
39
40
40
40
40
34
31
35
40
40
40
40
40
40
40
41
37
32
32
33
39
40
40
41
40
40
41
40
35
32
32
32
37
39
40
40
40
40
41
38
33
32
32
32
36
40
40
39
40
41
40
37
32
32
32
32
35
41
41
39
39
127
127
127
127
127
127
127
127
127
127
127
127
127
127
127
127
127
127
127
127
127
127
127
127
127
127
127
127
127
127
127
127
127
127
127
127
127
127
127
127
127
127
127
127
127
127
127
127
127
127
127
127
127
127
127
127
127
127
127
127
127
127
127
127
127
127
127
127
127
127
127
127
106
121
127
127
127
127
127
127
127
127
115
105
66
70
81
117
127
127
115
100
89
83
81
80
43
43
43
49
57
45
46
47
47
50
51
54
40
40
38
37
37
29
34
38
39
40
41
42
41
41
41
40
36
30
37
41
40
40
40
40
41
41
41
41
35
31
35
41
41
41
41
41
42
41
42
40
32
32
33
40
40
41
42
41
42
42
41
35
32
32
33
37
40
40
40
41
42
42
39
33
32
32
32
36
41
41
40
40
42
41
37
32
32
32
32
35
42
42
40
40
