86
83
79
75
73
71
71
71
74
77
80
83
90
87
83
79
77
75
75
76
78
82
85
89
96
93
89
85
83
82
82
84
86
89
93
97
104
101
97
94
92
91
91
93
96
99
103
107
115
111
107
104
102
102
102
104
107
113
116
120
121
123
123
120
117
119
120
123
125
126
125
123
103
110
116
124
127
123
125
123
120
118
113
108
68
73
82
103
122
114
104
97
91
85
82
80
44
44
45
48
56
101
56
48
50
50
52
54
42
40
40
37
57
127
71
36
42
42
43
44
43
42
43
38
92
127
103
37
43
43
42
43
43
42
40
48
127
127
127
42
43
43
43
43
43
43
37
81
127
127
127
56
40
45
44
42
43
40
42
127
127
127
127
78
39
45
44
43
43
40
74
127
127
127
127
106
40
43
45
44
43
40
113
127
127
127
127
126
44
43
46
44
98
94
90
86
84
82
82
83
85
88
92
96
103
99
95
91
89
87
87
89
91
93
97
101
110
106
103
98
96
95
95
96
99
102
106
110
117
114
110
106
104
103
103
106
108
113
117
120
127
124
120
116
114
114
115
117
120
126
127
127
127
127
127
127
127
127
127
127
127
127
127
127
105
113
122
127
127
127
127
127
127
120
113
107
67
72
82
107
127
116
107
98
90
85
82
80
42
42
43
47
54
45
46
47
48
49
50
53
39
37
37
37
37
30
35
37
39
40
40
41
40
40
40
40
36
30
37
40
40
40
39
39
40
40
40
40
34
31
35
40
40
40
40
40
40
40
40
38
32
32
33
39
40
40
40
40
40
40
39
34
32
32
32
38
41
40
40
40
41
40
37
32
32
32
32
37
41
40
41
41
40
41
37
32
32
32
31
36
42
40
40
41
127
127
127
127
127
127
127
127
127
127
127
127
127
127
127
127
127
127
127
127
127
127
127
127
127
127
127
127
127
127
127
127
127
127
127
127
127
127
127
127
127
127
127
127
127
127
127
127
127
127
127
127
127
127
127
127
127
127
127
127
127
127
127
127
127
127
127
127
127
127
127
127
106
121
127
127
127
127
127
127
127
127
115
105
66
70
80
116
127
127
116
100
89
82
81
80
43
42
42
48
57
45
46
47
47
49
51
54
39
38
38
37
37
29
34
38
39
40
41
42
40
40
41
41
37
30
37
41
40
40
40
40
40
40
41
41
34
31
35
41
40
40
41
41
40
40
41
38
32
32
33
40
41
42
41
40
41
40
40
35
32
32
33
39
42
42
42
42
41
41
38
33
32
32
31
37
42
42
42
43
41
42
37
32
32
32
31
36
43
41
43
42
