97
93
89
84
80
78
75
75
75
76
78
82
101
97
92
88
84
81
79
78
79
81
83
87
107
103
99
94
90
87
85
85
85
88
91
95
115
111
106
102
98
95
93
92
94
96
100
103
125
121
116
110
106
104
103
102
104
108
112
117
124
127
127
125
121
119
119
120
121
123
122
120
106
113
120
127
127
123
120
120
116
112
106
100
75
79
88
105
110
109
101
92
84
75
69
65
50
49
50
50
46
79
79
42
45
44
43
43
43
41
41
40
35
107
121
39
40
41
40
41
43
42
42
40
47
127
127
61
40
43
43
43
43
43
43
39
69
127
127
96
38
43
43
43
44
44
43
39
101
127
127
127
47
42
44
43
45
43
41
47
127
127
127
127
73
40
45
43
44
42
40
68
127
127
127
127
114
43
44
43
43
42
39
88
127
127
127
127
127
48
43
44
110
106
102
96
92
90
88
86
86
88
91
94
114
110
106
100
96
92
91
90
91
93
96
99
121
116
112
106
103
99
97
97
98
100
103
107
127
124
120
115
110
107
106
106
106
109
113
116
127
127
127
123
120
117
116
116
117
121
126
127
127
127
127
127
127
127
127
127
127
127
127
125
106
115
126
127
127
127
127
127
123
116
108
101
75
79
87
107
116
110
103
93
84
75
68
65
48
47
47
48
47
44
43
43
42
42
41
42
40
39
39
37
37
32
31
37
37
37
38
38
40
39
40
40
40
33
33
39
40
40
40
40
40
40
40
40
40
33
32
37
40
40
40
40
41
40
40
41
37
32
32
34
40
41
41
40
41
40
40
40
34
32
32
33
38
41
41
40
41
40
40
39
33
32
32
32
36
41
41
40
40
40
41
37
32
32
32
32
34
40
41
40
127
127
127
127
127
127
127
127
127
127
127
127
127
127
127
127
127
127
127
127
127
127
127
127
127
127
127
127
127
127
127
127
127
127
127
127
127
127
127
127
127
127
127
127
127
127
127
127
127
127
127
127
127
127
127
127
127
127
127
127
127
127
127
127
127
127
127
127
127
127
127
127
105
120
127
127
127
127
127
127
127
127
113
99
75
77
85
114
127
121
113
98
83
71
68
65
49
48
47
48
48
44
43
44
43
42
42
42
40
40
40
37
36
32
30
37
38
39
39
39
40
40
40
41
40
34
33
40
41
41
40
40
41
40
40
42
40
33
32
37
41
41
41
40
42
41
41
42
37
32
32
34
41
42
42
41
42
41
41
41
34
32
32
33
39
42
42
41
41
41
41
40
33
32
32
32
36
42
42
41
40
40
42
38
32
32
32
32
34
41
43
41
