86
83
79
76
74
71
71
71
74
77
80
83
90
87
83
79
77
75
75
76
78
82
85
89
96
93
89
85
83
82
82
84
86
89
93
97
104
101
97
94
92
91
91
92
96
99
103
107
115
111
107
104
102
101
102
104
107
113
116
120
121
123
123
120
117
118
120
123
125
127
125
123
104
110
116
123
127
124
124
123
120
117
113
108
68
73
82
103
123
115
103
97
90
85
82
80
43
44
45
48
56
100
55
48
49
50
52
54
40
41
40
36
55
127
71
37
41
42
43
43
43
43
43
37
89
127
106
37
43
43
42
41
43
43
41
47
127
127
127
43
43
43
43
43
45
43
37
80
127
127
127
57
40
43
43
43
45
43
44
127
127
127
127
79
38
43
42
43
45
42
75
127
127
127
127
106
40
42
40
41
44
40
113
127
127
127
127
126
43
41
40
41
98
94
90
86
84
82
82
83
85
88
92
96
103
99
95
91
89
87
87
89
91
93
97
101
110
106
102
99
96
95
95
96
99
102
106
110
117
114
110
107
105
103
103
106
108
113
116
120
127
124
120
117
114
114
115
117
120
126
127
127
127
127
127
127
127
127
127
127
127
127
127
127
105
113
122
127
127
127
127
127
127
120
113
107
68
72
82
106
127
117
107
98
89
84
81
80
42
43
42
47
54
45
46
46
47
48
50
53
38
39
37
37
37
30
34
37
38
39
40
41
40
40
40
40
36
30
36
40
40
40
38
38
40
40
40
40
35
31
34
40
40
40
40
40
41
40
40
38
32
32
33
39
41
40
40
41
40
41
40
35
32
32
32
38
41
40
39
40
41
41
39
33
32
32
32
37
41
40
37
39
42
40
37
32
32
32
32
35
40
40
37
38
127
127
127
127
127
127
127
127
127
127
127
127
127
127
127
127
127
127
127
127
127
127
127
127
127
127
127
127
127
127
127
127
127
127
127
127
127
127
127
127
127
127
127
127
127
127
127
127
127
127
127
127
127
127
127
127
127
127
127
127
127
127
127
127
127
127
127
127
127
127
127
127
105
121
127
127
127
127
127
127
127
127
114
105
66
70
80
115
127
127
116
100
89
82
80
79
43
43
42
48
57
45
46
47
47
48
50
53
39
40
38
37
37
29
34
38
39
40
41
41
40
41
41
40
36
30
37
41
40
40
40
39
41
41
41
41
35
31
35
41
41
41
40
40
43
41
41
39
32
32
33
40
42
40
41
42
42
42
41
35
32
32
32
38
42
41
40
41
42
42
40
33
32
32
32
37
42
41
38
40
42
42
37
32
32
32
32
35
41
40
38
39
