87
83
79
76
74
71
71
71
74
77
80
83
91
87
83
80
78
75
75
76
78
82
85
89
97
93
89
86
84
82
82
84
86
89
93
97
105
102
98
94
92
91
91
92
95
99
103
107
116
111
107
104
102
101
102
104
107
113
116
121
121
123
123
120
116
117
120
123
125
126
124
122
103
110
116
123
127
123
124
123
120
116
112
106
68
73
82
101
121
116
104
96
89
84
81
78
44
43
45
48
55
101
55
48
49
50
51
54
42
41
40
37
54
127
74
36
41
42
43
43
43
43
42
37
85
127
110
38
43
43
41
41
43
43
41
43
127
127
127
47
41
43
42
43
43
45
37
68
127
127
127
66
37
43
44
43
45
44
40
116
127
127
127
92
38
45
43
43
45
42
64
127
127
127
127
121
43
43
44
43
44
40
95
127
127
127
127
127
50
41
46
45
99
95
92
88
85
82
82
83
85
88
92
96
103
99
96
92
89
87
87
88
90
93
97
101
110
106
102
99
96
95
95
96
98
102
106
110
118
114
110
107
105
103
103
106
108
113
116
120
127
124
120
117
115
114
114
116
120
126
127
127
127
127
127
127
127
127
127
127
127
127
127
126
105
113
122
127
127
127
127
127
127
120
113
106
67
72
82
104
127
118
107
98
89
83
80
78
42
43
43
46
54
46
46
46
47
48
50
52
39
39
37
37
37
30
34
37
38
39
40
40
40
40
40
40
36
30
36
40
40
40
39
39
40
40
40
40
34
31
34
40
40
40
40
40
40
40
40
37
32
32
33
39
40
40
41
40
41
41
40
35
32
32
32
37
41
41
40
40
41
41
40
33
32
32
32
36
41
42
40
41
41
42
38
31
32
32
32
34
41
41
41
42
127
127
127
127
127
127
127
127
127
127
127
127
127
127
127
127
127
127
127
127
127
127
127
127
127
127
127
127
127
127
127
127
127
127
127
127
127
127
127
127
127
127
127
127
127
127
127
127
127
127
127
127
127
127
127
127
127
127
127
127
127
127
127
127
127
127
127
127
127
127
127
127
105
121
127
127
127
127
127
127
127
127
114
104
66
70
80
113
127
127
116
100
88
81
79
78
43
43
43
47
57
47
46
47
47
48
50
52
40
40
38
37
37
29
33
37
39
40
40
41
41
41
40
40
37
30
36
40
40
40
40
40
41
41
40
40
34
31
34
41
41
41
40
41
42
42
40
38
32
32
33
39
41
41
42
41
43
42
41
36
32
32
32
37
42
43
41
40
43
42
40
33
32
32
32
36
42
43
42
41
42
43
39
31
32
32
31
34
41
42
43
43
