87
83
79
76
74
72
71
71
74
77
80
83
91
87
83
80
78
75
75
76
78
82
85
89
97
93
89
86
84
82
82
84
86
89
93
97
105
102
98
94
92
91
91
92
95
99
103
107
116
111
107
104
102
101
102
104
107
112
116
121
121
123
123
120
116
117
120
123
125
126
124
122
103
110
116
123
127
123
124
123
120
116
112
106
68
73
82
100
122
116
104
96
89
83
80
78
44
45
45
47
56
101
56
48
49
49
51
53
40
41
40
37
53
127
75
36
41
42
43
43
42
43
43
39
85
127
111
37
42
43
42
42
42
43
42
45
127
127
127
45
40
43
43
44
43
42
38
70
127
127
127
67
37
42
42
43
43
43
40
115
127
127
127
94
37
43
43
43
43
41
61
127
127
127
127
125
45
44
45
42
43
38
88
127
127
127
127
127
56
44
47
42
99
95
91
88
85
82
82
83
85
88
92
96
103
99
96
92
89
87
87
88
90
93
97
101
110
106
103
99
96
95
95
96
98
102
106
110
118
114
110
107
105
103
103
106
108
113
116
120
127
124
120
117
115
114
114
116
120
126
127
127
127
127
127
127
127
127
127
127
127
127
127
126
105
113
122
127
127
127
127
127
127
120
113
106
68
72
82
103
127
118
107
97
89
82
79
78
42
43
43
45
54
46
46
46
47
47
49
51
38
39
38
37
37
30
34
37
38
39
40
40
40
40
40
40
36
30
36
40
40
40
39
39
40
40
40
40
35
31
34
40
40
40
40
40
41
40
41
38
33
32
33
39
40
40
40
40
41
40
41
36
32
32
32
37
40
40
40
40
40
41
40
33
32
32
32
36
40
40
40
40
40
40
37
32
32
32
32
34
41
41
41
39
127
127
127
127
127
127
127
127
127
127
127
127
127
127
127
127
127
127
127
127
127
127
127
127
127
127
127
127
127
127
127
127
127
127
127
127
127
127
127
127
127
127
127
127
127
127
127
127
127
127
127
127
127
127
127
127
127
127
127
127
127
127
127
127
127
127
127
127
127
127
127
127
105
121
127
127
127
127
127
127
127
127
114
103
66
70
80
111
127
127
116
100
87
81
78
78
43
42
42
47
57
47
46
47
47
47
50
52
39
39
38
37
37
29
33
38
39
40
40
41
40
40
41
42
37
30
36
41
40
40
40
40
40
40
41
42
35
31
34
40
40
41
41
42
41
40
42
39
33
32
33
40
41
40
40
41
40
41
42
36
32
32
32
37
41
41
40
40
40
42
40
33
32
32
32
35
41
43
41
40
40
41
38
32
32
32
31
34
42
43
43
40
