88
84
80
76
74
72
71
71
74
76
80
83
92
88
84
80
78
76
75
76
78
82
85
89
98
94
90
86
84
82
82
84
86
89
93
96
106
102
98
95
92
91
91
92
95
99
103
107
116
111
107
105
103
101
102
103
106
112
116
121
122
123
123
120
116
117
120
122
124
126
125
122
103
110
116
122
127
124
123
123
120
116
111
105
68
73
82
98
120
118
103
96
89
82
78
76
44
44
45
47
55
102
54
47
49
49
50
52
41
40
40
36
53
127
75
36
41
42
42
43
43
43
43
38
84
127
113
38
42
43
43
42
42
44
43
44
126
127
127
47
40
43
44
43
43
43
40
65
127
127
127
69
37
42
43
43
42
43
38
108
127
127
127
101
39
41
43
43
42
41
54
127
127
127
127
127
47
40
43
42
43
39
76
127
127
127
127
127
57
40
42
42
100
96
92
87
85
82
82
83
85
88
92
96
104
100
96
92
89
87
87
88
90
93
97
101
110
106
103
99
96
95
95
96
98
102
106
110
119
115
111
107
105
103
103
105
108
112
116
120
127
125
120
117
115
114
114
116
120
125
127
127
127
127
127
127
127
127
127
127
127
127
127
125
105
113
122
127
127
127
127
127
126
119
111
105
68
72
81
100
127
120
107
97
88
82
78
76
42
43
43
44
54
47
45
47
46
47
49
50
38
39
37
37
37
30
34
38
38
39
40
40
40
40
40
41
36
30
36
40
40
40
39
39
40
40
40
41
35
31
34
40
40
40
40
40
40
40
41
39
33
32
33
37
40
39
40
40
40
41
40
36
32
32
32
37
41
40
41
40
40
41
39
33
32
32
32
35
40
40
40
40
40
40
37
32
32
32
32
33
39
40
39
39
127
127
127
127
127
127
127
127
127
127
127
127
127
127
127
127
127
127
127
127
127
127
127
127
127
127
127
127
127
127
127
127
127
127
127
127
127
127
127
127
127
127
127
127
127
127
127
127
127
127
127
127
127
127
127
127
127
127
127
127
127
127
127
127
127
127
127
127
127
127
127
127
106
121
127
127
127
127
127
127
127
127
113
103
66
70
79
106
127
127
116
100
86
80
77
76
43
42
43
46
56
48
46
47
47
47
49
51
39
38
39
37
37
29
33
38
39
40
40
41
40
41
41
42
37
30
36
41
40
40
40
40
40
42
41
42
36
31
34
40
40
41
41
41
41
41
42
40
33
32
33
38
41
40
41
41
40
41
41
36
32
32
32
37
42
40
42
40
40
41
40
33
32
32
31
35
41
40
41
40
41
41
38
32
32
32
32
33
40
40
40
40
