88
84
80
77
74
72
71
71
74
76
80
83
92
88
84
80
78
76
75
76
78
82
85
89
98
94
90
86
84
82
82
84
86
89
93
96
106
103
99
95
92
91
91
92
95
99
103
107
116
112
108
105
103
101
101
103
106
112
116
121
122
124
123
121
116
116
120
122
124
126
124
122
103
110
115
121
127
124
124
123
120
116
110
105
68
72
82
96
118
120
104
96
89
82
78
75
44
43
44
47
55
103
54
47
48
49
50
51
40
41
40
36
54
127
72
36
41
42
42
43
43
43
43
38
85
127
110
38
43
43
42
42
44
43
42
46
127
127
127
47
41
43
43
43
44
44
39
68
127
127
127
67
37
44
44
43
43
43
39
113
127
127
127
95
37
43
43
44
43
40
58
127
127
127
127
127
44
42
42
43
43
39
85
127
127
127
127
127
54
41
42
42
101
97
92
89
85
84
82
83
85
88
92
95
105
101
96
92
89
88
87
88
90
93
97
101
111
107
103
99
96
95
95
96
98
102
106
110
119
115
111
107
105
103
103
105
107
112
116
120
127
126
121
117
115
113
114
116
120
125
127
127
127
127
127
127
127
127
127
127
127
127
127
125
105
113
121
127
127
127
127
127
126
119
111
104
68
72
81
98
124
123
107
97
88
82
77
75
42
43
43
44
53
48
45
45
46
47
48
50
38
39
38
37
37
30
34
37
38
39
40
40
40
40
40
40
36
30
36
40
40
40
39
39
40
40
40
40
35
31
34
40
40
40
40
40
41
40
41
39
33
32
33
37
40
40
41
40
40
40
41
36
32
32
32
36
40
41
40
41
40
40
40
33
32
32
32
34
40
41
39
40
40
41
39
32
32
32
32
33
40
41
39
40
127
127
127
127
127
127
127
127
127
127
127
127
127
127
127
127
127
127
127
127
127
127
127
127
127
127
127
127
127
127
127
127
127
127
127
127
127
127
127
127
127
127
127
127
127
127
127
127
127
127
127
127
127
127
127
127
127
127
127
127
127
127
127
127
127
127
127
127
127
127
127
127
106
121
127
127
127
127
127
127
127
127
113
102
66
70
79
103
127
127
117
101
86
79
77
75
43
42
43
44
56
50
46
46
47
47
49
50
39
39
39
37
37
30
34
38
39
40
40
41
40
42
41
41
37
30
37
41
40
40
40
40
41
42
41
42
35
31
34
40
41
41
41
40
42
41
42
40
33
32
33
38
40
42
42
41
41
41
42
37
32
32
32
37
40
41
41
42
41
41
40
33
32
32
32
35
40
41
40
41
40
41
40
32
32
32
32
33
41
42
40
40
