97
93
89
84
81
78
75
75
75
76
78
82
101
97
92
88
84
81
79
78
79
81
83
87
107
103
99
94
90
87
85
85
85
88
91
95
115
111
106
102
98
95
93
92
94
96
100
103
125
120
116
110
106
104
103
102
104
108
112
117
125
127
127
125
121
120
119
120
121
123
122
120
107
115
122
127
127
123
119
119
115
111
106
100
77
82
91
108
110
108
99
90
82
75
69
65
50
50
50
50
46
82
75
42
45
44
43
43
43
43
41
40
35
109
119
38
40
40
40
41
43
42
43
40
47
127
127
61
40
43
43
43
43
43
44
39
69
127
127
96
40
43
43
43
43
45
44
40
102
127
127
127
47
42
44
45
44
45
43
48
127
127
127
127
74
39
44
45
43
44
41
68
127
127
127
127
114
41
43
44
43
43
40
89
127
127
127
127
127
47
41
43
110
106
102
96
92
90
88
87
86
88
91
94
114
110
106
100
96
93
91
90
91
93
96
99
121
116
112
106
103
99
97
97
98
100
103
107
127
124
120
115
111
107
106
106
106
109
113
116
127
127
127
123
120
117
116
116
117
121
126
127
127
127
127
127
127
127
127
127
127
127
127
123
108
117
127
127
127
127
127
127
123
115
107
99
77
82
90
111
115
109
102
92
82
73
68
64
49
49
48
47
47
43
43
43
43
42
41
42
40
39
38
37
36
32
31
37
37
37
38
38
39
39
39
40
40
33
33
39
40
40
40
40
40
40
40
40
39
33
32
37
40
40
40
40
40
41
40
40
37
32
32
34
40
41
41
40
41
40
41
40
35
32
32
33
39
40
41
41
41
40
42
40
33
32
32
32
36
40
40
41
40
41
41
38
32
32
32
32
33
40
40
40
127
127
127
127
127
127
127
127
127
127
127
127
127
127
127
127
127
127
127
127
127
127
127
127
127
127
127
127
127
127
127
127
127
127
127
127
127
127
127
127
127
127
127
127
127
127
127
127
127
127
127
127
127
127
127
127
127
127
127
127
127
127
127
127
127
127
127
127
127
127
127
127
107
123
127
127
127
127
127
127
127
126
110
98
76
79
89
121
127
120
110
95
81
71
67
64
50
49
47
48
47
43
43
43
43
42
42
42
41
40
39
37
36
31
30
37
38
38
39
39
40
40
40
40
40
34
33
40
42
40
41
40
40
40
42
41
40
33
32
37
42
41
41
41
41
42
41
42
37
32
31
34
41
42
42
42
42
41
42
42
35
31
32
32
39
42
42
43
42
41
42
40
33
31
32
32
36
40
41
42
41
42
42
38
32
32
32
32
33
40
40
41
