89
85
81
77
75
72
71
71
74
75
79
82
92
89
85
81
78
76
75
76
78
81
85
88
99
95
91
87
84
82
82
84
86
89
93
96
106
103
99
95
92
91
91
92
95
99
103
107
117
112
108
105
103
101
101
103
106
112
116
121
122
123
123
121
117
116
120
122
124
126
124
122
103
110
115
120
127
125
124
123
120
116
110
105
68
72
81
94
115
122
104
97
89
82
78
75
43
43
44
45
53
105
55
47
48
48
50
50
40
41
40
35
54
127
72
36
41
42
42
43
43
43
43
37
86
127
109
38
43
43
42
42
44
43
42
45
127
127
127
47
42
43
43
43
44
44
39
70
127
127
127
68
40
43
43
43
43
43
39
114
127
127
127
95
38
43
43
43
43
41
59
127
127
127
127
125
43
42
44
45
43
40
87
127
127
127
127
127
53
39
43
45
100
96
93
89
86
84
82
83
85
88
92
95
105
101
97
92
90
88
87
88
90
93
97
101
112
108
103
99
96
95
95
96
98
102
106
110
120
116
112
107
105
103
103
105
107
112
116
120
127
126
121
117
115
113
114
116
120
125
127
127
127
127
127
127
127
127
127
127
127
127
127
125
105
112
120
127
127
127
127
127
127
120
111
104
68
71
80
96
121
124
109
98
88
81
77
75
42
43
43
43
51
49
45
45
46
47
48
50
38
39
38
37
37
30
34
37
38
39
40
40
40
40
40
40
36
30
36
40
40
40
39
39
41
40
40
40
34
31
34
40
40
40
40
40
40
41
41
39
33
32
33
38
41
40
40
40
41
40
41
36
32
32
32
36
40
41
40
40
41
40
40
33
32
32
32
34
40
40
40
40
41
41
38
32
32
32
32
34
40
38
40
41
127
127
127
127
127
127
127
127
127
127
127
127
127
127
127
127
127
127
127
127
127
127
127
127
127
127
127
127
127
127
127
127
127
127
127
127
127
127
127
127
127
127
127
127
127
127
127
127
127
127
127
127
127
127
127
127
127
127
127
127
127
127
127
127
127
127
127
127
127
127
127
127
104
120
127
127
127
127
127
127
127
127
113
102
65
69
78
100
127
127
119
102
87
79
76
75
43
42
43
43
54
50
46
45
46
47
49
50
39
39
39
37
37
30
34
37
39
40
40
41
41
41
41
41
37
30
37
41
40
40
40
40
42
41
42
41
35
31
34
41
41
41
41
40
41
42
42
40
33
32
33
39
42
41
40
41
42
41
42
37
32
32
32
37
41
42
41
42
42
41
40
33
32
32
32
35
41
41
41
42
41
42
39
32
32
32
32
34
40
39
41
42
