89
85
81
77
75
72
72
71
74
75
79
82
92
89
85
81
78
76
76
76
78
81
85
88
99
95
91
87
84
82
82
84
86
89
93
96
106
103
99
95
92
91
91
92
95
99
103
107
117
113
108
105
103
101
101
103
106
111
116
121
122
123
123
121
117
116
120
122
124
125
124
122
103
109
114
120
127
126
124
123
120
116
111
105
67
71
80
92
114
123
105
97
89
82
78
75
43
44
44
45
51
104
57
47
48
48
50
50
41
41
40
36
53
127
75
35
41
42
43
43
44
43
42
38
85
127
112
38
42
43
43
43
44
43
41
43
127
127
127
47
41
43
43
43
43
43
37
64
127
127
127
71
39
45
43
42
44
43
38
108
127
127
127
100
40
44
43
43
43
40
56
127
127
127
127
127
48
42
44
44
42
39
78
127
127
127
127
127
59
40
44
44
100
96
93
89
86
84
82
83
85
88
92
95
105
101
97
92
90
88
87
88
90
93
97
101
112
108
103
99
96
95
95
96
98
103
106
110
120
116
112
107
105
103
103
105
107
112
116
120
127
126
121
117
115
113
114
116
120
124
127
127
127
127
127
127
127
127
127
127
127
127
127
125
103
112
120
127
127
127
127
127
127
120
111
104
67
71
80
95
120
126
109
98
89
81
77
75
42
43
43
43
50
50
45
45
46
47
47
50
39
39
37
37
37
31
34
37
38
39
39
40
40
40
40
40
37
30
36
40
40
40
39
40
41
40
40
40
35
31
34
40
40
40
40
40
40
40
39
38
33
32
33
38
40
40
40
40
40
40
40
35
32
32
32
36
41
41
40
40
40
40
40
33
32
32
32
34
40
41
41
41
39
40
38
32
32
32
32
33
40
41
40
41
127
127
127
127
127
127
127
127
127
127
127
127
127
127
127
127
127
127
127
127
127
127
127
127
127
127
127
127
127
127
127
127
127
127
127
127
127
127
127
127
127
127
127
127
127
127
127
127
127
127
127
127
127
127
127
127
127
127
127
127
127
127
127
127
127
127
127
127
127
127
127
127
104
120
127
127
127
127
127
127
127
127
113
102
65
69
78
99
127
127
120
103
87
79
76
75
43
43
42
44
52
51
46
45
46
47
48
50
40
40
37
37
36
30
33
37
39
40
40
41
41
41
40
41
37
30
36
41
40
40
40
40
42
40
41
41
35
31
34
41
40
40
41
41
41
41
40
39
33
32
33
39
42
42
40
40
41
40
41
36
32
32
32
37
42
42
41
41
40
40
41
33
32
32
31
35
42
42
42
42
40
41
39
32
32
32
31
33
41
42
41
42
