89
85
81
77
75
72
72
71
74
75
79
82
92
89
85
81
78
76
76
76
78
81
85
88
99
95
91
87
84
82
82
84
86
89
93
96
106
103
99
95
92
91
91
92
95
99
103
107
117
113
108
105
103
101
101
103
106
111
116
120
121
123
123
121
117
116
120
122
123
125
124
122
103
109
114
120
126
125
124
123
120
116
111
105
67
71
80
92
112
123
105
97
89
82
78
75
44
44
44
45
49
104
59
47
48
48
49
50
41
40
41
37
49
127
80
35
41
42
42
43
43
43
43
38
81
127
116
39
43
43
43
43
43
43
43
43
122
127
127
50
41
43
43
43
43
45
40
63
127
127
127
74
38
43
43
43
43
44
39
103
127
127
127
106
39
42
42
42
43
42
53
127
127
127
127
127
49
40
41
41
43
40
73
127
127
127
127
127
61
40
41
41
102
98
93
89
86
84
82
83
85
88
92
95
106
102
97
93
90
88
87
88
90
93
97
100
112
108
103
99
96
95
95
96
98
102
106
110
120
116
112
108
105
103
103
105
107
111
116
120
127
127
122
118
115
113
114
116
119
124
127
127
127
127
127
127
127
127
127
127
127
127
127
126
103
112
120
127
127
127
127
127
127
120
112
105
67
71
79
94
118
126
110
99
89
81
77
75
42
42
43
43
50
50
45
45
46
47
47
49
38
38
38
37
37
31
33
37
38
39
40
40
40
40
40
40
37
30
35
40
40
40
40
40
40
40
40
40
36
32
33
40
40
40
40
40
40
41
41
39
33
32
32
37
40
40
40
40
40
41
41
37
32
32
32
36
40
40
39
40
40
41
40
33
32
32
32
34
40
40
38
38
40
41
39
32
32
32
32
33
40
41
39
38
127
127
127
127
127
127
127
127
127
127
127
127
127
127
127
127
127
127
127
127
127
127
127
127
127
127
127
127
127
127
127
127
127
127
127
127
127
127
127
127
127
127
127
127
127
127
127
127
127
127
127
127
127
127
127
127
127
127
127
127
127
127
127
127
127
127
127
127
127
127
127
127
103
119
127
127
127
127
127
127
127
127
113
102
65
69
77
98
127
127
120
103
87
78
76
75
43
43
43
43
52
53
46
45
46
47
48
50
39
39
39
37
37
30
33
37
39
40
40
41
40
40
41
41
37
30
36
41
40
40
40
40
40
41
41
41
35
31
33
40
41
41
41
41
40
42
42
40
33
32
32
38
41
40
41
41
41
42
42
37
32
32
31
37
41
41
40
40
41
42
41
34
32
32
31
35
40
41
39
39
40
42
40
32
32
32
32
33
40
42
40
39
