89
85
81
77
75
72
72
71
74
75
79
82
93
89
85
81
78
76
76
76
78
81
85
88
99
96
91
87
84
82
82
84
86
89
92
96
106
103
99
95
92
91
91
92
95
99
103
106
117
113
109
105
102
101
101
103
106
111
116
120
121
123
123
121
118
116
119
122
123
125
124
122
103
109
114
120
126
126
123
123
120
116
111
105
67
71
79
92
110
123
106
97
89
82
78
75
44
43
44
46
48
103
61
46
48
48
50
50
41
41
41
37
46
127
85
35
41
42
42
43
43
43
43
37
75
127
123
40
42
43
42
43
44
43
43
40
114
127
127
54
41
43
43
43
44
44
40
57
127
127
127
82
39
43
43
43
43
43
37
94
127
127
127
114
42
43
44
43
43
42
47
127
127
127
127
127
54
42
44
44
44
41
64
127
127
127
127
127
68
40
43
45
102
98
92
89
86
84
82
83
85
88
92
95
106
102
97
93
90
88
87
88
90
93
97
101
112
108
104
99
96
95
95
96
98
101
106
110
120
116
112
108
105
103
103
105
107
111
116
120
127
127
122
118
115
113
114
116
119
124
127
127
127
127
127
127
127
127
127
127
127
127
127
126
103
111
120
127
127
127
127
127
127
120
112
105
67
71
78
92
117
127
110
99
89
81
77
75
42
42
42
43
50
51
46
45
46
47
47
49
38
39
38
37
37
31
33
37
38
39
40
40
40
40
40
40
37
30
34
40
40
40
40
40
40
40
40
40
35
32
33
40
40
40
40
40
41
41
41
40
33
32
32
38
41
40
40
40
40
40
40
37
32
32
32
36
41
41
40
40
40
40
40
34
32
32
32
33
40
41
40
40
40
40
40
33
32
32
32
33
39
41
40
41
127
127
127
127
127
127
127
127
127
127
127
127
127
127
127
127
127
127
127
127
127
127
127
127
127
127
127
127
127
127
127
127
127
127
127
127
127
127
127
127
127
127
127
127
127
127
127
127
127
127
127
127
127
127
127
127
127
127
127
127
127
127
127
127
127
127
127
127
127
127
127
127
103
118
127
127
127
127
127
127
127
127
114
103
66
69
77
97
127
127
120
103
88
78
75
75
43
43
43
43
51
53
46
45
46
47
48
50
39
40
39
37
36
31
33
37
39
40
40
41
41
41
41
41
37
31
35
41
40
40
40
40
42
41
42
41
35
31
33
40
41
41
41
41
42
42
42
40
33
32
32
38
43
41
41
40
41
41
41
38
32
32
32
36
42
42
41
41
41
41
41
35
32
32
32
33
40
42
41
41
42
42
41
33
32
32
32
33
40
42
41
42
