89
85
82
77
75
72
72
71
74
75
79
82
93
89
85
81
78
76
76
76
78
81
85
88
99
96
92
87
85
82
82
84
86
89
92
96
106
103
99
95
92
91
91
92
95
99
103
106
118
113
109
105
102
101
101
103
106
111
116
120
121
123
123
121
118
116
119
122
123
125
124
122
102
108
114
119
126
126
123
123
120
116
111
105
67
71
79
91
110
123
106
98
89
82
78
75
43
44
44
46
47
101
64
45
47
48
50
50
41
41
40
38
43
127
92
33
41
42
43
42
44
43
43
38
69
127
127
43
41
43
43
43
44
43
43
39
106
127
127
62
39
43
43
44
43
43
40
49
127
127
127
94
38
44
43
43
43
43
37
78
127
127
127
127
45
43
44
43
43
43
42
120
127
127
127
127
64
42
44
43
43
43
50
127
127
127
127
127
85
40
43
43
102
98
94
89
86
84
82
83
85
88
92
95
106
102
98
93
90
88
87
88
90
93
97
100
112
108
104
99
96
95
95
96
98
101
105
110
120
116
112
108
105
103
103
105
107
111
116
119
127
127
122
118
115
113
114
116
119
124
127
127
127
127
127
127
127
127
127
127
127
127
127
125
103
111
120
127
127
127
127
127
127
120
112
104
67
71
78
92
115
127
110
99
89
81
77
75
42
42
42
43
49
50
45
46
46
47
47
49
39
39
37
37
37
31
33
37
38
39
40
40
40
40
40
41
38
31
34
40
40
40
40
39
41
40
40
41
37
32
33
39
40
40
40
40
40
40
39
39
34
32
32
37
40
40
39
40
40
40
40
37
32
32
32
35
40
41
40
40
40
41
41
34
32
32
32
33
39
41
42
40
40
42
41
33
32
32
32
32
38
42
42
41
127
127
127
127
127
127
127
127
127
127
127
127
127
127
127
127
127
127
127
127
127
127
127
127
127
127
127
127
127
127
127
127
127
127
127
127
127
127
127
127
127
127
127
127
127
127
127
127
127
127
127
127
127
127
127
127
127
127
127
127
127
127
127
127
127
127
127
127
127
127
127
127
102
117
127
127
127
127
127
127
127
127
114
103
65
68
76
96
127
127
120
103
88
78
75
75
43
43
42
43
50
53
46
45
46
46
48
50
40
40
37
37
37
31
33
37
39
40
40
40
41
41
40
41
39
31
35
41
40
40
40
40
42
40
40
41
37
32
33
40
41
41
40
42
41
40
40
40
33
32
32
37
42
42
40
40
40
41
40
37
32
32
32
35
42
43
42
40
40
41
40
35
32
32
32
33
40
43
43
41
41
42
41
33
32
32
32
32
39
43
43
42
