89
85
82
78
75
72
72
71
74
75
79
82
93
89
85
81
78
76
76
76
78
81
85
88
99
96
92
87
85
82
82
84
86
89
92
96
107
103
99
96
92
91
91
92
95
99
103
106
118
113
109
105
102
101
101
103
106
111
116
120
121
123
123
121
118
116
119
121
123
125
124
122
102
108
113
119
125
127
123
123
120
116
111
105
66
71
78
90
107
124
107
98
89
82
78
75
43
43
44
46
46
96
71
44
47
47
49
50
40
41
40
39
37
123
106
35
40
41
42
43
43
43
44
40
54
127
127
51
40
43
43
43
44
43
44
37
82
127
127
82
37
43
43
43
44
44
43
42
116
127
127
121
41
42
43
43
43
43
41
55
127
127
127
127
61
40
43
43
43
43
39
82
127
127
127
127
97
41
45
43
43
43
39
108
127
127
127
127
127
42
45
44
101
97
94
89
86
83
84
83
85
88
92
95
106
102
98
93
90
88
88
88
90
93
97
100
113
109
104
99
97
95
95
96
98
101
105
110
120
116
113
108
106
103
103
105
107
111
116
119
127
127
122
118
116
113
113
116
119
124
127
127
127
127
127
127
127
127
127
127
127
127
127
127
102
110
119
127
127
127
127
127
127
120
112
105
66
70
78
91
113
127
112
99
89
81
77
75
42
42
42
43
48
51
46
46
46
46
47
48
38
39
38
37
37
32
33
37
38
38
40
40
40
40
40
40
38
32
33
39
40
40
40
40
40
40
40
40
37
32
33
38
40
40
40
40
41
41
41
40
35
32
32
35
41
41
40
41
41
40
40
40
33
32
32
33
40
41
41
40
41
40
40
38
32
32
32
32
37
41
41
40
40
40
40
37
32
32
32
32
34
41
41
40
127
127
127
127
127
127
127
127
127
127
127
127
127
127
127
127
127
127
127
127
127
127
127
127
127
127
127
127
127
127
127
127
127
127
127
127
127
127
127
127
127
127
127
127
127
127
127
127
127
127
127
127
127
127
127
127
127
127
127
127
127
127
127
127
127
127
127
127
127
127
127
127
101
116
127
127
127
127
127
127
127
127
115
103
65
68
76
95
127
127
123
103
89
78
75
74
43
43
43
43
49
54
47
45
46
46
48
49
39
40
39
37
37
32
32
37
39
40
40
41
41
41
41
41
39
32
33
40
40
40
40
40
42
41
42
41
37
32
33
39
41
41
40
41
42
43
42
42
35
32
32
36
41
42
41
42
42
42
41
40
33
32
32
33
40
43
41
41
42
40
41
38
32
32
32
32
37
43
42
41
41
40
41
37
32
32
32
32
35
42
43
41
