89
85
82
78
75
73
72
71
74
75
79
82
93
89
85
81
78
76
76
76
78
81
85
88
99
96
92
87
85
82
82
84
86
89
92
96
107
103
99
96
92
91
91
92
95
99
103
106
118
113
109
105
102
101
101
103
106
111
116
120
122
124
124
122
118
116
119
121
123
125
124
122
103
109
115
120
125
126
123
123
119
116
110
104
67
71
79
92
106
123
106
96
88
81
76
73
44
43
44
46
45
101
64
45
47
47
49
49
41
40
40
38
40
127
96
34
41
41
42
42
43
43
44
40
61
127
127
47
41
43
42
42
44
43
44
39
91
127
127
75
39
43
43
43
44
44
42
43
124
127
127
113
40
43
43
43
43
43
40
57
127
127
127
127
56
41
44
43
42
43
40
86
127
127
127
127
91
40
43
43
42
43
40
115
127
127
127
127
125
40
42
43
103
97
94
89
86
83
84
83
85
88
92
95
106
102
98
93
90
88
88
88
90
93
97
100
113
109
104
99
97
95
95
96
98
101
105
110
120
116
113
108
106
103
103
105
107
111
116
119
127
127
122
118
115
113
113
116
119
124
127
127
127
127
127
127
127
127
127
127
127
127
127
125
103
111
120
127
127
127
127
127
127
119
110
103
67
71
78
94
111
125
111
97
88
79
75
73
42
42
42
43
47
50
46
45
45
45
47
48
38
38
38
37
36
31
33
37
38
39
40
40
40
40
40
40
38
31
33
40
40
40
40
40
40
40
40
41
37
32
33
39
41
40
40
40
41
40
41
40
35
32
32
36
41
41
40
40
40
40
40
39
33
32
32
33
39
40
41
40
40
40
40
37
32
32
32
32
37
40
40
40
40
41
41
37
32
32
32
32
35
40
40
41
127
127
127
127
127
127
127
127
127
127
127
127
127
127
127
127
127
127
127
127
127
127
127
127
127
127
127
127
127
127
127
127
127
127
127
127
127
127
127
127
127
127
127
127
127
127
127
127
127
127
127
127
127
127
127
127
127
127
127
127
127
127
127
127
127
127
127
127
127
127
127
127
103
118
127
127
127
127
127
127
127
127
113
101
66
69
77
98
125
127
122
102
86
77
74
73
43
43
43
44
47
52
47
45
45
46
47
48
39
39
39
37
36
31
33
37
38
40
40
41
40
41
41
42
39
31
34
40
40
40
40
40
41
42
41
42
38
32
33
39
41
41
40
41
42
41
42
42
35
32
31
37
41
43
41
41
41
41
41
40
33
32
32
33
40
42
42
41
40
41
41
38
32
32
32
32
37
41
41
41
41
42
42
37
32
32
32
32
36
41
40
41
