89
85
82
78
75
73
72
71
74
75
79
82
93
89
85
81
78
76
76
76
78
81
85
88
99
96
92
87
85
82
82
84
86
89
92
96
107
103
99
96
92
91
91
92
95
98
103
106
118
113
109
105
102
101
101
103
106
111
116
120
122
124
124
122
118
116
119
122
123
125
124
121
103
109
115
120
124
124
124
122
119
115
110
103
67
71
80
92
106
120
107
95
87
80
75
72
44
43
44
46
46
103
61
45
47
47
49
49
41
40
40
38
45
127
87
35
41
41
42
43
43
43
43
39
71
127
127
43
42
43
43
43
43
44
43
40
105
127
127
63
39
43
43
43
44
44
42
49
127
127
127
97
37
43
44
43
43
43
39
72
127
127
127
127
46
40
44
44
42
43
40
109
127
127
127
127
71
38
43
44
42
42
45
127
127
127
127
127
97
37
42
44
103
99
94
89
86
85
84
83
85
88
92
95
106
103
98
93
90
89
88
88
90
93
97
100
113
109
104
99
97
95
95
96
98
101
105
110
120
116
113
108
106
103
103
105
107
111
116
119
127
127
122
118
115
113
113
116
119
124
127
127
127
127
127
127
127
127
127
127
127
127
127
125
103
112
121
127
127
127
127
127
126
118
110
103
67
71
79
95
111
123
111
96
87
78
75
72
42
42
43
43
47
48
47
44
44
45
47
47
38
38
38
37
35
31
34
37
37
39
40
40
40
40
40
40
38
31
34
40
40
40
40
40
40
40
40
40
37
32
33
39
40
40
40
40
41
40
41
41
34
32
32
37
41
41
40
40
40
41
40
39
33
32
32
33
40
40
40
41
40
41
40
36
32
32
32
32
37
40
40
41
40
40
40
34
32
32
32
32
36
40
40
42
127
127
127
127
127
127
127
127
127
127
127
127
127
127
127
127
127
127
127
127
127
127
127
127
127
127
127
127
127
127
127
127
127
127
127
127
127
127
127
127
127
127
127
127
127
127
127
127
127
127
127
127
127
127
127
127
127
127
127
127
127
127
127
127
127
127
127
127
127
127
127
127
103
119
127
127
127
127
127
127
127
127
112
100
65
68
78
99
123
127
123
101
85
77
73
72
43
43
43
44
47
50
47
45
45
46
47
47
39
39
39
37
35
30
33
37
38
40
40
40
40
41
41
42
38
31
35
41
41
40
40
40
41
42
41
42
37
32
33
40
42
41
41
40
42
42
42
41
34
32
32
37
42
42
42
41
41
42
42
40
33
32
32
33
40
41
42
42
41
42
42
37
32
32
32
32
38
40
41
42
40
41
42
34
32
32
32
32
37
40
40
43
