90
86
82
78
75
73
72
71
74
75
79
82
94
90
85
82
78
76
76
76
78
81
85
88
100
96
92
88
85
82
82
84
86
89
92
96
108
104
99
96
92
91
91
92
95
98
103
106
118
113
109
105
102
101
101
103
106
111
116
120
122
124
124
122
118
116
119
122
123
125
124
121
103
109
115
120
124
124
124
122
119
114
110
103
67
71
80
92
106
120
107
95
87
79
75
72
43
43
44
46
47
102
61
46
47
47
49
49
41
41
40
37
46
127
85
34
41
41
43
43
43
44
43
37
72
127
127
42
42
43
42
43
43
44
43
38
107
127
127
61
40
43
42
43
43
43
41
49
127
127
127
94
37
43
44
43
44
44
39
76
127
127
127
127
46
42
45
44
44
44
41
115
127
127
127
127
69
41
44
44
44
43
46
127
127
127
127
127
92
40
43
45
103
99
94
89
86
85
84
83
85
88
92
95
106
103
98
93
90
89
88
88
90
93
97
100
113
109
104
99
97
95
95
96
98
101
105
110
120
116
113
108
106
103
103
105
107
111
116
120
127
127
122
118
115
113
113
116
119
124
127
127
127
127
127
127
127
127
127
127
127
127
127
125
103
112
121
127
127
127
127
127
125
118
110
103
67
71
79
95
110
123
111
96
86
78
75
72
42
42
43
43
46
47
47
44
44
45
47
47
38
39
37
36
36
30
33
37
37
39
40
40
40
40
40
39
38
31
34
40
40
40
40
40
40
41
40
40
37
31
33
40
40
40
40
40
40
40
40
39
33
32
32
37
40
40
40
40
40
41
40
38
33
32
32
34
40
41
40
40
40
41
40
36
32
32
32
33
39
41
40
40
40
41
40
33
32
32
32
32
38
42
40
41
127
127
127
127
127
127
127
127
127
127
127
127
127
127
127
127
127
127
127
127
127
127
127
127
127
127
127
127
127
127
127
127
127
127
127
127
127
127
127
127
127
127
127
127
127
127
127
127
127
127
127
127
127
127
127
127
127
127
127
127
127
127
127
127
127
127
127
127
127
127
127
127
103
119
127
127
127
127
127
127
127
127
112
100
65
68
78
99
123
127
123
100
85
77
73
71
43
43
43
43
47
50
47
45
45
46
47
47
39
40
38
36
36
30
33
37
38
40
40
40
40
41
40
40
39
31
34
40
41
40
40
40
41
42
40
40
36
31
33
40
42
41
40
40
41
41
41
40
33
32
32
38
41
41
41
41
41
42
42
38
33
32
32
35
41
42
42
42
41
43
42
36
32
32
32
33
40
42
42
42
42
42
41
34
32
32
32
32
39
43
41
42
