90
86
82
78
75
74
73
73
75
76
80
83
94
90
86
82
79
77
77
77
79
82
85
89
100
96
92
88
85
83
83
84
86
89
93
97
108
104
100
96
93
92
92
93
96
99
103
107
118
113
110
106
103
102
102
103
106
111
116
121
122
124
124
122
119
117
119
122
124
125
123
121
103
110
115
120
125
124
124
122
119
114
109
103
68
72
81
93
106
119
107
94
86
78
75
71
44
43
44
46
48
103
56
46
47
47
47
48
41
40
41
37
55
127
70
37
41
41
42
43
43
43
43
38
92
127
104
38
43
43
43
43
43
44
42
47
127
127
127
44
42
43
43
43
43
45
40
74
127
127
127
63
39
43
44
43
43
44
41
119
127
127
127
89
36
42
43
45
43
41
63
127
127
127
127
121
42
40
42
44
43
38
91
127
127
127
127
127
52
40
41
43
102
98
95
90
87
84
85
84
86
89
92
96
106
103
99
94
91
89
89
89
91
94
98
101
113
110
105
100
98
96
96
96
99
102
106
110
121
117
113
109
106
104
104
106
108
112
116
120
127
127
123
119
116
114
114
116
120
124
127
127
127
127
127
127
127
127
127
127
127
127
127
124
104
113
121
127
127
127
127
127
125
118
110
102
68
71
80
96
110
120
112
96
85
78
74
71
42
43
43
43
46
47
47
43
44
45
47
47
38
38
38
37
35
30
35
37
37
39
40
40
40
40
40
40
37
30
36
40
40
40
40
40
40
40
40
40
35
31
34
40
40
40
40
40
41
40
41
39
32
32
33
39
40
40
41
40
40
41
41
36
32
32
32
37
39
40
41
41
40
41
39
33
32
32
32
35
39
40
40
40
40
40
37
32
32
32
32
34
40
40
39
40
127
127
127
127
127
127
127
127
127
127
127
127
127
127
127
127
127
127
127
127
127
127
127
127
127
127
127
127
127
127
127
127
127
127
127
127
127
127
127
127
127
127
127
127
127
127
127
127
127
127
127
127
127
127
127
127
127
127
127
127
127
127
127
127
127
127
127
127
127
127
127
127
105
120
127
127
127
127
127
127
127
126
110
99
65
69
78
101
123
127
123
99
84
76
72
71
43
43
43
44
47
48
48
44
45
46
47
47
39
39
39
37
34
29
34
37
38
40
40
40
40
40
41
42
37
30
36
41
40
40
40
40
41
41
41
42
34
31
34
41
41
41
41
41
42
42
42
40
32
32
33
40
41
41
42
41
41
42
42
36
32
32
32
37
40
40
42
42
41
42
40
33
32
32
32
34
40
40
40
41
41
41
38
32
32
32
32
34
41
41
40
40
