90
86
82
78
75
73
73
73
74
76
80
83
94
90
86
82
79
77
76
77
78
82
85
89
100
96
92
88
85
83
83
84
86
89
93
96
108
104
100
96
93
92
92
92
95
99
103
107
118
113
110
106
103
101
101
103
106
111
116
121
123
125
124
122
119
117
119
122
123
124
123
120
105
111
116
122
123
123
124
121
117
113
106
100
68
73
82
96
106
114
106
92
85
77
73
71
43
43
45
42
59
97
48
47
47
47
47
48
41
41
40
33
97
127
40
40
40
41
42
43
43
44
38
61
127
127
46
43
43
43
43
43
43
43
41
113
127
127
51
43
43
43
43
43
44
37
78
127
127
127
56
41
43
43
43
43
40
57
127
127
127
127
63
40
43
43
43
44
47
104
127
127
127
127
71
39
43
43
43
44
61
127
127
127
127
127
78
38
44
44
43
43
103
98
95
90
87
85
83
84
85
88
92
96
107
103
99
94
91
89
88
89
91
93
97
101
113
110
105
100
97
96
96
96
99
103
106
110
121
117
113
109
106
104
104
106
108
112
116
120
127
127
123
118
116
114
114
116
120
124
127
127
127
127
127
127
127
127
127
127
127
127
127
123
106
114
123
127
127
127
127
127
124
116
107
99
68
73
82
98
110
116
110
94
84
77
73
70
42
43
43
44
46
44
47
43
44
44
47
47
38
38
37
37
33
30
37
37
37
38
40
40
40
40
40
39
33
33
40
40
40
40
40
40
40
40
40
35
32
33
40
40
40
40
40
40
40
40
37
32
32
33
40
41
41
40
40
40
41
40
34
32
32
32
40
40
40
40
40
40
41
37
32
32
32
32
40
40
40
40
41
41
40
33
32
32
32
32
39
40
40
41
40
41
127
127
127
127
127
127
127
127
127
127
127
127
127
127
127
127
127
127
127
127
127
127
127
127
127
127
127
127
127
127
127
127
127
127
127
127
127
127
127
127
127
127
127
127
127
127
127
127
127
127
127
127
127
127
127
127
127
127
127
127
127
127
127
127
127
127
127
127
127
127
127
127
107
123
127
127
127
127
127
127
127
123
107
97
67
71
81
103
123
127
120
96
82
75
71
70
43
42
43
44
47
45
47
43
45
45
46
47
40
39
37
37
33
30
37
37
39
39
40
40
41
41
41
40
33
33
40
41
40
40
40
40
41
41
41
36
32
33
41
42
41
41
41
41
42
41
37
32
32
33
40
42
42
41
40
40
42
40
34
32
32
32
40
41
41
41
41
41
42
37
32
32
32
32
40
41
40
41
42
42
42
33
31
32
32
32
39
41
41
42
41
42
