90
86
82
78
75
73
72
71
74
75
79
82
94
90
86
82
78
76
76
76
78
81
85
88
100
96
92
88
85
82
82
84
86
89
92
96
108
104
100
96
93
91
91
92
95
98
103
106
118
113
110
106
103
101
101
103
106
111
116
120
123
125
124
122
119
117
119
122
123
124
123
119
105
111
116
121
123
123
124
121
117
113
106
100
68
73
82
95
106
113
105
92
85
77
73
71
43
44
45
43
58
99
49
47
47
47
47
48
41
41
39
34
95
127
40
40
40
41
42
43
43
43
37
61
127
127
45
42
43
43
43
43
42
41
41
113
127
127
50
42
42
43
43
43
43
37
79
127
127
127
57
42
44
43
42
43
38
57
127
127
127
127
62
41
45
42
43
43
45
105
127
127
127
127
69
40
44
43
43
43
57
127
127
127
127
127
75
39
43
43
42
42
103
98
95
90
87
85
84
83
85
88
92
95
107
103
99
94
91
89
88
88
90
93
97
100
113
110
105
100
97
95
95
96
98
101
105
110
121
117
113
109
106
103
103
105
107
111
116
119
127
127
122
118
116
113
113
116
120
124
127
127
127
127
127
127
127
127
127
127
127
127
127
123
106
114
123
127
127
127
127
127
123
116
107
99
67
72
82
96
110
116
110
94
84
77
73
70
42
43
42
44
46
44
46
43
44
44
46
46
39
38
37
37
33
30
37
37
38
38
39
40
40
40
40
39
33
33
40
40
40
40
40
40
40
40
40
36
32
33
40
40
40
40
40
40
40
40
37
32
32
33
40
41
41
40
40
41
40
40
34
32
32
32
39
41
41
40
40
41
40
36
32
32
32
32
39
41
41
40
40
40
37
33
32
32
32
32
38
40
40
40
39
39
127
127
127
127
127
127
127
127
127
127
127
127
127
127
127
127
127
127
127
127
127
127
127
127
127
127
127
127
127
127
127
127
127
127
127
127
127
127
127
127
127
127
127
127
127
127
127
127
127
127
127
127
127
127
127
127
127
127
127
127
127
127
127
127
127
127
127
127
127
127
127
127
107
123
127
127
127
127
127
127
127
123
108
97
66
70
80
102
122
127
120
98
82
75
71
70
43
43
43
44
46
45
47
44
45
45
46
47
40
39
37
37
32
30
36
37
39
39
40
40
41
40
41
40
33
33
41
41
40
40
40
40
40
40
41
36
32
33
41
41
40
40
42
41
41
42
38
32
32
33
40
42
42
40
40
42
41
40
34
32
32
32
40
42
42
40
40
42
40
36
32
32
32
32
40
42
42
40
40
40
38
33
32
32
32
32
39
41
41
40
40
40
