90
86
82
78
75
73
72
72
75
75
79
82
94
90
86
82
78
76
76
76
78
81
85
88
100
96
92
88
85
82
82
83
85
89
92
96
108
104
100
96
93
91
91
92
94
98
103
106
119
113
110
106
103
101
101
103
106
110
116
120
123
125
124
122
119
117
119
122
123
123
123
120
104
110
115
121
123
122
124
121
118
113
107
101
68
72
81
94
104
113
106
93
85
78
73
70
44
43
44
43
54
99
50
47
47
47
47
47
41
40
40
33
86
127
43
40
40
41
42
42
43
42
39
56
127
127
50
41
43
43
43
43
43
41
40
103
127
127
56
40
44
43
43
43
44
38
69
127
127
127
64
40
43
44
44
44
41
51
127
127
127
127
72
37
42
43
43
43
45
95
127
127
127
127
83
37
42
42
43
43
54
127
127
127
127
127
92
37
42
42
43
43
103
99
95
90
87
85
84
83
85
88
92
95
107
103
99
94
91
89
88
88
90
93
97
100
113
110
105
100
97
95
95
96
98
101
105
110
121
117
113
109
106
103
103
105
107
111
116
119
127
127
123
118
116
113
113
116
119
124
127
127
127
127
127
127
127
127
127
127
127
127
127
123
105
113
122
127
127
127
127
127
124
116
108
100
67
72
81
96
110
115
110
95
85
77
73
70
42
43
43
43
46
43
46
43
44
44
46
46
38
38
38
37
33
30
37
37
37
38
39
40
40
40
41
40
33
32
40
40
40
40
40
40
40
40
41
37
32
32
39
40
40
40
40
40
40
41
39
33
32
32
38
40
40
41
41
40
42
40
34
32
32
32
37
40
40
40
40
40
41
37
32
32
32
32
37
40
40
40
40
40
40
34
32
32
32
31
38
40
40
40
40
40
127
127
127
127
127
127
127
127
127
127
127
127
127
127
127
127
127
127
127
127
127
127
127
127
127
127
127
127
127
127
127
127
127
127
127
127
127
127
127
127
127
127
127
127
127
127
127
127
127
127
127
127
127
127
127
127
127
127
127
127
127
127
127
127
127
127
127
127
127
127
127
127
106
121
127
127
127
127
127
127
127
125
110
97
66
70
79
101
121
127
122
99
82
75
71
70
43
43
42
44
46
45
47
44
45
45
46
47
40
39
38
37
32
30
37
37
38
39
40
40
41
40
41
40
33
32
40
41
41
40
40
40
40
41
41
37
32
32
39
41
42
41
41
41
41
42
39
33
32
32
39
41
40
42
42
42
42
41
34
32
32
32
38
40
40
41
41
41
42
38
32
32
32
32
38
40
40
41
40
41
41
34
32
32
32
31
39
41
39
40
41
41
