91
87
83
78
75
73
72
72
75
75
79
82
95
91
86
82
78
77
76
76
78
81
85
88
101
97
92
88
85
83
82
83
85
89
92
96
109
105
100
96
93
91
91
92
94
98
102
106
119
114
110
106
103
101
101
103
105
110
115
120
123
125
124
122
119
117
118
121
123
124
123
120
103
110
115
120
123
122
124
121
118
113
108
101
68
71
80
92
103
113
107
94
85
78
73
70
44
43
44
44
48
100
54
46
47
47
47
47
40
41
40
33
71
127
54
38
40
41
42
42
42
43
40
47
123
127
67
40
43
43
43
43
43
43
39
82
127
127
80
39
44
44
43
43
43
40
50
127
127
127
93
37
44
43
44
43
43
42
103
127
127
127
107
37
43
43
43
43
43
71
127
127
127
127
122
39
42
43
43
43
42
108
127
127
127
127
127
41
42
44
43
42
103
99
95
90
87
85
84
83
85
88
92
95
107
103
99
94
91
89
88
88
90
93
97
100
114
110
105
100
97
95
95
96
98
101
105
110
121
117
113
109
106
103
103
105
107
111
116
119
127
127
123
118
115
113
113
116
118
123
127
127
127
127
127
127
127
127
127
127
127
127
127
123
104
113
121
127
127
127
127
127
125
117
108
101
67
71
79
94
108
114
112
96
85
77
72
70
42
43
43
43
45
43
47
44
44
44
46
46
38
38
38
37
33
30
36
37
37
38
39
40
40
40
40
40
34
32
39
40
40
40
40
40
40
40
40
37
33
32
39
41
40
40
40
40
40
41
40
34
32
32
37
41
41
40
41
41
40
41
37
32
32
32
36
40
40
40
40
40
41
39
33
32
32
32
35
40
40
40
40
40
43
36
32
32
32
32
34
40
40
41
40
40
127
127
127
127
127
127
127
127
127
127
127
127
127
127
127
127
127
127
127
127
127
127
127
127
127
127
127
127
127
127
127
127
127
127
127
127
127
127
127
127
127
127
127
127
127
127
127
127
127
127
127
127
127
127
127
127
127
127
127
127
127
127
127
127
127
127
127
127
127
127
127
127
104
120
127
127
127
127
127
127
127
127
110
99
65
69
78
98
120
127
123
101
84
75
71
70
43
43
43
44
47
44
47
44
44
45
46
47
39
39
39
37
33
29
35
37
38
39
40
40
40
40
41
41
35
32
40
41
40
40
40
40
41
41
41
39
33
32
40
42
41
41
40
41
41
42
40
34
32
31
37
42
42
41
42
42
42
42
37
32
32
32
37
41
40
41
41
41
42
40
33
32
32
32
35
40
40
41
41
41
43
37
32
32
32
32
35
40
40
42
41
40
