92
88
83
78
76
74
72
71
74
76
78
82
96
92
87
82
79
77
76
76
78
81
84
88
102
98
93
89
85
83
82
83
85
89
92
96
109
105
101
96
93
92
91
92
94
98
102
106
120
115
110
106
103
101
101
103
105
110
115
120
121
124
125
122
120
117
118
121
123
125
124
121
101
108
114
119
123
122
124
123
118
114
109
103
66
70
78
89
100
110
110
98
87
79
74
70
44
44
44
46
42
89
71
44
47
46
47
47
42
42
40
37
43
127
94
34
40
41
42
42
43
43
43
37
74
127
127
40
42
43
43
43
43
42
42
41
118
127
127
52
40
43
43
43
42
43
39
64
127
127
127
73
39
42
43
43
41
42
39
111
127
127
127
98
39
41
42
43
40
39
61
127
127
127
127
124
43
41
43
42
41
37
90
127
127
127
127
127
51
41
44
42
104
100
96
91
88
85
83
83
85
87
91
95
108
104
99
95
92
89
88
88
90
92
96
100
114
110
106
101
98
96
95
96
98
101
105
109
122
118
114
110
106
104
103
105
107
110
115
118
127
127
123
119
116
113
113
115
118
123
127
127
127
127
127
127
127
127
127
127
127
127
127
125
102
110
120
127
127
127
127
127
126
119
110
103
66
70
77
90
106
113
114
99
86
78
73
71
42
42
42
43
46
43
45
45
43
43
45
45
39
39
37
37
36
30
32
37
37
38
39
39
40
40
39
40
38
32
33
40
40
40
40
40
40
40
40
40
36
31
33
40
40
40
40
40
40
40
40
39
33
32
33
38
41
40
40
40
39
39
40
36
32
32
32
37
41
40
40
40
38
39
39
33
32
32
32
35
40
40
40
38
39
40
37
32
32
32
32
33
40
41
40
38
127
127
127
127
127
127
127
127
127
127
127
127
127
127
127
127
127
127
127
127
127
127
127
127
127
127
127
127
127
127
127
127
127
127
127
127
127
127
127
127
127
127
127
127
127
127
127
127
127
127
127
127
127
127
127
127
127
127
127
127
127
127
127
127
127
127
127
127
127
127
127
127
101
115
127
127
127
127
127
127
127
127
113
100
65
68
75
93
115
126
127
105
86
75
71
70
43
43
43
43
47
45
47
45
43
44
45
46
40
40
38
37
37
30
32
37
38
39
40
40
41
41
40
41
39
32
34
41
40
40
40
40
41
40
40
41
36
31
33
40
40
40
41
41
40
41
41
40
33
32
33
39
42
40
41
41
39
40
41
37
32
32
32
37
42
40
40
40
39
40
40
33
32
32
32
36
41
40
41
40
40
40
38
32
32
32
32
34
40
41
42
40
