92
88
84
79
76
74
73
73
73
76
78
82
96
92
87
83
79
77
76
77
78
81
84
88
102
98
93
89
85
83
82
83
85
89
92
96
110
106
102
97
94
92
91
92
94
98
102
106
120
116
110
106
103
101
101
103
105
110
114
118
120
123
124
123
120
117
117
120
123
125
125
122
99
106
113
118
122
123
123
123
120
116
110
103
65
70
76
87
99
108
112
99
87
80
74
70
44
44
44
45
44
70
91
43
46
46
47
47
41
41
41
40
33
86
127
46
37
41
41
42
43
43
43
43
38
116
127
81
37
43
43
43
43
44
43
42
47
127
127
127
44
43
43
43
44
43
44
40
68
127
127
127
70
39
43
44
45
44
44
40
93
127
127
127
116
39
43
43
44
44
43
44
122
127
127
127
127
62
41
43
43
43
42
51
127
127
127
127
127
92
39
43
105
101
96
92
88
85
85
83
85
87
91
95
109
105
100
96
92
89
89
88
90
92
96
100
115
111
106
102
98
96
95
96
98
101
105
109
123
119
114
110
106
104
103
104
106
110
114
118
127
127
123
119
116
113
113
115
117
123
127
127
125
127
127
127
127
127
127
127
127
127
127
127
99
109
117
126
127
127
127
127
127
120
111
103
65
68
75
87
103
111
115
103
87
79
73
70
42
42
42
43
44
45
44
45
43
43
45
45
38
38
38
37
37
33
30
37
38
38
39
40
40
40
40
40
40
35
31
37
41
40
40
40
40
40
40
40
40
34
31
35
41
40
40
40
40
41
40
41
39
33
32
33
39
40
41
41
41
41
41
41
37
32
32
32
35
40
41
40
41
41
42
41
35
32
32
32
33
39
41
40
40
40
42
41
34
31
32
32
32
38
41
40
127
127
127
127
127
127
127
127
127
127
127
127
127
127
127
127
127
127
127
127
127
127
127
127
127
127
127
127
127
127
127
127
127
127
127
127
127
127
127
127
127
127
127
127
127
127
127
127
127
127
127
127
127
127
127
127
127
127
127
127
127
127
127
127
127
127
127
127
127
127
127
127
98
112
127
127
127
127
127
127
127
127
116
103
65
68
73
89
111
123
127
111
88
77
72
70
43
43
43
43
45
45
45
46
43
44
45
45
39
39
39
38
37
32
29
36
38
39
40
40
40
41
41
41
41
35
31
38
42
41
40
40
41
42
41
41
40
34
31
35
42
42
41
41
42
41
41
43
40
32
32
33
40
41
41
42
42
42
42
42
38
32
32
32
36
41
41
41
42
42
43
42
36
32
32
32
33
40
41
40
41
41
43
42
34
31
32
32
32
38
41
41
