92
89
84
80
77
75
74
73
75
77
79
83
96
92
88
83
80
78
77
77
79
82
85
89
103
99
94
89
86
84
83
84
86
89
92
96
110
106
102
97
94
92
92
92
95
98
102
106
121
116
111
106
103
102
101
103
105
110
114
119
120
123
124
123
120
118
118
120
123
126
125
123
99
106
113
118
122
123
123
123
120
116
110
104
64
69
75
86
99
107
112
100
88
80
73
70
43
44
44
45
46
61
97
44
45
46
46
46
41
42
40
40
38
55
127
73
33
41
41
41
43
43
42
43
41
60
127
127
51
40
43
43
43
42
43
43
40
64
127
127
95
40
43
43
43
41
43
44
40
71
127
127
127
64
37
43
43
42
44
45
40
77
127
127
127
125
49
40
43
43
43
44
40
85
127
127
127
127
93
44
43
43
43
43
40
92
127
127
127
127
127
53
104
101
97
92
89
86
85
84
86
88
92
95
109
105
101
96
92
90
89
89
91
93
97
100
116
111
107
102
99
96
96
96
99
102
106
110
123
120
115
110
107
105
104
105
107
111
115
119
127
127
124
120
116
114
114
116
118
123
127
127
124
127
127
127
127
127
127
127
127
127
127
127
99
107
117
126
127
127
127
127
127
120
113
104
64
68
75
87
102
109
114
106
88
78
73
70
42
42
42
43
44
44
43
46
43
43
43
44
38
38
37
37
37
35
30
34
38
38
38
39
40
40
40
40
40
39
32
34
40
40
40
40
40
40
40
40
40
39
32
32
36
40
40
40
40
39
41
40
40
38
32
32
32
39
40
40
40
39
41
41
41
38
32
32
32
34
40
41
40
40
41
41
41
38
32
32
32
32
37
41
40
41
40
41
41
38
31
32
32
32
34
40
127
127
127
127
127
127
127
127
127
127
127
127
127
127
127
127
127
127
127
127
127
127
127
127
127
127
127
127
127
127
127
127
127
127
127
127
127
127
127
127
127
127
127
127
127
127
127
127
127
127
127
127
127
127
127
127
127
127
127
127
127
127
127
127
127
127
127
127
127
127
127
127
97
110
127
127
127
127
127
127
127
127
117
104
64
67
72
88
110
121
127
114
88
77
71
70
43
43
43
43
45
46
45
47
43
43
44
45
40
40
38
37
37
35
29
34
38
38
40
40
41
41
40
41
41
40
32
35
40
41
40
40
41
40
41
42
41
40
32
32
37
41
41
41
41
40
41
42
41
39
32
32
33
39
41
41
41
40
42
42
42
39
32
32
32
34
40
42
41
41
41
42
42
39
32
32
32
32
37
41
41
42
40
42
42
39
31
32
32
32
34
40
