92
89
84
80
76
75
73
73
74
76
80
82
96
92
88
83
80
78
77
77
78
81
85
88
103
99
94
89
86
84
83
84
86
89
92
96
110
106
102
97
94
92
92
92
95
98
102
106
121
116
111
106
103
101
101
103
105
110
114
119
120
123
124
123
120
118
118
120
123
125
125
122
99
106
113
118
122
123
123
124
120
115
110
104
65
69
76
87
98
106
112
102
87
79
73
70
44
44
44
45
45
62
96
45
44
46
46
46
41
41
40
40
37
52
127
78
33
40
41
42
43
44
43
44
40
50
127
127
59
37
43
43
43
44
43
44
41
49
127
127
113
43
42
43
43
43
44
44
43
48
127
127
127
89
37
43
43
43
43
44
43
47
127
127
127
127
70
37
43
43
43
43
42
47
127
127
127
127
125
58
43
43
43
42
41
47
127
127
127
127
127
91
105
101
96
92
89
86
85
84
86
88
92
95
109
105
100
96
92
90
89
89
91
93
97
100
115
111
106
102
99
96
96
96
99
101
105
110
123
119
115
110
106
105
104
105
107
111
115
119
127
127
124
120
116
114
114
116
118
123
127
127
124
127
127
127
127
127
127
127
127
127
127
127
99
108
117
126
127
127
127
127
127
120
112
104
64
68
75
88
102
109
114
106
87
78
72
69
42
42
42
43
44
44
43
46
43
43
44
44
38
38
37
37
36
35
30
33
38
37
39
39
40
40
40
40
40
39
32
33
40
40
40
40
40
40
40
40
40
40
33
32
36
40
40
40
40
40
40
40
41
40
33
32
32
37
40
40
40
40
40
40
41
40
33
32
32
33
39
41
40
40
40
40
40
40
33
32
32
32
35
40
40
40
41
39
40
39
33
32
32
32
33
38
127
127
127
127
127
127
127
127
127
127
127
127
127
127
127
127
127
127
127
127
127
127
127
127
127
127
127
127
127
127
127
127
127
127
127
127
127
127
127
127
127
127
127
127
127
127
127
127
127
127
127
127
127
127
127
127
127
127
127
127
127
127
127
127
127
127
127
127
127
127
127
127
97
111
127
127
127
127
127
127
127
127
116
103
64
67
73
89
110
121
127
115
87
76
71
69
43
43
43
43
45
46
45
47
43
43
44
45
39
40
38
38
36
35
29
33
39
39
40
40
40
42
40
42
40
40
32
34
40
41
40
40
40
42
41
42
41
40
33
32
37
41
41
40
40
40
41
41
42
40
33
32
33
37
41
41
41
41
41
41
42
40
33
32
32
33
39
43
41
41
41
40
41
40
33
32
32
32
35
41
40
41
42
40
40
40
33
32
32
32
33
39
