92
88
84
79
76
74
73
73
73
76
78
82
96
92
87
82
79
77
76
77
78
81
84
88
102
98
93
89
85
83
82
83
85
89
92
96
110
106
102
97
94
92
91
92
94
98
102
106
120
116
110
106
103
101
101
103
105
110
114
118
120
123
124
122
120
117
118
120
123
125
124
122
99
107
113
119
122
123
122
123
119
115
110
103
65
69
77
88
99
107
111
101
86
78
73
69
44
43
44
45
44
66
95
43
44
46
46
46
41
41
41
40
37
55
127
76
33
40
41
42
43
43
44
43
40
53
127
127
59
37
43
43
43
43
44
43
40
49
127
127
113
43
41
43
43
43
43
43
41
47
127
127
127
96
37
41
43
43
42
43
41
45
127
127
127
127
77
37
45
43
41
43
42
43
127
127
127
127
127
64
48
45
41
42
43
42
127
127
127
127
127
103
105
99
96
92
88
85
85
83
85
87
91
95
109
104
100
96
92
89
89
88
90
92
96
100
115
111
106
102
98
96
95
96
98
101
105
109
123
119
114
110
106
104
103
104
106
110
115
118
127
127
123
119
116
113
113
115
117
123
127
127
125
127
127
127
127
127
127
127
127
127
127
127
99
109
118
127
127
127
127
127
126
119
111
104
65
69
75
89
102
108
114
106
86
77
72
70
42
42
42
43
44
44
43
46
43
43
44
44
38
38
38
37
37
35
30
33
37
37
39
39
40
40
41
40
40
40
32
33
39
40
40
40
40
40
41
40
40
40
33
32
36
40
40
40
40
40
40
40
40
40
33
32
32
37
40
40
41
40
39
40
40
40
34
32
32
33
39
41
41
40
38
40
40
40
34
32
32
32
35
40
42
40
39
39
40
40
34
32
32
32
32
37
127
127
127
127
127
127
127
127
127
127
127
127
127
127
127
127
127
127
127
127
127
127
127
127
127
127
127
127
127
127
127
127
127
127
127
127
127
127
127
127
127
127
127
127
127
127
127
127
127
127
127
127
127
127
127
127
127
127
127
127
127
127
127
127
127
127
127
127
127
127
127
127
98
112
127
127
127
127
127
127
127
127
116
103
64
68
74
91
110
120
127
114
87
75
71
69
43
43
43
43
45
44
44
47
43
43
44
45
39
40
39
37
37
35
29
33
39
39
40
40
40
41
42
40
40
41
32
34
40
41
41
40
41
42
42
40
40
41
33
32
36
41
40
41
41
41
41
41
40
41
34
32
32
39
41
40
41
40
40
40
40
41
34
32
32
34
39
42
43
41
39
40
40
41
34
32
32
31
35
40
44
42
40
40
41
41
34
32
32
32
32
37
