91
87
83
78
75
73
72
71
74
75
79
82
95
91
87
82
79
77
76
76
78
81
85
88
101
97
93
89
85
83
82
83
85
89
92
96
109
105
101
96
93
91
91
92
94
98
102
106
120
114
110
106
103
101
101
103
105
110
115
120
123
125
125
122
120
117
118
120
123
124
123
120
103
110
116
120
122
121
123
123
117
113
107
101
67
71
81
92
99
109
109
99
83
75
71
68
44
44
44
46
44
92
68
43
46
46
46
46
40
41
40
40
34
107
119
42
37
41
42
42
42
43
43
44
37
119
127
85
40
42
43
43
43
43
43
44
38
120
127
127
57
40
43
43
43
43
44
44
40
125
127
127
119
40
43
44
43
43
43
43
41
127
127
127
127
85
39
44
43
43
43
41
43
127
127
127
127
127
62
43
42
42
43
41
44
127
127
127
127
127
97
41
104
99
96
91
87
85
84
83
85
87
91
95
108
103
99
95
91
89
88
88
90
92
96
100
114
110
106
101
97
96
95
96
98
102
106
110
122
118
113
109
106
104
103
105
107
111
116
119
127
127
123
119
115
113
113
115
119
123
127
127
127
127
127
127
127
127
127
127
127
127
127
123
103
113
122
127
127
127
127
127
123
116
107
99
67
71
81
92
103
109
113
103
82
75
70
68
42
43
43
43
44
43
45
46
43
43
43
44
37
38
37
37
37
32
31
37
37
38
38
39
39
40
40
40
40
35
32
37
40
40
40
40
40
40
40
40
40
35
31
33
40
40
40
40
40
40
40
41
40
35
32
32
36
40
41
40
40
41
40
40
40
34
32
32
33
38
41
40
40
40
40
40
40
34
32
32
32
34
40
41
40
40
40
40
39
33
32
32
32
32
37
42
127
127
127
127
127
127
127
127
127
127
127
127
127
127
127
127
127
127
127
127
127
127
127
127
127
127
127
127
127
127
127
127
127
127
127
127
127
127
127
127
127
127
127
127
127
127
127
127
127
127
127
127
127
127
127
127
127
127
127
127
127
127
127
127
127
127
127
127
127
127
127
127
104
120
127
127
127
127
127
127
127
125
110
98
65
69
78
96
111
120
127
109
81
73
69
68
43
43
42
43
45
43
47
47
43
44
44
44
39
40
38
37
37
31
30
37
39
39
40
40
40
41
41
42
40
36
32
38
41
40
40
40
40
41
41
42
41
36
32
33
40
41
40
41
40
41
41
42
41
35
32
32
36
41
42
42
41
42
41
41
40
34
32
32
33
39
42
42
41
41
41
40
40
34
32
32
32
34
40
42
40
40
40
40
40
33
32
32
32
32
37
43
