91
87
83
78
75
73
72
71
74
75
79
82
95
91
86
82
79
77
76
76
78
81
85
88
101
97
92
89
85
83
82
83
85
89
92
96
109
105
101
96
93
91
91
92
94
98
102
106
119
114
110
106
103
101
101
103
105
110
115
120
123
125
124
122
119
117
118
120
123
124
123
120
104
111
116
120
121
120
124
123
116
112
106
99
68
73
82
92
99
109
108
99
82
75
71
68
43
43
45
45
47
98
57
46
46
46
45
46
41
41
40
38
41
127
96
34
40
42
41
42
43
44
43
40
50
127
127
59
39
43
43
43
43
44
43
39
59
127
127
108
41
41
43
43
43
43
43
37
69
127
127
127
71
38
44
43
44
42
42
37
83
127
127
127
127
45
43
43
44
42
42
38
99
127
127
127
127
84
43
43
43
41
42
40
110
127
127
127
127
127
43
41
103
99
96
91
87
85
84
83
85
88
92
95
107
103
99
95
91
89
88
88
90
93
97
100
114
110
106
101
97
96
95
96
98
101
105
110
122
118
113
109
106
104
103
105
107
111
116
119
127
127
123
118
115
113
113
115
119
123
127
127
127
127
127
127
127
127
127
127
127
127
127
123
105
114
123
127
127
127
127
127
123
115
106
99
67
73
82
94
103
109
113
102
82
74
69
68
42
43
43
43
44
42
46
46
43
43
43
44
38
38
37
37
37
30
32
37
37
38
38
39
40
41
40
40
40
33
33
39
40
40
40
40
40
41
40
40
39
33
32
36
40
40
40
40
40
40
40
40
38
33
32
33
40
41
41
40
40
39
39
40
37
32
32
32
35
40
41
40
41
39
39
40
37
32
32
32
33
38
40
40
40
39
40
41
37
32
32
32
32
35
40
40
127
127
127
127
127
127
127
127
127
127
127
127
127
127
127
127
127
127
127
127
127
127
127
127
127
127
127
127
127
127
127
127
127
127
127
127
127
127
127
127
127
127
127
127
127
127
127
127
127
127
127
127
127
127
127
127
127
127
127
127
127
127
127
127
127
127
127
127
127
127
127
127
106
123
127
127
127
127
127
127
127
123
107
96
66
70
81
98
111
120
127
108
79
72
68
67
43
42
43
43
44
43
47
47
43
43
44
44
40
39
38
37
36
30
32
37
38
40
40
40
41
42
40
40
40
33
33
40
40
41
40
40
41
42
40
40
40
33
32
37
41
40
40
41
40
41
40
40
39
33
32
33
40
42
42
41
41
40
40
41
38
32
32
32
36
41
42
41
42
40
40
41
38
32
32
32
33
38
41
41
41
40
40
42
37
32
32
32
32
35
40
40
