91
87
83
79
76
74
73
73
75
77
79
83
95
91
87
82
79
78
77
77
79
82
85
89
101
97
93
89
85
84
83
84
86
89
93
96
109
105
101
97
94
92
92
92
95
99
103
106
119
114
110
106
104
101
101
103
106
111
116
121
126
127
125
123
120
118
118
120
123
123
120
116
108
113
116
120
118
122
125
126
118
109
101
95
69
75
82
89
97
105
106
106
87
72
67
65
44
44
44
40
83
73
47
48
48
45
45
45
41
41
33
64
127
72
37
40
41
41
41
42
43
39
52
122
127
72
38
43
43
43
43
43
41
42
98
127
127
64
38
44
43
43
43
43
35
82
127
127
127
61
40
43
44
44
45
45
71
127
127
127
127
56
40
42
43
44
44
44
127
127
127
127
127
51
40
42
43
43
43
43
127
127
127
127
127
49
39
43
43
43
43
44
104
100
96
91
88
85
85
84
86
88
92
96
108
104
99
95
92
89
89
89
91
93
97
101
114
110
106
101
98
96
96
96
99
102
106
110
122
118
114
110
106
104
104
106
108
111
116
120
127
127
123
119
116
114
114
116
120
124
127
127
127
127
127
127
127
127
127
127
127
127
125
118
110
117
123
127
127
127
127
127
123
110
102
94
69
74
82
91
99
105
111
110
86
71
67
65
42
43
43
43
42
43
45
46
46
44
43
43
38
38
38
35
30
34
37
36
38
39
39
39
40
40
40
35
32
38
40
40
40
40
40
40
40
40
37
32
33
38
40
41
40
40
40
40
41
38
33
32
33
39
40
40
41
40
41
40
39
33
32
32
33
39
40
39
40
41
41
40
34
32
32
32
33
39
40
40
40
41
40
40
32
32
32
32
33
38
39
40
40
40
40
40
127
127
127
127
127
127
127
127
127
127
127
127
127
127
127
127
127
127
127
127
127
127
127
127
127
127
127
127
127
127
127
127
127
127
127
127
127
127
127
127
127
127
127
127
127
127
127
127
127
127
127
127
127
127
127
127
127
127
127
127
127
127
127
127
127
127
127
127
127
127
127
124
113
127
127
127
127
127
127
127
127
115
100
92
68
72
82
94
106
116
123
120
85
70
67
65
43
43
43
43
41
43
47
47
46
43
43
44
39
39
38
36
30
34
37
37
39
39
40
40
40
42
40
35
32
39
41
42
40
40
40
40
40
42
37
32
33
39
40
42
41
41
40
41
42
38
33
32
33
40
41
40
42
41
42
42
39
33
32
32
33
39
40
40
41
42
42
42
34
32
32
32
33
39
40
40
41
42
41
42
32
32
32
32
34
39
40
41
41
41
40
41
