95
90
86
82
78
75
74
74
74
77
79
82
99
94
89
85
82
78
78
77
78
81
84
87
105
100
96
91
88
85
84
83
85
88
92
95
112
108
103
99
95
92
92
92
94
97
101
104
124
120
113
109
105
102
101
102
104
107
111
115
117
121
123
123
121
120
119
120
121
124
127
127
94
101
107
111
114
117
116
121
126
127
127
126
64
65
69
75
82
88
94
102
103
105
107
98
43
44
43
44
44
41
80
74
47
48
48
51
41
41
41
41
35
59
127
75
35
40
40
41
43
43
43
43
41
107
127
88
37
43
43
43
43
43
43
40
61
127
127
108
40
43
43
43
44
43
43
38
108
127
127
127
46
43
45
44
45
45
41
58
127
127
127
127
58
42
44
44
45
45
43
102
127
127
127
127
78
40
43
44
46
43
46
127
127
127
127
127
96
38
43
44
106
103
99
94
90
87
85
85
85
87
91
94
111
107
103
98
94
91
89
89
90
92
96
99
118
113
109
104
100
97
96
96
98
100
104
108
126
121
116
112
108
106
104
104
106
110
113
117
127
127
127
122
118
116
114
114
116
120
123
127
120
126
127
127
127
127
127
127
127
127
127
127
94
101
109
116
120
125
127
127
127
127
127
127
64
65
68
74
81
89
96
102
106
109
111
99
43
42
42
42
42
43
41
43
45
45
45
49
39
38
39
38
37
36
30
34
36
36
36
38
40
40
40
41
40
36
32
37
40
40
40
40
40
40
40
41
39
33
32
37
40
40
40
40
40
40
40
40
36
32
32
34
40
40
41
40
40
41
41
38
33
32
32
33
40
41
41
41
40
41
41
36
32
32
32
32
38
41
40
42
41
41
40
34
32
32
32
32
37
40
40
41
127
127
127
127
127
127
127
127
127
127
127
127
127
127
127
127
127
127
127
127
127
127
127
127
127
127
127
127
127
127
127
127
127
127
127
127
127
127
127
127
127
127
127
127
127
127
127
127
127
127
127
127
127
127
127
127
127
127
127
127
127
127
127
127
127
127
127
127
127
127
127
127
91
99
113
127
127
127
127
127
127
127
127
127
64
65
68
71
80
90
102
110
115
119
121
102
43
43
42
42
43
43
41
42
45
46
46
50
39
39
39
39
39
36
30
33
37
36
36
39
40
40
41
42
41
36
31
38
41
40
40
40
41
40
41
42
39
33
31
37
41
41
40
40
41
41
41
40
36
32
32
35
41
42
43
42
42
42
42
39
33
32
32
33
41
43
42
43
42
43
42
36
32
32
32
32
39
42
40
43
43
42
41
34
32
32
32
32
37
41
40
42
