95
91
86
82
78
75
74
74
74
77
79
82
99
95
90
85
82
79
78
77
78
81
84
87
105
101
96
92
88
85
84
83
85
88
92
95
113
109
104
99
96
93
92
92
94
97
101
104
125
120
114
109
105
103
101
102
104
107
111
114
115
120
122
122
121
119
119
120
121
125
127
127
92
98
104
110
113
116
117
118
124
127
127
127
63
64
68
72
78
85
91
99
103
104
106
107
43
44
43
43
45
43
54
90
54
47
47
48
41
41
41
41
40
36
81
127
50
37
40
39
43
43
43
43
42
39
120
127
80
37
43
43
43
44
43
43
41
47
127
127
127
43
42
43
44
45
44
43
40
64
127
127
127
71
39
44
44
45
43
43
39
91
127
127
127
120
43
42
44
45
43
43
41
120
127
127
127
127
72
40
44
44
43
42
44
127
127
127
127
127
107
40
108
103
99
94
90
87
85
85
85
87
91
94
112
107
103
98
94
91
89
89
90
92
96
99
118
114
109
104
100
97
96
96
98
100
104
108
126
122
117
112
108
106
104
104
106
110
113
117
127
127
127
122
118
116
114
114
116
120
123
127
117
123
127
127
127
127
127
127
127
127
127
127
91
98
106
113
119
123
127
127
127
127
127
127
63
64
67
72
78
86
93
99
103
107
110
111
43
42
42
43
42
43
43
41
44
45
45
45
39
38
39
39
37
37
34
30
36
36
36
36
40
40
40
40
40
40
35
32
38
40
40
40
40
40
40
40
40
40
34
32
34
40
40
40
41
41
40
39
40
39
32
32
32
40
41
40
41
42
40
40
41
37
32
32
32
35
40
40
41
41
40
40
41
36
32
32
32
33
38
40
40
40
41
40
40
34
32
32
32
32
37
40
127
127
127
127
127
127
127
127
127
127
127
127
127
127
127
127
127
127
127
127
127
127
127
127
127
127
127
127
127
127
127
127
127
127
127
127
127
127
127
127
127
127
127
127
127
127
127
127
127
127
127
127
127
127
127
127
127
127
127
127
122
127
127
127
127
127
127
127
127
127
127
127
89
96
107
121
127
127
127
127
127
127
127
127
63
64
66
70
77
87
98
106
113
116
118
120
43
43
43
42
42
43
43
41
44
45
45
46
39
39
40
39
37
38
34
30
35
36
37
36
40
40
41
41
40
41
36
32
38
41
41
40
41
41
41
40
40
41
34
32
35
41
40
41
42
42
42
40
41
40
32
32
32
40
42
41
42
43
41
40
42
38
32
32
32
37
41
41
42
43
41
40
42
36
32
32
32
33
39
41
42
42
41
41
41
34
32
32
32
32
37
42
