95
91
86
82
78
75
74
74
74
77
79
82
99
95
90
85
82
79
78
77
78
81
84
87
105
101
96
92
88
85
84
83
85
88
92
95
113
109
104
99
96
93
92
92
94
97
101
104
124
121
116
110
105
103
101
102
104
107
111
114
111
116
120
121
120
120
119
120
122
125
127
127
87
93
100
106
110
114
117
120
120
127
127
127
61
64
65
70
75
82
89
95
102
103
105
106
43
43
44
44
44
45
43
54
99
49
45
48
41
41
42
41
40
40
38
47
127
94
37
33
43
44
43
43
42
43
42
43
127
127
84
46
43
44
43
43
43
43
43
38
94
127
127
84
44
43
42
41
43
45
43
40
60
127
127
127
45
43
42
42
43
44
44
42
42
127
127
127
44
43
43
41
44
44
44
43
38
91
127
127
43
44
43
40
43
45
45
44
41
64
127
127
108
103
99
94
90
87
85
85
85
87
91
94
112
107
103
98
94
91
89
89
90
92
96
99
119
114
109
104
100
97
96
96
98
100
104
108
126
122
117
112
108
106
104
104
106
110
113
117
127
127
127
123
119
116
114
114
116
120
123
127
111
118
124
127
127
127
127
127
127
127
127
127
86
92
100
108
115
120
125
127
127
127
127
127
61
64
65
69
75
82
89
96
101
105
107
110
42
43
42
42
43
43
43
43
41
44
45
45
39
39
38
38
38
38
37
36
30
33
37
36
40
40
40
40
40
40
40
40
34
33
37
40
40
41
40
40
40
40
40
40
37
31
33
37
40
41
40
38
40
41
40
40
40
33
32
33
42
40
40
39
41
40
40
40
40
34
32
32
41
41
40
39
41
40
40
40
40
37
32
32
40
42
41
38
41
41
40
40
41
39
33
32
127
127
127
127
127
127
127
127
127
127
127
127
127
127
127
127
127
127
127
127
127
127
127
127
127
127
127
127
127
127
127
127
127
127
127
127
127
127
127
127
127
127
127
127
127
127
127
127
127
127
127
127
127
127
127
127
127
127
127
127
113
124
127
127
127
127
127
127
127
127
127
127
85
90
99
113
126
127
127
127
127
127
127
127
61
64
65
68
71
80
92
101
110
114
116
118
42
43
43
43
43
43
43
43
41
45
46
45
40
40
40
39
38
39
37
37
30
33
37
37
40
41
41
40
40
41
41
41
34
33
38
41
41
42
41
40
40
41
41
41
37
31
33
38
42
41
40
39
41
43
41
41
40
33
32
33
43
40
41
40
42
42
42
40
41
35
32
32
42
41
41
40
42
41
42
40
41
38
32
32
40
42
41
38
41
42
42
41
42
40
33
32
