93
89
85
81
77
75
74
73
74
77
78
82
97
93
89
84
81
78
77
77
78
81
84
88
104
99
95
90
87
85
83
83
85
88
92
96
113
108
103
98
95
92
92
92
94
97
101
105
123
122
116
109
105
103
101
102
104
107
111
114
108
113
118
120
120
119
119
120
123
126
127
127
85
91
99
105
110
113
116
120
122
125
127
127
61
63
64
68
74
81
88
94
102
104
104
106
43
43
44
43
45
44
45
42
85
84
40
43
42
42
41
40
41
40
40
37
61
117
94
47
43
43
43
43
43
43
43
42
45
103
127
110
43
42
43
44
43
44
43
42
40
43
118
127
42
43
44
44
44
45
44
42
43
41
50
113
43
43
43
43
43
44
44
43
43
43
39
59
42
43
43
43
43
44
44
44
43
43
42
37
41
43
43
43
43
43
43
43
43
43
42
42
106
103
98
93
89
87
85
85
85
87
91
94
110
106
102
97
93
90
89
89
90
92
96
99
117
113
108
103
99
96
96
96
98
100
104
108
125
121
116
111
107
105
104
104
106
110
113
117
127
127
127
123
118
116
114
115
117
120
124
127
109
115
121
126
127
127
127
127
127
127
127
127
84
90
97
106
113
120
125
127
127
127
127
127
61
63
64
68
73
80
89
96
101
106
108
110
42
43
42
42
43
43
43
44
41
42
45
45
39
39
38
38
38
37
37
37
35
31
33
35
40
40
40
40
40
40
40
40
40
37
34
36
40
40
40
40
40
40
40
40
40
40
36
32
40
40
41
41
40
41
40
40
40
40
39
35
40
40
41
40
41
41
41
40
40
40
40
40
40
40
41
40
41
41
41
40
40
40
40
41
39
40
40
40
41
40
40
40
40
40
40
40
127
127
127
127
127
127
127
127
127
127
127
127
127
127
127
127
127
127
127
127
127
127
127
127
127
127
127
127
127
127
127
127
127
127
127
127
127
127
127
127
127
127
127
127
127
127
127
127
127
127
127
127
127
127
127
127
127
127
127
127
109
119
127
127
127
127
127
127
127
127
127
127
83
88
96
108
123
127
127
127
127
127
127
127
61
63
64
67
71
78
90
100
109
113
116
119
42
43
43
43
42
42
43
43
41
43
46
46
40
40
39
39
39
38
37
37
35
31
33
36
41
41
40
41
41
41
40
41
41
37
34
37
41
40
40
42
41
41
40
40
41
41
36
32
40
40
42
42
42
43
42
40
41
41
40
35
40
41
42
41
42
43
42
41
41
41
40
40
40
41
41
41
42
42
42
42
41
41
40
41
40
40
40
41
42
41
41
41
40
41
40
40
