85
82
78
74
71
71
71
71
74
76
80
83
89
85
82
78
76
75
75
76
78
82
85
89
95
92
89
85
83
82
82
84
86
90
94
97
103
100
97
94
92
91
92
93
96
99
103
107
115
110
106
104
103
103
103
105
108
112
116
120
120
121
122
121
121
122
123
124
124
127
127
126
100
106
112
115
119
120
125
127
127
127
123
117
65
69
75
82
89
97
105
111
127
113
97
94
44
44
44
45
43
82
71
46
57
57
60
61
42
41
41
40
38
120
106
34
40
42
44
45
43
43
43
42
47
127
127
64
37
41
41
41
43
44
43
41
54
127
127
116
43
40
43
43
42
44
45
40
60
127
127
127
85
36
43
43
43
43
44
40
64
127
127
127
127
61
40
44
43
43
43
38
69
127
127
127
127
113
50
43
42
43
42
37
73
127
127
127
127
127
68
40
97
92
89
85
83
82
82
83
85
89
92
96
101
97
93
90
88
87
87
89
91
94
98
101
107
104
101
98
96
95
95
96
99
103
106
110
116
113
110
106
104
104
104
106
109
113
117
120
127
124
120
118
115
115
116
118
121
125
127
127
124
127
127
127
127
127
127
127
127
127
127
127
101
108
116
123
127
127
127
127
127
127
124
117
65
68
74
82
91
99
106
115
127
115
96
94
42
42
42
43
43
41
43
47
54
54
57
60
39
38
38
37
37
31
32
37
37
39
41
42
40
40
40
40
40
33
33
39
39
38
38
37
40
40
40
40
40
33
32
36
40
40
40
40
40
41
41
41
40
33
32
32
37
40
40
40
40
41
40
41
39
33
32
32
34
40
41
40
40
41
40
41
39
33
32
32
32
37
40
40
40
40
40
40
39
32
32
32
32
33
39
40
127
127
127
127
127
127
127
127
127
127
127
127
127
127
127
127
127
127
127
127
127
127
127
127
127
127
127
127
127
127
127
127
127
127
127
127
127
127
127
127
127
127
127
127
127
127
127
127
127
127
127
127
127
127
127
127
127
127
127
127
127
127
127
127
127
127
127
127
127
127
127
127
99
112
127
127
127
127
127
127
127
127
127
116
65
68
71
81
92
106
114
127
127
119
94
94
43
43
42
43
43
41
43
47
56
55
58
60
40
40
39
38
37
30
31
37
37
39
42
43
41
41
41
40
40
33
33
40
40
39
39
38
40
42
41
41
40
33
32
36
41
40
41
41
40
42
42
42
40
33
32
32
38
42
41
40
40
41
41
42
40
33
32
32
34
41
43
41
40
41
41
42
40
33
32
32
32
37
42
42
40
41
40
41
39
32
32
32
32
33
40
41
