83
80
76
74
71
71
71
71
74
76
80
83
88
85
82
78
76
75
75
77
79
82
85
89
95
92
89
85
83
82
83
85
87
91
95
97
103
100
97
94
92
92
92
94
96
100
104
107
114
110
107
104
103
103
103
106
108
112
116
120
120
122
122
122
122
122
122
124
125
127
127
126
102
107
112
116
120
120
127
127
127
127
123
118
66
69
75
82
89
98
106
114
127
113
99
96
43
43
44
43
47
90
57
50
57
56
61
63
41
41
40
34
89
127
44
40
40
41
44
45
43
43
39
57
127
127
47
41
42
42
40
40
43
43
40
103
127
127
57
40
43
44
43
43
43
40
62
127
127
127
74
37
43
42
43
43
43
43
114
127
127
127
96
37
43
42
43
43
41
72
127
127
127
127
119
40
44
43
43
43
41
109
127
127
127
127
127
43
44
44
42
42
96
92
89
85
83
82
82
83
85
89
92
96
100
97
93
90
88
87
87
89
91
94
98
101
107
104
101
98
96
95
95
96
99
103
106
110
116
113
110
106
104
104
104
106
109
113
117
120
127
124
120
118
115
116
116
118
121
125
127
127
125
127
127
127
127
127
127
127
127
127
127
127
102
110
116
123
127
127
127
127
127
127
125
117
66
69
75
82
91
99
106
119
127
115
99
96
42
42
42
43
43
41
43
47
54
53
58
61
38
38
37
37
33
30
36
36
37
38
41
43
40
40
40
39
33
33
40
40
39
39
37
37
40
40
41
37
32
33
40
40
40
40
40
40
40
40
40
33
32
32
38
40
40
40
40
40
40
40
36
32
32
32
37
40
40
40
40
40
41
39
33
32
32
32
36
41
42
40
40
40
42
37
32
32
32
32
35
41
42
41
40
40
127
127
127
127
127
127
127
127
127
127
127
127
127
127
127
127
127
127
127
127
127
127
127
127
127
127
127
127
127
127
127
127
127
127
127
127
127
127
127
127
127
127
127
127
127
127
127
127
127
127
127
127
127
127
127
127
127
127
127
127
127
127
127
127
127
127
127
127
127
127
127
127
102
114
127
127
127
127
127
127
127
127
127
116
66
68
72
81
92
105
114
127
127
119
96
96
43
43
43
43
43
40
43
49
56
54
59
62
40
39
38
38
33
30
36
37
37
39
42
43
41
40
41
40
33
33
41
41
40
40
38
38
41
41
42
36
32
33
40
41
41
41
40
41
41
42
40
33
32
32
39
40
40
40
41
41
42
42
37
32
32
32
38
41
41
41
41
41
42
40
33
32
32
32
37
42
43
41
41
40
42
37
32
32
32
32
36
42
43
42
40
40
