83
80
76
74
71
71
71
71
74
76
80
83
88
85
82
78
76
75
75
77
79
82
85
89
95
92
89
85
83
82
83
85
87
91
95
97
103
100
97
94
92
92
92
94
96
100
104
107
114
110
107
104
103
103
103
106
108
112
116
120
120
121
122
121
122
122
123
123
125
127
127
127
102
106
112
115
119
120
126
127
127
127
125
119
66
70
75
81
87
97
105
113
127
115
101
97
44
44
44
41
47
89
59
50
57
54
61
64
41
42
38
38
102
119
42
40
40
41
44
45
43
42
39
78
127
127
39
42
42
42
40
40
43
40
55
127
127
120
40
43
43
43
43
43
40
42
120
127
127
121
41
45
44
44
44
43
37
91
127
127
127
122
41
45
44
44
44
43
71
127
127
127
127
123
40
44
44
43
43
43
120
127
127
127
127
125
39
43
43
43
43
43
96
92
89
85
83
82
82
83
85
89
92
96
100
97
93
90
88
87
87
89
91
94
98
101
107
104
101
98
96
95
95
96
99
103
106
110
116
113
110
106
104
104
104
106
109
113
117
120
127
123
120
118
116
116
116
118
121
125
127
127
124
127
127
127
127
127
127
127
127
127
127
127
101
108
116
122
127
127
127
127
127
127
127
118
66
69
74
81
89
98
105
118
127
118
100
97
42
42
42
43
43
41
43
47
54
53
58
62
38
39
38
37
33
32
36
37
37
38
41
43
40
40
40
38
33
34
40
40
39
40
38
37
40
40
40
33
32
35
40
40
40
40
40
40
40
40
36
32
32
35
41
40
41
41
41
40
40
37
33
32
31
36
41
40
41
40
41
40
37
33
32
32
31
36
40
40
41
40
41
40
36
32
32
32
32
35
40
41
41
40
40
41
127
127
127
127
127
127
127
127
127
127
127
127
127
127
127
127
127
127
127
127
127
127
127
127
127
127
127
127
127
127
127
127
127
127
127
127
127
127
127
127
127
127
127
127
127
127
127
127
127
127
127
127
127
127
127
127
127
127
127
127
127
127
127
127
127
127
127
127
127
127
127
127
101
113
126
127
127
127
127
127
127
127
127
117
65
68
71
80
91
103
113
127
127
125
98
96
43
43
42
43
43
41
44
49
56
54
59
62
39
40
39
39
33
31
36
36
37
38
42
43
40
41
41
38
33
34
41
40
40
40
39
38
40
41
40
33
31
35
41
41
40
41
41
41
41
40
36
32
31
36
42
42
42
42
42
40
40
37
33
32
31
36
42
42
42
41
42
40
38
33
32
32
31
36
41
42
42
41
41
40
37
32
32
32
32
35
40
42
42
40
40
41
