98
94
89
85
82
78
77
76
77
77
79
82
102
98
93
89
85
82
80
79
81
82
85
88
108
104
99
95
91
89
86
85
87
89
92
96
116
112
107
103
99
96
94
94
95
98
101
105
123
120
116
111
107
105
104
104
106
110
116
121
127
127
127
125
122
120
120
120
121
120
117
113
123
127
127
127
123
122
118
114
110
104
97
90
92
103
111
110
108
98
89
81
73
68
64
62
53
52
42
64
93
48
44
44
43
43
43
42
42
33
50
121
100
37
39
41
40
40
40
40
37
55
110
127
88
38
43
43
44
43
43
43
50
110
127
127
54
40
43
42
44
43
43
43
127
127
127
120
40
42
43
42
43
44
43
44
127
127
127
82
40
43
42
42
43
43
44
43
127
127
127
53
43
43
42
42
43
43
43
44
127
127
126
40
43
43
42
43
43
43
43
45
111
107
103
98
94
89
89
88
88
89
92
95
115
111
106
102
97
94
92
92
92
94
97
100
121
117
113
108
103
101
99
98
99
102
105
108
127
125
120
116
112
109
107
106
108
110
114
117
127
127
127
124
120
118
116
117
120
123
127
127
127
127
127
127
127
127
127
127
127
126
120
114
127
127
127
127
127
127
127
120
113
105
96
89
90
103
116
114
109
101
90
80
72
67
64
62
50
49
47
45
43
44
43
42
42
41
41
41
40
38
36
31
32
37
37
37
38
38
38
38
40
38
36
32
37
40
40
40
41
40
40
40
39
35
32
33
39
41
40
40
41
40
40
40
34
32
32
35
40
40
40
40
40
40
40
40
32
32
32
38
41
40
39
40
40
41
41
40
32
32
33
40
41
40
39
40
40
41
40
41
32
32
34
41
41
40
39
40
40
40
40
42
127
127
127
127
127
127
127
127
127
127
127
127
127
127
127
127
127
127
127
127
127
127
127
127
127
127
127
127
127
127
127
127
127
127
127
127
127
127
127
127
127
127
127
127
127
127
127
127
127
127
127
127
127
127
127
127
127
127
127
127
127
127
127
127
127
127
127
127
127
127
127
117
127
127
127
127
127
127
127
127
122
106
94
87
89
106
127
127
119
108
93
78
70
65
64
62
51
50
49
46
43
44
43
42
41
41
42
42
40
39
35
30
32
37
37
38
39
38
40
39
40
39
36
32
38
41
40
41
42
40
41
40
40
35
32
33
40
41
40
40
42
41
41
41
34
32
32
36
42
40
40
40
41
42
41
41
32
32
32
39
43
40
40
40
41
41
42
41
32
32
33
41
43
40
40
41
41
41
41
42
32
32
35
43
42
40
40
41
41
40
40
43
