82
80
77
75
73
71
71
72
75
78
81
83
87
85
82
79
77
76
76
78
80
82
86
89
95
92
89
86
84
84
84
85
88
91
94
98
106
100
98
95
93
93
93
95
97
101
104
107
123
119
112
108
105
105
105
107
110
113
116
119
110
113
117
120
122
123
125
126
127
127
127
127
85
92
99
106
111
118
126
127
127
127
127
127
61
63
64
69
75
83
98
115
125
117
113
110
43
43
43
44
44
45
46
50
103
71
47
55
41
41
42
41
40
40
40
38
75
118
85
44
43
43
43
43
43
43
43
41
51
115
127
99
44
44
43
43
43
43
43
43
38
50
127
127
43
42
43
43
44
43
43
45
43
42
59
127
43
43
43
43
45
44
44
44
44
43
40
68
42
42
43
43
45
44
45
44
44
45
42
37
40
41
42
43
44
44
45
44
43
45
44
43
95
92
88
86
84
82
83
84
86
89
92
96
99
97
94
91
89
88
88
89
92
94
98
101
108
104
102
99
96
96
96
98
100
103
107
110
117
113
110
108
106
106
106
108
110
114
117
120
126
126
123
121
119
118
118
120
123
125
127
127
110
116
121
127
127
127
127
127
127
127
127
127
85
92
99
108
116
125
127
127
127
127
127
127
61
63
64
68
74
83
99
120
124
122
115
110
42
43
42
42
43
43
43
47
47
50
54
56
39
39
38
38
38
37
36
36
34
32
35
39
40
40
40
40
40
40
40
40
39
34
33
34
40
40
40
40
40
40
40
40
40
40
34
32
40
40
41
40
41
40
40
40
41
41
40
35
40
40
41
40
41
40
40
41
41
41
42
40
39
40
40
40
41
40
40
42
41
41
41
41
38
39
39
40
41
41
41
41
40
42
40
40
127
127
127
127
127
127
127
127
127
127
127
127
127
127
127
127
127
127
127
127
127
127
127
127
127
127
127
127
127
127
127
127
127
127
127
127
127
127
127
127
127
127
127
127
127
127
127
127
127
127
127
127
127
127
127
127
127
127
127
127
110
120
127
127
127
127
127
127
127
127
127
127
84
89
97
110
127
127
127
127
127
127
127
127
61
63
64
67
71
83
105
127
127
127
119
109
42
43
43
43
42
43
44
49
47
50
54
55
40
39
40
39
39
37
37
36
33
32
35
40
42
40
41
40
41
40
41
40
40
35
33
36
42
41
41
41
41
41
41
40
41
40
35
32
40
40
41
42
42
41
41
42
42
42
41
35
40
40
42
41
42
41
42
43
42
42
42
40
40
40
41
41
42
41
42
43
42
42
41
42
39
40
40
40
42
42
42
42
41
43
41
41
