96
93
89
85
81
78
75
75
75
76
78
82
101
97
92
88
84
81
79
78
79
81
84
86
108
103
99
94
90
87
85
85
85
88
91
95
115
111
106
102
98
95
93
92
94
96
100
106
123
119
115
110
106
104
103
103
105
110
118
123
127
127
127
125
122
120
120
119
119
118
114
110
127
127
127
126
124
120
116
112
107
101
93
86
97
108
111
111
104
95
85
78
70
65
63
61
50
43
59
97
57
43
44
44
43
43
41
41
42
78
113
80
42
39
39
41
41
41
40
40
96
127
118
57
41
43
42
43
43
43
43
43
127
127
55
37
44
43
43
42
43
43
43
43
127
61
40
43
43
43
43
43
43
44
43
43
71
41
42
45
45
42
42
42
43
44
44
45
39
42
45
46
46
42
41
42
43
44
43
44
44
43
44
45
45
42
42
43
43
43
42
43
110
106
102
97
93
89
88
87
86
88
91
94
114
110
106
101
96
93
92
91
91
93
96
99
121
116
112
107
103
100
98
97
98
100
103
108
127
124
120
115
111
107
106
106
106
109
113
117
127
127
127
123
120
117
116
116
118
123
126
126
127
127
127
127
127
127
127
127
127
122
116
110
127
127
127
127
127
127
123
116
109
100
92
85
96
112
116
112
106
97
86
76
69
65
63
61
51
50
46
43
44
43
42
41
40
41
41
41
39
34
31
33
37
37
37
38
37
38
38
38
35
33
35
39
40
40
40
40
40
40
40
40
32
34
40
40
40
40
40
40
40
40
40
40
33
39
40
40
40
40
40
40
40
40
40
40
39
41
40
40
41
40
39
39
40
41
41
41
42
41
40
40
40
40
39
40
40
41
40
41
41
41
40
41
40
39
39
40
40
40
40
40
127
127
127
127
127
127
127
127
127
127
127
127
127
127
127
127
127
127
127
127
127
127
127
127
127
127
127
127
127
127
127
127
127
127
127
127
127
127
127
127
127
127
127
127
127
127
127
127
127
127
127
127
127
127
127
127
127
127
127
127
127
127
127
127
127
127
127
127
127
127
122
111
127
127
127
127
127
127
127
127
115
99
90
85
95
120
127
124
116
103
87
75
68
65
63
61
52
50
47
43
44
43
42
42
41
41
41
40
40
34
30
33
36
37
37
39
39
39
39
39
36
34
36
40
42
42
40
41
42
41
40
40
32
35
41
41
42
42
40
40
42
41
41
41
34
40
41
40
41
40
40
40
41
42
41
41
40
41
42
42
42
40
40
40
41
42
42
42
43
41
42
43
43
40
40
40
41
42
41
42
42
42
42
42
42
40
40
40
41
41
40
41
