82
79
76
74
71
71
71
71
74
77
80
82
86
84
81
78
76
75
75
77
79
82
85
88
94
91
89
86
84
83
83
85
87
91
94
96
104
100
97
96
93
92
93
95
97
100
103
106
122
117
111
108
105
105
106
106
109
111
114
117
111
115
120
122
124
125
123
124
127
127
127
127
87
95
103
110
117
125
127
127
127
127
127
127
61
64
66
71
82
96
117
123
118
112
108
107
43
43
44
43
45
46
50
76
95
57
50
60
42
41
41
41
40
40
39
48
91
111
71
40
43
43
43
43
43
43
43
39
69
122
121
88
43
42
43
43
43
43
43
42
37
64
127
127
43
43
42
42
42
43
43
43
42
40
61
127
44
43
43
43
43
42
43
43
42
39
41
66
44
43
45
45
43
43
43
43
42
43
42
36
43
43
47
45
43
46
45
43
43
43
43
43
94
90
88
85
83
82
82
83
85
89
92
95
99
96
93
91
89
88
88
89
91
94
97
100
107
104
101
99
96
96
96
97
99
103
106
109
116
113
110
108
106
106
106
107
110
113
116
118
127
127
123
121
118
118
118
120
122
124
127
127
111
118
124
127
127
127
127
127
127
127
127
127
86
94
103
113
123
127
127
127
127
127
127
127
61
64
66
71
81
98
122
123
122
115
109
106
42
43
42
43
42
43
49
49
49
54
57
59
39
39
38
39
37
36
37
36
34
33
37
41
40
40
40
40
40
40
40
40
38
33
33
35
40
40
40
40
40
40
40
40
41
39
34
33
40
40
40
40
39
40
40
40
40
40
39
34
41
40
40
40
39
40
40
40
39
39
40
38
41
40
40
40
40
40
40
40
40
40
40
40
41
40
41
41
40
42
41
40
41
41
40
40
127
127
127
127
127
127
127
127
127
127
127
127
127
127
127
127
127
127
127
127
127
127
127
127
127
127
127
127
127
127
127
127
127
127
127
127
127
127
127
127
127
127
127
127
127
127
127
127
127
127
127
127
127
127
127
127
127
127
127
127
113
124
127
127
127
127
127
127
127
127
127
127
85
91
103
120
127
127
127
127
127
127
127
127
61
64
65
69
80
103
127
127
127
118
108
104
42
43
43
43
42
43
50
49
49
54
57
60
40
39
40
40
38
37
36
36
33
33
38
42
41
40
41
41
41
41
40
40
39
34
33
35
41
40
40
41
41
41
41
40
42
40
34
32
41
41
40
40
40
41
41
41
40
40
39
34
42
40
41
41
40
40
41
41
40
40
41
39
42
40
43
43
40
41
42
41
40
40
41
41
41
41
43
43
41
43
43
40
42
42
41
41
