82
79
76
74
71
71
71
71
74
76
79
82
87
84
81
78
76
75
76
77
79
82
85
88
95
92
89
86
84
83
84
85
87
90
93
96
104
101
98
96
94
93
93
95
97
99
103
105
120
115
110
108
106
106
106
106
109
110
113
116
116
120
123
126
126
124
123
125
127
127
127
127
94
101
109
116
125
127
127
127
127
127
127
126
64
66
71
80
94
115
123
119
113
109
107
106
43
44
44
44
46
49
73
96
56
50
61
65
41
41
41
40
40
38
46
97
113
60
36
40
43
43
43
43
43
42
39
75
127
120
70
43
43
43
43
43
43
43
43
37
99
127
127
84
43
43
43
44
45
44
44
41
46
123
127
127
43
43
43
44
45
44
43
43
38
65
127
127
43
44
45
44
45
44
43
43
41
38
87
127
43
45
45
44
44
43
43
42
42
41
44
124
94
90
88
85
83
82
82
83
85
89
92
94
99
96
93
91
89
88
88
89
91
94
97
99
107
105
101
99
96
96
96
97
99
103
106
109
116
114
111
109
106
106
106
107
110
113
116
118
127
127
123
121
119
118
119
120
122
124
127
127
117
123
127
127
127
127
127
127
127
127
127
127
92
101
111
123
127
127
127
127
127
127
127
127
64
66
70
79
96
120
124
121
116
109
106
105
43
42
42
43
43
47
49
49
53
57
59
63
39
38
38
37
37
36
36
33
33
38
42
43
40
40
40
40
40
40
40
37
32
33
37
37
40
40
40
40
40
40
40
40
37
32
33
37
40
40
40
40
41
41
41
40
40
36
31
33
40
40
40
41
40
41
40
40
41
39
33
31
40
40
41
41
41
41
40
40
40
41
37
33
40
40
42
41
42
41
40
40
40
41
40
35
127
127
127
127
127
127
127
127
127
127
127
127
127
127
127
127
127
127
127
127
127
127
127
127
127
127
127
127
127
127
127
127
127
127
127
127
127
127
127
127
127
127
127
127
127
127
127
127
127
127
127
127
127
127
127
127
127
127
127
127
123
127
127
127
127
127
127
127
127
127
127
127
89
99
116
127
127
127
127
127
127
127
127
127
63
65
68
77
99
127
127
127
119
109
104
104
43
43
42
43
44
49
49
49
54
57
60
63
39
40
39
38
37
36
36
33
33
39
43
43
40
41
40
40
41
40
40
37
33
33
37
37
41
41
41
40
41
40
41
41
37
31
33
37
41
41
41
41
42
42
42
40
40
36
31
33
41
41
41
42
41
41
41
41
41
40
33
31
41
41
42
42
42
41
41
41
41
42
37
33
41
42
43
42
43
42
40
40
40
42
41
35
