82
79
76
74
71
71
71
71
74
76
78
82
87
85
82
79
77
76
76
77
79
82
85
87
95
92
89
87
85
84
84
85
87
89
92
95
105
102
99
96
94
93
93
94
96
99
101
104
118
113
111
108
106
106
106
106
108
110
113
116
120
123
127
127
126
123
124
125
125
126
126
126
99
107
114
123
127
127
127
127
127
127
126
124
65
70
76
89
110
122
120
113
111
108
106
105
43
44
44
45
47
65
101
54
53
61
64
68
41
41
40
40
39
43
115
106
46
36
44
47
43
43
43
43
43
38
103
127
97
50
36
39
43
44
43
44
44
40
61
127
127
101
48
41
43
43
43
43
43
41
43
126
127
127
114
49
43
42
43
43
43
43
38
88
127
127
127
120
43
42
42
42
44
44
40
56
127
127
127
127
42
42
42
41
43
43
42
38
127
127
127
127
94
91
88
85
83
82
82
83
85
89
92
94
99
97
93
91
89
88
88
89
91
94
96
99
107
105
102
99
96
96
96
97
99
102
105
108
116
113
111
109
106
106
106
107
110
112
115
117
127
127
124
121
119
119
119
120
121
124
127
127
124
127
127
127
127
127
127
127
127
127
127
127
99
109
119
127
127
127
127
127
127
127
127
124
65
68
75
89
113
124
121
117
110
107
106
105
42
42
42
43
47
49
47
52
55
58
62
66
38
38
37
37
37
36
33
33
39
41
42
43
40
40
40
40
40
40
36
31
35
37
38
37
40
40
40
40
41
41
39
32
32
37
41
40
40
40
40
41
40
40
40
35
31
33
36
40
40
40
40
41
41
40
40
37
31
32
33
36
40
40
40
40
42
41
40
38
33
32
32
33
40
39
40
38
41
40
40
39
33
32
32
32
127
127
127
127
127
127
127
127
127
127
127
127
127
127
127
127
127
127
127
127
127
127
127
127
127
127
127
127
127
127
127
127
127
127
127
127
127
127
127
127
127
127
127
127
127
127
127
127
127
127
127
127
127
127
127
127
127
127
127
127
127
127
127
127
127
127
127
127
127
127
127
127
98
113
127
127
127
127
127
127
127
127
127
124
64
68
74
91
123
127
127
123
111
105
103
105
43
43
43
43
48
50
47
53
56
59
62
66
39
40
38
37
37
37
31
33
40
42
43
44
40
42
40
40
41
41
37
31
35
38
40
38
41
42
41
41
42
42
40
32
32
37
42
41
40
40
41
42
41
40
41
34
31
32
37
41
41
40
40
41
42
41
41
37
32
31
33
36
41
40
40
40
42
42
41
39
33
32
32
33
40
40
40
39
42
41
41
40
33
32
32
32
