82
79
76
74
71
71
71
71
74
76
79
82
87
85
82
79
77
76
76
77
79
82
85
87
95
92
89
87
85
84
84
85
87
89
92
95
104
102
99
96
94
93
93
94
96
99
102
105
116
114
110
108
106
106
106
106
108
110
113
118
122
126
127
127
125
124
124
124
125
125
126
127
103
110
117
126
127
127
127
127
127
127
126
123
68
71
80
96
116
121
116
114
110
107
106
104
43
44
44
46
50
102
61
54
58
62
66
70
41
41
40
37
44
127
89
35
43
44
46
47
43
43
43
39
61
127
127
48
39
42
41
40
43
44
44
38
80
127
127
85
39
44
44
43
43
43
42
38
101
127
127
127
46
40
43
43
43
42
41
41
123
127
127
127
85
37
43
42
43
42
40
51
127
127
127
127
127
51
42
42
42
43
39
61
127
127
127
127
127
73
40
42
94
92
89
85
83
82
82
83
85
89
92
94
99
97
94
91
89
88
88
89
91
94
97
99
108
106
102
99
97
96
96
97
99
102
106
108
117
115
112
110
107
106
106
107
110
112
115
117
127
127
124
121
119
119
119
119
121
124
127
127
127
127
127
127
127
127
127
127
127
127
127
127
104
113
123
127
127
127
127
127
127
127
126
123
67
71
79
97
120
121
120
116
109
106
105
104
42
43
43
44
48
46
50
53
56
60
64
68
38
38
37
37
36
30
33
38
39
41
43
45
40
40
40
40
39
32
33
38
38
38
37
37
40
41
40
41
38
32
32
37
40
40
41
40
40
40
40
40
37
32
32
34
39
40
40
40
40
40
39
40
35
32
32
32
37
40
40
40
40
39
39
39
33
32
32
32
35
40
40
40
39
40
40
40
33
32
32
32
33
40
41
40
127
127
127
127
127
127
127
127
127
127
127
127
127
127
127
127
127
127
127
127
127
127
127
127
127
127
127
127
127
127
127
127
127
127
127
127
127
127
127
127
127
127
127
127
127
127
127
127
127
127
127
127
127
127
127
127
127
127
127
127
127
127
127
127
127
127
127
127
127
127
127
127
105
120
127
127
127
127
127
127
127
127
127
120
65
69
78
102
127
127
127
119
109
104
104
104
43
43
42
44
50
47
50
54
56
61
64
68
39
40
38
37
36
30
33
39
40
43
43
45
40
41
41
41
40
31
33
39
40
40
38
38
41
42
41
42
39
32
33
38
41
42
42
41
40
41
40
41
37
32
32
34
40
40
41
40
41
40
40
40
35
32
32
32
38
41
41
40
40
40
40
40
33
32
32
32
34
41
41
40
40
40
40
40
33
32
32
32
32
40
42
40
