82
79
76
74
71
71
71
71
74
76
79
82
87
85
82
79
77
76
76
77
79
82
85
87
95
92
89
87
85
84
84
85
87
89
92
95
104
102
99
96
94
93
93
94
96
99
102
105
116
114
110
108
106
106
106
106
108
110
114
119
123
127
127
127
125
124
124
124
125
125
126
126
105
112
118
127
127
127
127
127
127
127
125
122
68
73
80
100
116
120
115
113
109
107
106
105
44
44
44
44
62
99
53
55
58
63
67
71
41
40
40
33
92
127
41
41
43
44
46
47
43
43
39
54
127
127
50
40
41
40
40
40
43
43
40
94
127
127
65
41
43
43
44
43
43
40
54
127
127
127
85
38
44
43
44
44
43
41
105
127
127
127
106
38
45
44
44
45
41
67
127
127
127
127
127
41
44
43
43
45
40
100
127
127
127
127
127
46
42
43
43
44
94
92
89
85
83
82
82
83
85
89
92
94
99
97
94
91
89
88
88
89
91
94
97
99
108
106
102
99
97
96
96
97
99
102
106
108
117
115
112
110
107
106
106
107
110
112
115
117
127
127
124
121
119
119
119
120
121
124
127
127
127
127
127
127
127
127
127
127
127
127
127
127
106
115
125
127
127
127
127
127
127
127
125
122
67
72
81
103
122
120
118
114
109
106
105
104
42
43
43
45
48
46
50
53
56
61
65
69
38
38
37
37
33
30
37
38
40
41
43
44
40
40
40
39
33
32
38
39
38
37
37
37
40
40
40
37
32
32
38
40
40
40
40
40
40
40
40
33
32
32
37
41
40
40
40
41
41
41
37
32
32
32
36
41
41
41
40
41
41
40
33
32
32
32
35
41
41
40
40
41
42
37
32
32
32
32
33
40
41
40
40
42
127
127
127
127
127
127
127
127
127
127
127
127
127
127
127
127
127
127
127
127
127
127
127
127
127
127
127
127
127
127
127
127
127
127
127
127
127
127
127
127
127
127
127
127
127
127
127
127
127
127
127
127
127
127
127
127
127
127
127
127
127
127
127
127
127
127
127
127
127
127
127
127
108
123
127
127
127
127
127
127
127
127
127
119
66
71
79
110
127
127
127
117
108
104
104
105
43
42
42
46
48
47
51
54
57
61
65
70
40
38
38
37
32
30
37
38
40
42
44
45
41
40
41
40
33
32
40
40
39
38
38
37
41
41
41
37
32
32
40
42
40
41
42
41
41
41
40
34
32
32
37
42
41
41
42
42
42
42
37
32
32
32
37
42
42
42
41
42
42
40
33
32
32
32
35
42
42
41
41
42
42
37
32
32
32
32
33
41
42
40
41
43
