82
79
76
74
71
71
71
71
74
76
79
82
87
85
82
79
77
76
76
77
79
82
85
87
95
92
89
87
85
84
84
85
87
89
92
95
104
102
99
96
94
93
93
94
96
99
102
105
116
113
110
108
106
106
106
106
109
110
115
121
124
126
127
126
125
124
124
124
124
125
126
127
106
113
122
127
127
127
127
127
127
127
124
121
69
74
88
111
115
116
112
111
109
106
105
104
43
44
41
46
92
75
51
56
58
64
68
72
40
33
46
103
112
50
39
42
43
45
47
48
40
58
103
127
99
40
41
42
42
41
40
40
57
115
127
127
49
40
43
43
43
43
43
43
127
127
127
85
38
43
43
42
43
43
42
42
127
127
127
50
40
45
44
43
44
44
43
42
127
127
87
40
44
45
44
43
45
45
43
43
127
127
50
43
45
44
43
43
44
45
43
43
94
91
88
85
83
82
82
83
85
89
92
94
99
96
93
91
89
88
88
89
91
94
96
99
107
105
103
99
96
96
96
97
99
102
105
108
116
114
112
109
106
106
106
107
110
112
115
117
127
127
123
121
119
119
119
120
122
124
127
127
127
127
127
127
127
127
127
127
127
127
127
127
108
116
127
127
127
127
127
127
127
127
124
120
68
72
89
117
117
117
115
112
108
106
105
104
42
42
43
47
46
47
51
53
57
61
66
71
38
39
37
32
31
36
37
38
40
42
43
46
40
39
36
33
36
40
39
39
37
38
37
36
38
35
32
33
40
40
40
40
40
40
40
40
34
32
32
37
40
40
40
40
40
40
40
39
32
32
35
40
40
41
40
40
41
41
40
39
32
33
38
42
42
42
40
40
41
41
40
40
32
33
40
42
42
41
41
40
40
40
41
41
127
127
127
127
127
127
127
127
127
127
127
127
127
127
127
127
127
127
127
127
127
127
127
127
127
127
127
127
127
127
127
127
127
127
127
127
127
127
127
127
127
127
127
127
127
127
127
127
127
127
127
127
127
127
127
127
127
127
127
127
127
127
127
127
127
127
127
127
127
127
127
127
111
126
127
127
127
127
127
127
127
127
123
117
68
70
90
127
127
126
121
113
106
104
104
104
43
42
44
48
46
47
51
54
57
62
67
71
40
40
37
31
32
36
37
40
40
43
45
46
41
40
37
33
37
40
40
40
40
39
37
37
40
36
31
33
40
41
41
40
41
41
40
40
34
32
32
37
40
41
41
40
41
41
40
40
32
32
34
41
41
42
42
40
42
42
40
40
32
33
39
43
41
43
42
40
42
43
40
40
32
34
41
43
42
42
41
40
41
42
41
42
