98
94
89
85
81
78
76
75
75
76
78
82
102
98
93
89
85
82
79
78
79
81
84
86
108
104
99
95
91
87
85
85
85
88
91
95
116
112
107
103
99
95
93
93
94
96
100
107
123
120
116
111
107
105
103
103
106
111
119
122
127
127
127
125
123
121
120
120
119
116
113
107
127
127
127
127
126
120
116
111
106
99
90
83
99
110
112
113
103
94
85
76
69
64
62
61
45
52
80
83
48
45
44
43
43
42
41
41
82
99
82
54
39
40
40
40
41
40
40
40
113
103
67
41
43
44
43
43
43
43
43
43
99
48
37
43
44
44
42
42
43
43
44
43
43
42
43
43
43
45
43
43
43
42
43
43
38
41
43
43
43
44
43
43
43
43
43
43
44
43
43
43
43
43
43
42
43
42
43
43
45
43
44
44
44
44
43
41
40
41
43
43
111
107
103
97
93
89
88
87
88
89
92
94
115
111
106
101
97
93
92
91
92
93
96
99
121
117
113
107
103
100
98
97
98
100
104
108
127
125
120
116
111
109
106
106
106
109
113
119
127
127
127
124
120
117
116
116
119
123
125
124
127
127
127
127
127
127
127
127
126
120
113
107
127
127
127
127
127
127
123
115
107
98
90
83
99
114
116
112
106
96
85
75
68
64
63
61
52
48
44
43
44
43
42
41
40
40
41
41
36
33
33
35
36
37
37
38
38
37
38
37
33
36
38
40
40
40
40
40
40
40
40
40
37
40
40
41
40
40
40
40
40
40
40
40
40
40
40
40
41
41
40
41
40
40
40
40
40
40
40
40
40
40
40
40
40
40
40
40
40
40
40
40
40
40
40
39
40
40
40
40
41
40
41
40
40
41
40
38
38
38
41
41
127
127
127
127
127
127
127
127
127
127
127
127
127
127
127
127
127
127
127
127
127
127
127
127
127
127
127
127
127
127
127
127
127
127
127
127
127
127
127
127
127
127
127
127
127
127
127
127
127
127
127
127
127
127
127
127
127
127
127
127
127
127
127
127
127
127
127
127
127
127
117
107
127
127
127
127
127
127
127
127
111
96
87
83
99
121
127
123
116
102
85
73
67
64
63
61
52
49
46
44
45
43
42
42
41
41
41
40
37
33
33
35
36
37
37
39
39
39
39
38
34
37
39
41
41
42
40
41
41
41
41
40
37
40
41
42
42
42
40
40
41
41
42
41
41
40
41
41
42
43
40
42
41
40
41
41
40
40
41
41
41
42
41
41
41
41
41
41
41
40
41
41
41
41
41
40
40
40
41
41
42
41
42
41
42
42
41
39
39
39
41
41
