82
79
76
74
71
71
71
71
74
76
78
82
87
85
82
79
77
76
76
77
79
82
85
87
95
92
89
87
85
84
84
85
87
89
92
95
104
102
99
96
94
93
93
94
96
99
101
105
116
113
110
108
106
106
106
106
109
110
115
121
124
126
127
127
124
124
124
125
124
125
126
127
106
113
126
127
127
127
127
127
127
127
124
121
69
74
96
111
114
116
111
110
108
106
105
104
43
43
40
50
93
72
51
55
58
63
68
72
35
33
59
111
96
47
40
42
43
44
47
47
48
75
123
127
75
40
42
42
42
40
40
40
89
127
127
92
37
43
43
43
43
43
44
44
127
127
111
44
42
43
42
43
44
44
43
44
127
127
57
38
43
43
43
43
43
43
42
43
127
78
35
42
43
43
45
43
42
40
41
43
110
40
40
43
42
44
45
43
42
40
42
43
94
91
88
85
83
82
82
83
85
89
92
94
99
97
93
91
89
88
88
89
91
94
97
99
107
105
102
99
96
96
96
97
99
102
106
108
116
113
111
109
106
106
106
107
110
112
115
117
127
127
123
120
119
119
119
120
122
124
127
127
127
127
127
127
127
127
127
127
127
127
127
127
108
116
127
127
127
127
127
127
127
127
125
120
68
72
98
117
116
116
113
110
106
106
106
104
42
42
44
47
44
47
50
53
56
61
67
71
38
39
35
32
32
36
38
38
40
42
43
45
40
39
35
34
37
40
40
39
39
37
37
37
37
33
32
37
40
41
40
40
40
40
40
41
33
31
36
41
41
40
40
40
41
41
40
41
31
34
38
40
41
41
40
40
40
40
40
40
33
38
40
40
40
41
40
40
39
38
39
40
36
40
40
40
39
41
41
40
39
37
40
40
127
127
127
127
127
127
127
127
127
127
127
127
127
127
127
127
127
127
127
127
127
127
127
127
127
127
127
127
127
127
127
127
127
127
127
127
127
127
127
127
127
127
127
127
127
127
127
127
127
127
127
127
127
127
127
127
127
127
127
127
127
127
127
127
127
127
127
127
127
127
127
127
110
126
127
127
127
127
127
127
127
127
123
117
67
70
103
127
127
123
119
111
105
103
105
104
43
43
45
48
45
48
51
54
57
61
67
71
40
40
36
31
32
37
38
39
41
43
44
46
40
39
36
33
38
41
40
40
40
38
38
37
37
33
32
37
42
42
41
40
41
41
42
42
33
31
36
42
42
41
40
40
42
42
41
42
31
35
39
40
41
42
40
41
41
40
40
41
33
39
40
40
40
42
42
41
40
39
40
40
37
41
40
40
40
42
43
41
40
37
40
41
