82
78
76
74
72
71
71
72
75
77
80
82
87
84
82
79
77
76
76
77
79
82
85
88
95
92
89
87
85
84
84
85
87
90
93
96
104
102
99
96
94
93
94
95
97
99
103
106
116
113
110
108
106
106
106
107
109
111
115
121
124
127
127
127
125
125
125
125
125
125
126
127
106
113
127
127
127
127
127
127
127
127
124
121
69
75
99
111
114
115
110
109
107
106
105
104
43
43
40
50
93
72
51
55
58
63
68
72
33
34
63
111
92
47
39
42
43
44
46
47
50
78
125
127
71
40
42
42
42
40
40
40
99
127
127
79
37
43
43
43
43
43
43
44
127
127
92
41
43
44
43
43
43
43
44
44
127
114
49
40
44
43
43
42
43
43
44
43
127
58
36
44
43
43
43
42
43
43
43
43
68
35
41
43
43
43
43
42
43
43
42
43
94
92
89
85
83
82
82
84
86
89
91
95
99
97
94
91
89
88
88
89
92
94
97
100
107
105
103
100
98
96
96
97
99
103
106
109
116
114
112
110
107
106
106
107
110
113
116
118
127
127
123
121
119
119
119
120
122
125
127
127
127
127
127
127
127
127
127
127
127
127
127
127
108
117
127
127
127
127
127
127
127
127
124
120
68
74
103
116
115
115
112
109
106
106
104
104
42
42
46
47
44
48
50
53
56
61
65
71
38
38
35
32
32
37
38
38
40
41
43
46
39
37
34
34
37
40
40
39
39
37
37
37
37
33
32
38
40
40
41
40
40
40
40
40
33
32
37
40
41
41
41
40
40
41
40
40
32
36
40
41
41
40
40
40
40
41
41
40
34
39
40
41
41
40
40
39
40
41
40
40
37
40
39
40
40
40
40
40
40
40
40
40
127
127
127
127
127
127
127
127
127
127
127
127
127
127
127
127
127
127
127
127
127
127
127
127
127
127
127
127
127
127
127
127
127
127
127
127
127
127
127
127
127
127
127
127
127
127
127
127
127
127
127
127
127
127
127
127
127
127
127
127
127
127
127
127
127
127
127
127
127
127
127
127
110
127
127
127
127
127
127
127
127
127
123
118
66
71
110
127
125
123
117
110
104
103
104
104
43
43
45
48
45
48
51
54
57
61
66
71
40
40
35
31
32
37
38
39
41
43
43
47
40
38
35
34
38
41
40
40
40
39
37
38
37
33
32
39
42
42
42
40
41
41
40
42
33
32
38
42
42
42
41
40
41
42
42
42
32
37
41
42
42
41
40
40
41
42
42
41
35
40
40
42
41
40
40
40
41
42
41
41
38
40
40
41
40
41
41
40
41
41
40
40
