82
79
76
74
71
71
71
71
74
76
79
82
87
85
82
78
76
75
76
77
79
82
85
88
95
92
89
86
84
83
84
85
87
90
93
96
103
100
98
96
94
93
93
95
97
99
103
106
115
112
109
107
106
106
106
106
109
111
115
120
123
126
127
126
124
124
124
125
125
125
127
127
106
113
127
127
127
127
127
127
127
126
124
121
68
76
103
110
113
114
109
107
106
105
103
103
44
44
42
43
86
82
50
54
57
62
66
71
37
33
50
101
105
55
39
41
42
44
45
47
47
70
113
127
89
42
42
42
41
41
40
40
84
127
127
106
39
42
44
44
43
43
43
43
127
127
114
45
41
43
43
43
42
43
44
44
127
127
58
37
43
43
43
43
43
43
43
42
127
74
35
42
43
42
43
42
44
44
43
41
92
39
41
43
42
42
42
41
43
43
43
41
94
91
87
85
83
82
82
83
85
89
92
94
99
96
93
91
89
88
88
89
91
94
98
99
107
105
102
99
96
96
96
97
99
103
106
108
116
114
111
109
106
106
106
107
110
112
114
117
127
126
122
120
119
118
119
120
122
125
127
127
127
127
127
127
127
127
127
127
127
127
127
127
106
119
127
127
127
127
127
127
127
127
123
120
67
75
106
115
114
113
112
108
105
104
103
103
42
42
46
47
45
47
50
54
55
60
64
69
39
38
36
33
32
36
37
39
39
41
43
44
40
39
36
34
37
40
40
39
38
37
37
37
37
34
32
37
40
40
41
41
40
40
40
40
33
31
35
40
40
40
40
40
40
40
41
41
31
35
38
40
40
40
40
40
40
40
40
40
34
39
40
40
40
39
40
40
41
40
40
39
37
41
40
40
39
39
40
39
41
41
41
39
127
127
127
127
127
127
127
127
127
127
127
127
127
127
127
127
127
127
127
127
127
127
127
127
127
127
127
127
127
127
127
127
127
127
127
127
127
127
127
127
127
127
127
127
127
127
127
127
127
127
127
127
127
127
127
127
127
127
127
127
127
127
127
127
127
127
127
127
127
127
127
127
110
127
127
127
127
127
127
127
127
127
124
117
66
74
113
126
123
121
116
109
103
102
103
103
43
43
46
47
45
47
51
53
56
60
65
70
40
40
36
32
32
36
38
39
40
43
43
46
40
40
37
34
38
40
40
40
39
39
37
38
38
34
32
37
42
41
42
42
40
41
40
41
33
31
35
40
41
41
41
41
40
40
42
42
31
35
39
41
41
40
40
41
41
41
41
40
34
40
40
41
40
40
40
40
42
41
41
39
37
42
40
40
40
40
40
40
42
41
41
39
