82
79
76
74
71
71
71
71
74
77
80
82
86
84
81
78
76
75
75
77
79
82
85
88
94
91
89
86
84
83
83
85
87
90
94
96
103
99
97
96
93
92
93
95
97
100
103
106
116
111
108
106
105
105
105
107
110
112
115
119
120
123
125
124
123
123
124
126
127
127
127
127
101
108
123
127
127
127
127
127
127
126
124
121
66
70
94
110
109
110
108
106
103
103
101
100
44
43
47
49
46
75
86
50
56
58
62
65
41
41
40
38
35
109
120
40
42
43
44
46
43
43
42
37
67
127
127
43
40
42
41
41
42
43
40
45
122
127
127
49
40
43
43
45
43
43
37
94
127
127
127
51
40
41
41
43
44
39
70
127
127
127
127
54
41
42
42
43
41
55
124
127
127
127
127
57
41
43
43
43
38
83
127
127
127
127
127
59
41
43
44
43
94
90
88
85
83
82
82
83
85
88
92
95
99
96
93
91
89
88
88
89
91
93
97
100
106
104
101
99
96
96
96
97
99
103
106
110
116
113
110
108
106
106
106
107
110
113
116
119
127
125
122
119
118
118
118
120
122
126
127
127
124
127
127
127
127
127
127
127
127
127
127
127
101
111
127
127
127
127
127
127
127
127
125
121
66
69
96
113
112
111
110
106
103
101
100
100
42
42
44
46
46
46
47
50
53
57
60
64
38
38
37
36
37
32
32
39
39
40
42
43
40
40
40
40
38
33
33
39
39
39
38
37
40
40
40
40
34
32
33
40
40
41
40
40
40
40
41
37
32
32
33
40
40
39
39
40
41
41
39
33
32
32
33
40
41
39
40
40
40
40
35
32
32
32
33
40
41
40
41
40
40
37
33
32
32
32
33
40
41
40
41
40
127
127
127
127
127
127
127
127
127
127
127
127
127
127
127
127
127
127
127
127
127
127
127
127
127
127
127
127
127
127
127
127
127
127
127
127
127
127
127
127
127
127
127
127
127
127
127
127
127
127
127
127
127
127
127
127
127
127
127
127
127
127
127
127
127
127
127
127
127
127
127
127
99
116
127
127
127
127
127
127
127
127
127
120
65
67
100
124
122
120
115
108
102
99
99
100
43
43
44
47
47
46
47
51
53
57
61
64
39
40
37
36
37
32
32
39
40
41
43
43
40
41
40
40
40
33
33
40
40
40
39
39
40
41
40
40
36
32
33
40
41
42
41
42
41
42
43
37
32
32
33
40
41
40
40
40
42
42
40
33
32
32
33
41
42
40
40
41
41
40
35
32
32
32
33
41
42
40
41
41
40
38
33
32
32
32
33
41
42
41
42
41
