82
79
76
74
71
71
71
71
74
77
80
82
86
84
81
78
76
75
75
77
79
82
85
88
94
91
89
86
84
83
83
85
87
90
93
96
103
99
97
95
93
92
93
95
97
100
103
106
115
111
108
106
105
105
105
107
110
112
116
119
120
123
125
123
123
123
125
126
127
127
127
127
102
110
125
127
127
127
125
127
127
125
123
120
66
72
99
109
108
110
106
103
102
101
99
99
43
43
47
49
47
70
89
49
55
58
61
64
40
40
40
40
35
71
127
58
38
43
44
46
43
43
43
43
37
96
127
96
38
40
40
40
44
43
44
43
43
127
127
127
49
42
43
43
43
43
43
38
63
127
127
127
75
40
45
43
43
43
42
37
96
127
127
127
116
40
44
44
43
43
41
47
127
127
127
127
127
56
42
43
43
44
40
58
127
127
127
127
127
76
39
43
94
91
87
85
83
82
82
83
85
88
92
95
99
96
92
90
88
88
88
89
91
93
97
100
106
104
101
98
96
96
96
97
99
103
106
110
116
113
110
108
106
106
106
107
110
113
116
119
127
124
121
119
117
117
118
120
123
126
127
127
124
127
127
127
127
127
127
127
127
127
127
127
101
113
127
127
127
127
127
127
127
127
124
120
65
71
102
113
111
110
108
105
102
99
99
99
42
43
44
46
46
45
47
50
53
55
59
63
38
38
37
36
37
34
30
37
39
40
41
43
40
40
40
40
40
37
30
35
39
39
37
37
41
40
40
40
40
35
31
34
40
40
40
40
40
40
40
41
39
33
32
32
38
41
41
41
41
40
40
41
37
32
32
32
36
41
40
41
41
40
40
39
35
32
32
32
33
40
40
41
40
41
40
37
33
32
32
32
32
40
41
40
127
127
127
127
127
127
127
127
127
127
127
127
127
127
127
127
127
127
127
127
127
127
127
127
127
127
127
127
127
127
127
127
127
127
127
127
127
127
127
127
127
127
127
127
127
127
127
127
127
127
127
127
127
127
127
127
127
127
127
127
127
127
127
127
127
127
127
127
127
127
127
127
99
120
127
127
127
127
127
127
127
127
127
120
64
69
109
123
120
117
113
106
100
97
98
99
43
43
45
47
47
46
46
50
52
56
60
63
40
39
37
36
37
35
30
38
40
41
42
43
41
40
41
40
41
37
30
37
40
40
38
38
42
41
42
41
41
35
31
34
41
41
41
40
41
41
40
41
39
33
32
32
40
42
42
41
42
41
41
41
37
32
32
32
36
42
41
42
42
42
41
40
35
32
32
32
33
41
41
41
41
43
41
38
33
32
32
32
32
40
41
40
