82
79
76
74
71
71
71
71
74
77
80
82
86
84
81
78
76
75
75
77
79
82
85
88
94
91
89
86
84
83
83
85
87
90
93
96
103
99
97
95
93
92
93
95
97
100
103
106
114
110
107
106
105
105
105
107
110
113
116
120
123
125
124
124
123
124
125
126
126
127
127
126
105
118
127
127
127
126
126
127
125
124
121
119
68
85
107
106
107
108
103
101
100
99
98
97
44
45
49
48
49
85
73
48
56
58
62
64
41
40
40
40
36
95
127
48
40
43
44
46
43
43
43
43
37
112
127
87
37
41
41
41
43
43
43
42
40
127
127
127
50
40
44
44
44
44
43
42
51
127
127
127
89
37
42
43
43
44
45
40
70
127
127
127
127
50
41
43
43
44
45
40
92
127
127
127
127
90
42
43
43
45
43
40
109
127
127
127
127
127
44
43
94
91
87
85
83
82
82
83
85
88
92
95
99
96
92
90
88
88
88
89
91
93
97
100
106
104
101
98
96
96
96
97
99
103
106
110
116
113
110
108
106
106
106
107
110
113
116
119
127
124
120
119
117
117
118
120
123
126
127
127
127
127
127
127
127
127
127
127
127
127
127
127
106
124
127
127
127
127
127
127
127
127
122
118
66
87
111
110
110
108
105
102
100
99
97
97
42
43
45
45
46
44
47
50
53
56
60
63
38
38
36
36
37
33
32
37
39
40
42
43
40
40
40
40
40
36
31
36
39
39
37
38
40
40
40
40
40
35
31
34
40
40
40
41
41
40
40
40
39
33
32
32
37
40
40
40
40
40
41
41
39
32
32
32
33
40
40
40
40
40
41
41
38
32
32
32
32
37
41
40
40
40
40
41
37
32
32
32
32
35
41
41
127
127
127
127
127
127
127
127
127
127
127
127
127
127
127
127
127
127
127
127
127
127
127
127
127
127
127
127
127
127
127
127
127
127
127
127
127
127
127
127
127
127
127
127
127
127
127
127
127
127
127
127
127
127
127
127
127
127
127
127
127
127
127
127
127
127
127
127
127
127
127
127
108
127
127
127
127
127
127
127
127
127
123
116
64
89
121
120
118
115
109
103
98
96
96
97
43
43
47
45
47
45
47
51
53
57
61
64
39
38
36
36
37
33
31
38
40
42
43
43
40
41
40
40
41
36
31
37
40
40
38
39
40
41
40
40
40
35
31
34
41
41
41
42
42
42
41
41
40
33
32
32
37
41
40
41
41
41
42
42
40
33
32
32
34
40
41
41
41
41
42
43
39
32
32
32
32
38
42
41
41
42
41
42
37
32
32
32
32
35
42
42
