82
80
77
75
72
71
71
72
75
78
81
83
87
85
82
79
77
76
76
78
80
83
86
89
95
92
89
87
85
84
84
85
88
91
94
97
103
100
98
96
94
93
94
96
98
101
104
107
113
110
108
106
106
106
106
108
110
114
116
121
126
127
125
125
124
125
125
126
126
127
126
126
113
127
127
127
127
124
127
127
123
123
120
117
78
103
106
105
107
105
102
100
99
97
96
96
44
48
48
47
62
92
50
53
56
58
61
64
40
40
40
37
52
127
82
36
43
43
45
47
43
43
43
39
62
127
127
48
40
41
40
41
43
43
43
37
83
127
127
83
39
43
43
43
43
43
42
39
108
127
127
127
45
42
43
43
44
42
40
45
127
127
127
127
76
39
43
43
43
42
38
60
127
127
127
127
122
44
42
43
40
41
38
75
127
127
127
127
127
55
40
42
94
92
89
86
84
83
83
84
86
89
92
96
99
97
94
92
89
89
89
89
92
95
98
101
107
105
102
99
97
96
96
98
100
103
107
110
116
113
111
109
106
106
106
108
111
114
116
120
127
123
120
120
118
118
119
121
124
127
127
127
127
127
127
127
127
127
127
127
127
127
127
127
118
127
127
127
127
127
127
127
127
124
120
116
77
107
110
108
107
106
103
99
97
96
96
96
42
45
45
45
45
43
49
50
53
57
61
64
37
36
36
36
36
30
35
38
40
40
43
43
40
40
40
40
39
31
33
38
39
38
38
37
40
40
40
41
38
32
33
38
40
41
40
40
40
40
40
41
36
32
32
35
40
41
40
40
41
40
40
40
34
32
32
33
38
41
40
40
40
40
39
38
33
32
32
32
35
40
40
40
37
39
40
37
32
32
32
32
33
40
40
39
127
127
127
127
127
127
127
127
127
127
127
127
127
127
127
127
127
127
127
127
127
127
127
127
127
127
127
127
127
127
127
127
127
127
127
127
127
127
127
127
127
127
127
127
127
127
127
127
127
127
127
127
127
127
127
127
127
127
127
127
127
127
127
127
127
127
127
127
127
127
127
127
127
127
127
127
127
127
127
127
127
127
120
113
77
116
120
117
115
112
106
99
96
95
96
96
43
46
45
45
45
44
49
51
54
57
61
64
38
36
36
36
35
30
35
40
40
41
43
44
40
41
41
41
40
31
33
39
40
39
39
38
41
41
41
42
39
32
32
38
42
42
40
41
41
40
41
42
37
32
32
35
42
42
41
41
42
40
40
40
34
32
32
33
39
42
40
40
40
40
40
39
33
32
32
32
35
41
40
40
38
40
40
37
32
32
32
32
33
40
41
40
