82
79
76
74
72
71
71
72
75
77
80
83
87
85
82
79
77
76
76
78
80
82
86
89
95
92
89
87
85
84
84
85
88
91
94
96
103
101
98
96
93
93
93
96
98
100
103
106
113
111
108
106
106
106
106
108
110
113
118
122
127
127
126
125
124
125
124
126
125
125
125
124
127
127
127
127
124
126
126
125
123
120
118
115
103
106
104
105
105
102
100
99
96
96
95
95
47
48
47
50
89
66
50
54
56
59
63
66
40
40
38
40
121
106
37
42
43
44
46
47
43
43
39
58
127
127
45
41
42
41
40
40
43
43
39
96
127
127
66
40
43
43
42
43
43
42
49
127
127
127
98
39
43
42
44
44
44
39
88
127
127
127
127
41
43
43
45
46
41
51
127
127
127
127
127
54
40
43
44
45
38
71
127
127
127
127
127
69
38
43
43
44
94
92
89
85
83
82
83
84
86
89
92
96
99
97
94
91
89
88
89
89
92
95
98
101
107
105
102
99
96
96
96
98
100
103
107
110
116
113
110
109
106
106
106
108
111
114
117
119
126
123
120
120
118
118
119
121
124
127
127
127
127
127
127
127
127
127
127
127
127
127
127
127
127
127
127
127
127
127
127
127
126
121
117
113
106
109
107
106
106
103
99
97
95
95
95
95
45
45
45
45
43
46
49
50
54
57
61
64
36
36
36
37
31
33
38
39
40
41
43
44
40
40
40
39
33
33
39
39
39
38
37
37
40
40
40
37
32
32
39
40
40
40
40
40
40
41
40
33
32
32
37
41
40
40
40
40
41
41
38
32
32
32
35
40
40
40
40
40
41
40
35
32
32
32
33
39
40
40
40
41
40
39
33
32
32
32
33
38
40
40
40
40
127
127
127
127
127
127
127
127
127
127
127
127
127
127
127
127
127
127
127
127
127
127
127
127
127
127
127
127
127
127
127
127
127
127
127
127
127
127
127
127
127
127
127
127
127
127
127
127
127
127
127
127
127
127
127
127
127
127
127
127
127
127
127
127
127
127
127
127
127
127
127
127
127
127
127
127
127
127
127
127
127
124
116
111
114
118
116
115
112
107
101
96
93
94
95
95
46
46
45
45
43
46
50
52
54
57
61
64
36
37
36
36
31
33
39
40
41
43
43
44
40
41
41
40
33
33
40
40
40
39
38
38
41
41
41
37
32
32
39
41
41
40
40
40
41
42
41
34
32
32
37
43
41
40
41
41
42
42
38
32
32
32
36
41
41
40
42
42
42
41
35
32
32
32
33
40
41
40
42
43
41
40
33
32
32
32
32
39
41
41
41
42
