82
79
76
74
71
71
71
71
74
77
80
82
86
84
81
78
76
75
75
77
79
82
85
88
94
91
89
86
84
83
83
85
87
90
93
96
103
99
97
95
93
92
93
95
97
100
103
107
113
110
107
106
105
105
106
107
110
115
120
125
127
127
125
124
124
124
123
124
123
123
123
121
127
127
126
123
126
125
123
121
119
116
112
109
104
103
102
103
99
99
96
94
93
92
92
92
49
43
52
102
53
49
52
54
57
61
64
68
31
44
107
122
40
40
41
43
43
44
47
47
56
99
127
106
40
42
42
43
42
40
41
40
113
127
127
56
40
43
43
43
43
43
43
43
127
127
110
40
44
43
42
42
43
43
43
41
127
127
65
40
44
43
44
44
43
44
43
42
127
115
41
42
43
43
47
46
44
44
44
43
127
78
37
43
43
45
47
44
46
43
44
44
94
91
87
85
83
82
82
83
85
88
92
95
99
96
92
91
89
88
88
89
91
93
97
100
106
104
101
99
96
96
96
97
99
103
106
110
116
113
110
108
106
106
106
108
110
113
117
120
125
123
120
119
117
118
119
121
124
127
127
127
127
127
127
127
127
127
127
127
127
127
125
122
127
127
127
127
127
127
127
125
121
116
112
109
108
106
104
103
102
99
96
93
92
92
92
92
45
45
44
41
46
48
50
52
55
59
63
66
37
36
32
31
37
38
39
40
40
42
43
45
39
37
33
37
40
40
40
39
39
37
37
37
35
33
33
39
40
40
40
40
40
40
40
40
32
32
36
41
41
40
40
39
40
40
40
39
32
33
39
41
41
40
40
40
40
40
41
39
32
36
41
40
40
40
41
40
42
40
41
40
33
38
41
40
40
40
41
40
42
41
42
40
127
127
127
127
127
127
127
127
127
127
127
127
127
127
127
127
127
127
127
127
127
127
127
127
127
127
127
127
127
127
127
127
127
127
127
127
127
127
127
127
127
127
127
127
127
127
127
127
127
127
127
127
127
127
127
127
127
127
127
127
127
127
127
127
127
127
127
127
127
127
127
123
127
127
127
127
127
127
127
127
124
114
110
106
116
115
113
110
106
100
95
91
91
92
92
92
45
46
44
41
46
48
50
52
55
59
63
67
36
36
31
30
37
38
40
41
41
43
44
46
40
37
33
37
40
40
40
40
40
38
39
38
36
33
33
40
40
40
41
41
41
40
41
41
32
32
36
42
42
40
40
40
40
41
41
40
32
33
40
42
42
40
41
42
40
41
42
40
32
36
41
41
41
41
43
43
42
41
43
41
33
39
41
40
40
42
43
41
43
41
42
42
