85
82
78
75
73
71
71
71
74
77
80
83
89
86
82
79
77
75
75
76
78
82
85
89
96
92
89
85
83
82
82
84
86
89
93
97
104
101
97
94
92
91
91
93
96
100
104
107
113
110
107
104
102
102
103
105
108
113
118
123
124
123
121
120
120
120
122
123
124
124
123
120
110
124
127
125
120
122
121
120
118
114
110
105
72
103
113
105
104
99
92
89
86
83
82
82
44
52
46
46
95
64
44
47
50
51
54
57
37
33
47
103
113
47
38
40
42
43
43
44
43
63
108
127
93
42
42
43
43
43
42
42
71
127
127
124
43
42
43
43
43
43
43
43
127
127
127
55
42
44
44
44
43
42
42
43
127
127
81
40
43
44
44
43
43
44
44
43
127
106
40
40
43
43
43
43
43
45
45
45
127
55
37
43
43
42
43
43
43
45
44
45
97
93
89
86
84
82
82
83
85
88
92
96
102
98
94
91
89
87
87
89
91
93
97
101
109
106
102
98
96
95
95
96
99
103
106
110
116
113
110
106
104
103
104
106
109
113
117
120
127
123
119
116
115
114
116
118
122
127
127
127
127
127
127
127
127
127
127
127
127
127
127
123
113
127
127
127
127
127
127
127
122
116
110
104
71
107
119
110
105
100
94
89
85
83
82
82
43
50
49
46
41
43
43
46
47
50
53
55
38
39
37
32
31
36
37
38
39
40
41
42
40
39
36
33
37
40
40
40
40
39
39
38
37
34
32
35
40
40
40
40
40
40
40
40
33
31
33
40
41
41
41
41
40
40
40
40
32
32
38
41
41
40
41
40
40
40
41
40
33
36
40
41
40
40
40
40
40
41
41
41
33
39
40
40
40
40
40
41
41
41
40
41
127
127
127
127
127
127
127
127
127
127
127
127
127
127
127
127
127
127
127
127
127
127
127
127
127
127
127
127
127
127
127
127
127
127
127
127
127
127
127
127
127
127
127
127
127
127
127
127
127
127
127
127
127
127
127
127
127
127
127
127
127
127
127
127
127
127
127
127
127
127
127
127
120
127
127
127
127
127
127
127
127
120
108
102
69
116
127
121
114
106
97
89
83
82
81
82
42
51
50
46
42
43
44
45
48
50
53
55
39
39
36
31
30
36
37
38
40
41
41
42
40
39
36
33
37
41
40
40
40
40
40
40
38
35
32
36
41
41
40
41
40
40
41
41
33
31
33
40
42
42
42
42
41
40
40
40
32
33
38
42
41
41
42
41
41
41
41
41
33
37
41
41
41
41
41
40
41
42
42
42
33
40
41
40
40
40
40
41
42
42
41
42
