88
84
80
76
74
72
71
71
74
76
80
83
92
88
84
80
78
76
75
76
78
82
85
89
98
94
90
86
84
82
82
84
86
89
93
96
106
103
99
95
92
91
91
92
95
99
103
107
116
112
107
105
102
101
101
103
106
112
116
120
120
123
120
119
119
119
120
123
124
126
124
123
102
111
127
127
125
120
119
120
117
115
111
106
66
75
113
117
106
103
94
89
84
80
78
76
43
45
54
54
46
79
73
42
47
47
50
51
41
41
41
40
34
110
117
39
40
41
43
43
43
43
42
38
55
127
127
52
40
43
42
41
43
44
42
38
96
127
127
69
39
43
42
42
44
44
40
54
127
127
127
89
37
43
44
44
43
43
38
103
127
127
127
108
40
43
45
43
44
42
63
127
127
127
127
127
45
43
45
43
45
41
98
127
127
127
127
127
50
43
45
43
99
96
92
89
85
84
82
83
85
88
92
95
104
100
96
92
89
88
87
88
90
93
97
101
111
107
103
99
96
95
95
96
98
102
106
110
119
115
111
107
105
103
103
105
107
112
116
120
127
124
120
117
114
113
114
116
120
125
127
127
126
127
127
127
127
127
127
127
127
127
127
127
103
115
127
127
127
127
127
127
124
119
112
106
66
75
119
123
109
103
96
89
83
78
77
76
42
43
52
52
45
42
42
43
44
45
47
50
38
38
37
37
37
32
32
37
38
39
40
40
40
40
38
39
40
33
33
40
40
40
40
39
40
40
40
40
37
32
33
39
40
40
40
40
41
41
40
39
33
32
32
37
40
40
40
40
40
40
40
36
32
32
31
37
40
41
41
40
40
41
40
33
32
32
31
35
40
41
42
40
40
42
37
31
32
32
32
34
41
42
42
40
127
127
127
127
127
127
127
127
127
127
127
127
127
127
127
127
127
127
127
127
127
127
127
127
127
127
127
127
127
127
127
127
127
127
127
127
127
127
127
127
127
127
127
127
127
127
127
127
127
127
127
127
127
127
127
127
127
127
127
127
127
127
127
127
127
127
127
127
127
127
127
127
103
124
127
127
127
127
127
127
127
127
114
104
64
74
127
127
120
112
101
90
82
77
75
76
43
43
54
53
46
43
42
44
45
46
48
50
40
39
38
37
37
31
31
37
39
40
40
41
41
41
40
40
40
33
33
40
40
40
40
40
41
42
40
41
37
32
33
39
41
41
40
40
42
42
41
40
34
32
32
38
41
41
42
42
41
42
41
37
32
32
31
37
42
42
43
42
41
42
40
33
32
32
31
35
42
42
43
41
42
43
39
31
32
32
32
34
42
43
43
40
