96
92
89
84
80
77
75
75
75
76
78
82
100
96
92
87
83
81
78
78
79
81
83
87
107
103
98
93
89
87
85
84
85
88
91
95
114
110
106
101
97
94
92
92
94
96
100
104
124
120
115
110
106
103
103
102
104
108
113
118
125
127
127
126
122
117
117
120
122
123
122
120
106
113
119
123
126
126
124
120
116
112
106
99
74
78
85
93
104
123
112
95
84
75
68
64
48
48
47
47
45
101
68
43
45
44
43
43
42
42
41
38
41
127
96
34
40
41
40
41
42
43
43
39
64
127
127
46
41
44
43
43
43
43
43
38
94
127
127
71
38
44
44
43
43
43
42
43
126
127
127
112
39
42
43
43
43
43
40
59
127
127
127
127
56
40
44
43
43
43
40
89
127
127
127
127
91
40
45
45
43
43
40
115
127
127
127
127
123
40
44
47
109
106
101
96
92
89
87
86
87
88
91
94
113
110
105
99
96
93
91
90
91
92
96
99
120
116
111
106
102
99
97
96
98
100
104
107
127
123
119
114
110
106
105
105
107
110
113
116
127
127
127
123
119
116
115
114
117
121
126
127
127
127
127
127
127
127
127
127
127
127
127
123
106
115
123
127
127
127
127
127
123
115
106
99
74
77
83
94
108
127
117
97
83
73
68
64
47
46
45
45
47
51
48
43
42
42
42
42
39
39
38
37
37
32
33
37
37
37
38
38
39
40
40
40
39
31
33
40
40
40
40
40
40
40
40
41
38
32
33
39
40
40
41
40
40
40
40
40
35
32
32
36
40
40
40
40
40
40
40
40
33
32
32
33
40
41
41
41
40
40
40
37
32
32
32
32
37
41
42
41
40
41
41
36
32
32
32
32
34
40
41
40
127
127
127
127
127
127
127
127
127
127
127
127
127
127
127
127
127
127
127
127
127
127
127
127
127
127
127
127
127
127
127
127
127
127
127
127
127
127
127
127
127
127
127
127
127
127
127
127
127
127
127
127
127
127
127
127
127
127
127
127
127
127
127
127
127
127
127
127
127
127
127
127
106
121
127
127
127
127
127
127
127
126
110
96
73
75
82
96
118
127
127
103
83
71
67
64
47
46
46
45
47
54
50
43
43
42
42
42
40
40
39
37
37
31
33
37
37
39
39
39
40
40
41
41
40
31
33
40
40
41
41
40
40
40
42
43
38
32
33
38
41
41
42
41
40
40
41
41
35
32
32
36
41
41
40
41
41
41
42
40
33
32
32
33
40
42
42
42
41
41
42
38
32
32
32
32
38
41
43
42
40
42
42
37
32
32
32
32
35
40
43
43
