99
96
91
86
82
80
77
76
76
78
80
82
103
99
95
90
86
83
81
79
80
82
84
86
110
106
101
96
92
89
87
85
86
88
91
96
117
113
109
104
100
96
95
94
95
97
101
109
125
121
117
113
109
106
104
103
106
112
120
122
127
127
127
126
123
122
120
120
119
116
112
106
127
127
127
127
127
122
116
111
106
98
89
82
98
108
113
114
106
96
86
76
69
64
62
61
50
64
78
76
50
45
45
43
43
42
40
40
89
82
64
50
40
39
40
40
40
40
40
40
94
75
52
40
42
43
43
43
43
43
43
43
50
37
40
43
43
43
43
43
43
42
43
44
43
41
42
43
44
44
44
45
44
42
42
43
43
43
43
43
44
45
43
46
45
42
41
42
43
43
43
43
44
44
43
45
44
43
41
42
43
42
42
43
43
43
44
44
43
45
42
41
113
109
104
99
95
92
89
88
89
89
91
94
116
113
108
103
99
95
92
92
92
93
96
99
123
119
114
109
105
101
99
98
99
100
103
108
127
127
122
117
113
110
107
106
107
109
113
119
127
127
127
126
122
118
117
116
119
123
125
123
127
127
127
127
127
127
127
127
126
120
113
106
127
127
127
127
127
127
124
116
107
97
89
82
96
110
119
113
108
99
86
75
68
64
62
61
52
49
44
44
45
43
42
41
40
40
40
40
37
34
34
35
36
36
37
38
37
38
38
37
36
37
40
40
40
40
40
40
40
40
40
40
40
40
40
40
40
40
40
40
40
40
40
41
40
39
40
40
41
41
40
40
40
40
40
40
40
40
40
40
41
41
41
41
41
40
39
40
40
40
40
40
41
41
41
42
41
40
39
40
41
39
40
40
41
40
41
42
40
42
39
39
127
127
127
127
127
127
127
127
127
127
127
127
127
127
127
127
127
127
127
127
127
127
127
127
127
127
127
127
127
127
127
127
127
127
127
127
127
127
127
127
127
127
127
127
127
127
127
127
127
127
127
127
127
127
127
127
127
127
127
127
127
127
127
127
127
127
127
127
127
127
116
105
127
127
127
127
127
127
127
127
110
95
87
82
95
115
127
127
118
106
87
74
67
64
62
61
53
50
46
45
45
44
42
42
41
41
40
40
37
35
33
36
36
37
37
39
38
39
38
38
36
38
40
41
40
41
41
41
40
40
40
40
40
41
41
40
40
41
41
41
40
40
40
42
40
40
40
41
42
42
41
42
41
40
40
40
41
40
41
41
42
42
42
43
43
40
40
40
41
40
41
41
42
42
42
43
42
41
40
40
42
40
40
41
42
41
42
42
40
43
40
40
