89
85
81
77
75
73
72
73
74
76
80
83
92
89
85
81
78
76
76
77
78
82
85
89
99
95
91
87
85
82
82
84
86
89
93
97
106
103
99
95
92
91
91
93
96
99
104
107
114
112
108
105
102
101
102
104
108
113
117
122
127
125
120
119
119
120
121
123
123
123
121
118
120
127
127
127
122
117
118
116
112
107
103
97
86
106
123
115
104
94
87
82
75
71
68
68
47
50
57
53
74
80
40
44
44
44
46
47
40
40
42
37
65
127
71
34
41
41
42
42
42
43
43
37
68
127
127
51
40
43
43
43
43
44
43
38
75
127
127
92
40
43
43
43
44
44
44
39
85
127
127
127
59
38
43
44
43
44
44
39
97
127
127
127
115
40
41
43
43
44
43
40
110
127
127
127
127
75
40
43
43
43
41
42
120
127
127
127
127
121
42
43
101
97
93
88
86
83
83
83
85
89
92
96
105
101
97
92
90
88
88
89
91
94
98
101
111
107
103
99
97
96
96
96
99
102
106
110
119
116
112
108
106
104
104
106
108
113
117
120
127
124
121
118
115
114
115
117
121
126
127
127
127
127
127
127
127
127
127
127
127
127
126
120
125
127
127
127
127
127
126
121
116
109
103
96
86
109
127
118
104
96
88
80
73
69
68
68
44
47
55
49
43
41
43
43
42
43
44
45
37
37
38
37
34
30
35
38
37
38
39
40
40
40
39
40
39
32
35
40
40
40
40
40
40
40
40
41
39
33
32
37
40
40
40
40
41
40
41
41
38
32
32
33
40
40
40
42
40
41
40
41
37
32
32
32
35
39
40
40
40
41
40
41
37
32
32
32
33
37
40
40
41
41
40
42
36
31
32
32
32
35
40
40
127
127
127
127
127
127
127
127
127
127
127
127
127
127
127
127
127
127
127
127
127
127
127
127
127
127
127
127
127
127
127
127
127
127
127
127
127
127
127
127
127
127
127
127
127
127
127
127
127
127
127
127
127
127
127
127
127
127
127
127
127
127
127
127
127
127
127
127
127
127
127
127
127
127
127
127
127
127
127
127
127
113
101
94
85
118
127
127
114
101
89
79
71
68
68
68
45
49
58
51
43
42
43
43
42
43
44
46
38
37
38
37
34
30
35
39
39
39
40
40
40
41
40
41
39
32
35
40
41
40
40
40
41
42
41
42
39
32
32
37
41
41
40
41
42
42
42
42
39
32
32
34
40
41
40
43
41
42
42
42
38
32
32
32
36
40
40
41
41
42
42
42
37
32
32
32
33
37
40
40
41
42
41
43
36
31
32
32
32
36
41
41
