88
84
80
77
74
72
71
71
74
76
80
83
92
88
84
80
78
76
75
76
78
82
85
89
98
94
90
86
84
82
82
84
86
89
93
96
106
103
99
95
92
91
91
92
95
99
103
107
114
111
108
105
102
101
102
103
108
113
117
122
127
124
120
119
120
120
120
122
122
122
120
116
123
127
127
127
120
118
116
114
110
106
100
95
92
110
123
112
102
92
85
78
72
69
67
67
47
51
56
57
89
58
42
44
43
44
46
47
40
40
40
40
116
110
37
40
40
41
42
42
43
43
39
45
127
127
63
39
43
43
43
43
43
44
39
61
127
127
109
40
43
43
43
43
44
45
39
84
127
127
127
59
39
43
43
43
43
44
40
116
127
127
127
99
40
43
43
45
43
43
50
127
127
127
127
127
54
42
44
45
45
41
62
127
127
127
127
127
74
41
44
44
99
96
92
89
85
84
82
83
85
88
92
95
104
100
96
92
89
88
87
88
90
93
97
101
111
107
103
99
96
95
95
96
98
102
106
110
119
115
111
107
105
103
103
105
108
113
116
120
127
123
120
117
114
114
114
116
121
127
127
127
127
127
127
127
127
127
127
127
127
127
123
118
127
127
127
127
127
127
124
120
113
107
99
94
92
115
127
114
102
94
85
78
72
68
67
67
44
49
55
47
41
43
43
42
42
42
43
45
37
37
38
37
31
32
37
37
37
38
39
40
40
40
38
40
34
33
39
40
40
40
40
40
40
40
40
39
33
32
37
41
40
40
40
40
41
41
40
37
32
32
33
40
41
40
40
40
40
41
40
36
32
32
32
37
41
40
40
40
40
41
40
33
32
32
32
33
40
40
40
41
41
41
39
32
32
32
32
33
39
40
41
42
127
127
127
127
127
127
127
127
127
127
127
127
127
127
127
127
127
127
127
127
127
127
127
127
127
127
127
127
127
127
127
127
127
127
127
127
127
127
127
127
127
127
127
127
127
127
127
127
127
127
127
127
127
127
127
127
127
127
127
127
127
127
127
127
127
127
127
127
127
127
127
123
127
127
127
127
127
127
127
127
122
108
98
92
95
127
127
127
111
99
86
76
70
67
67
67
45
50
57
49
42
43
43
43
42
43
44
45
37
37
38
37
31
32
38
38
39
39
40
40
40
41
39
40
34
33
40
40
40
40
40
40
41
42
40
40
33
32
36
41
41
41
40
40
42
42
41
37
32
32
33
40
42
41
40
41
41
42
41
35
32
32
32
37
42
41
41
42
41
42
40
33
32
32
31
34
40
41
42
43
43
42
40
32
32
32
32
33
40
42
43
43
