88
84
80
77
74
72
71
71
74
76
80
83
92
88
84
80
78
76
75
76
78
82
85
89
98
94
90
86
84
82
82
84
86
89
93
96
106
103
99
95
92
91
91
92
95
99
103
107
114
111
108
105
102
101
102
103
108
113
119
123
127
124
120
120
120
120
120
121
122
121
118
115
124
127
127
125
118
118
116
113
109
104
98
92
96
112
123
112
99
89
84
77
71
68
65
65
47
51
56
69
86
46
44
44
43
44
44
46
40
40
37
74
127
57
37
41
41
41
41
42
43
42
37
108
127
90
37
43
43
43
43
43
43
40
52
127
127
123
40
42
43
43
44
43
42
37
97
127
127
127
50
43
43
42
43
43
38
52
127
127
127
127
71
42
43
43
43
43
39
91
127
127
127
127
99
40
43
44
44
43
43
127
127
127
127
127
120
40
43
44
45
44
99
96
92
89
85
84
82
83
85
88
92
95
104
100
96
92
89
88
87
88
90
93
97
101
111
107
103
99
96
95
95
96
98
102
106
110
119
115
111
107
105
103
103
105
108
113
116
120
127
123
120
117
114
114
114
117
121
126
127
127
127
127
127
127
127
127
127
127
127
127
121
116
127
127
127
127
127
127
123
118
112
104
97
92
97
117
127
113
101
92
84
76
71
68
65
65
45
50
55
46
41
43
43
42
42
42
43
44
37
37
38
34
30
36
37
38
38
38
39
39
40
39
40
35
32
37
40
40
40
40
40
40
40
40
40
33
32
36
40
40
40
40
40
40
39
40
38
32
32
33
40
40
40
40
41
40
39
39
34
32
32
32
39
41
40
40
40
40
39
37
32
32
32
32
37
42
41
42
40
40
40
34
32
32
32
32
36
41
41
42
41
40
127
127
127
127
127
127
127
127
127
127
127
127
127
127
127
127
127
127
127
127
127
127
127
127
127
127
127
127
127
127
127
127
127
127
127
127
127
127
127
127
127
127
127
127
127
127
127
127
127
127
127
127
127
127
127
127
127
127
127
127
127
127
127
127
127
127
127
127
127
127
127
120
127
127
127
127
127
127
127
127
118
104
95
89
100
127
127
126
110
96
83
75
68
66
65
65
45
50
58
47
41
43
43
43
43
43
44
45
37
37
39
33
29
36
37
39
40
39
40
40
41
40
40
37
31
38
40
41
41
40
41
40
41
41
40
34
31
36
41
40
40
41
42
41
40
41
38
32
32
33
41
42
40
40
42
41
40
40
34
32
32
32
40
43
41
41
41
41
40
37
32
32
32
31
37
43
42
43
42
41
40
35
32
32
32
32
36
42
42
43
43
41
