89
85
81
77
75
72
72
71
74
75
79
82
92
89
85
81
78
76
76
76
78
81
85
88
99
95
91
87
84
82
82
84
86
89
92
96
106
103
99
95
92
91
91
92
95
99
103
107
114
112
108
105
102
101
101
103
108
113
120
123
127
125
120
119
120
119
120
121
121
120
116
112
124
127
127
125
120
119
115
112
108
102
95
89
94
106
122
116
99
91
83
75
70
66
64
62
47
50
52
93
71
42
45
44
43
43
43
43
40
34
52
127
89
35
40
40
40
41
41
41
40
46
102
127
100
37
43
43
43
43
43
43
41
82
127
127
90
37
43
43
43
43
43
43
73
127
127
127
83
38
45
43
43
43
42
43
127
127
127
127
73
37
45
43
43
43
43
45
127
127
127
127
64
38
45
44
43
43
44
47
127
127
127
127
57
39
45
44
44
44
45
47
102
98
93
88
86
84
82
83
85
88
92
95
106
102
97
92
90
88
87
88
90
93
97
100
112
108
103
99
96
95
95
96
98
102
106
110
120
116
112
108
105
103
103
105
108
113
116
120
127
124
120
118
115
113
114
117
121
126
127
127
127
127
127
127
127
127
127
127
127
124
119
113
127
127
127
127
127
127
122
116
110
102
94
88
94
110
127
120
103
92
82
75
70
66
64
62
45
47
54
47
43
43
43
42
42
42
43
43
37
37
37
30
33
37
37
37
38
38
39
39
40
40
35
31
37
40
40
40
40
40
40
40
40
37
33
32
37
40
40
40
40
40
40
40
39
33
32
32
37
41
41
40
40
40
40
40
34
32
32
33
37
40
41
41
40
40
40
41
32
32
32
33
37
40
41
41
40
40
40
41
32
32
32
33
38
40
41
41
40
40
41
40
127
127
127
127
127
127
127
127
127
127
127
127
127
127
127
127
127
127
127
127
127
127
127
127
127
127
127
127
127
127
127
127
127
127
127
127
127
127
127
127
127
127
127
127
127
127
127
127
127
127
127
127
127
127
127
127
127
127
127
127
127
127
127
127
127
127
127
127
127
127
127
116
127
127
127
127
127
127
127
127
115
101
92
86
97
120
127
127
111
96
82
72
68
65
64
62
45
48
57
49
43
43
43
43
42
43
43
43
37
37
37
30
33
37
38
39
39
39
40
40
41
40
35
30
37
42
41
41
40
40
41
40
42
38
33
32
37
42
41
41
41
41
40
41
40
33
32
33
38
42
42
41
41
41
40
40
35
32
32
33
38
41
42
42
41
40
41
42
32
32
32
33
38
41
42
42
41
41
42
43
32
32
32
33
39
41
42
41
41
42
43
43
