89
85
82
78
75
73
72
71
74
75
79
82
93
89
85
81
78
76
76
76
78
81
85
88
99
96
92
87
85
82
82
84
86
89
92
96
107
103
99
96
92
91
91
92
95
99
103
107
115
112
108
105
102
101
101
103
107
113
120
123
127
126
120
118
119
119
120
121
121
120
116
112
123
127
127
126
121
119
115
112
108
101
95
88
92
103
118
121
102
92
83
75
70
65
64
61
48
47
50
102
68
42
45
44
43
43
43
43
40
32
67
127
71
34
40
40
41
41
41
41
37
60
124
127
69
38
43
43
43
43
43
43
50
116
127
127
52
40
43
42
43
43
43
43
123
127
127
127
41
42
44
44
43
42
43
43
127
127
127
104
39
43
45
45
45
43
43
43
127
127
127
77
40
44
45
45
46
43
43
43
127
127
127
59
42
44
44
44
45
43
45
43
101
97
94
89
86
83
84
83
85
88
92
95
106
102
98
93
90
88
88
88
90
93
97
100
113
109
104
99
97
95
95
96
98
101
106
110
120
116
113
108
106
103
103
105
108
112
116
120
127
125
121
118
115
113
114
117
121
125
127
127
127
127
127
127
127
127
127
127
127
123
119
113
127
127
127
127
127
127
122
116
110
101
94
88
92
105
124
123
105
92
82
75
69
65
63
62
45
46
53
49
43
43
42
42
42
42
42
43
37
37
36
30
34
37
37
37
39
38
38
39
40
38
33
31
39
40
40
40
40
40
40
40
39
35
32
33
40
40
40
40
40
40
40
40
34
32
32
35
40
40
40
40
40
39
40
40
32
32
32
37
41
41
40
41
40
40
40
40
32
32
32
39
42
41
40
41
42
40
40
40
32
32
33
40
43
41
40
42
42
40
41
40
127
127
127
127
127
127
127
127
127
127
127
127
127
127
127
127
127
127
127
127
127
127
127
127
127
127
127
127
127
127
127
127
127
127
127
127
127
127
127
127
127
127
127
127
127
127
127
127
127
127
127
127
127
127
127
127
127
127
127
127
127
127
127
127
127
127
127
127
127
127
126
114
127
127
127
127
127
127
127
127
114
101
92
85
92
113
127
127
115
97
82
72
68
65
64
61
45
46
56
51
43
43
43
43
42
43
43
42
38
37
35
30
33
37
37
38
39
40
39
40
40
39
33
31
39
41
40
40
41
41
41
40
40
35
32
33
40
41
41
40
41
41
42
41
35
32
32
35
41
41
41
42
40
40
41
41
33
32
32
37
42
42
42
43
42
40
40
41
32
32
32
39
42
42
42
43
43
40
41
41
32
32
33
41
43
42
42
43
43
41
43
40
