92
88
84
79
76
74
73
73
74
76
79
82
96
92
88
83
80
78
77
77
78
81
85
88
102
98
94
89
86
84
83
84
86
89
92
96
110
106
102
97
94
92
92
92
95
99
103
107
117
114
110
106
104
101
101
103
107
113
119
123
127
127
124
120
117
119
120
120
120
119
115
111
120
123
126
126
127
121
116
112
107
101
94
87
85
93
103
122
117
97
86
77
70
65
64
61
48
43
47
107
68
43
45
44
43
43
43
43
32
47
104
122
46
38
40
40
40
41
41
41
58
102
127
101
40
43
43
43
43
43
43
43
120
127
127
48
40
44
44
44
43
43
43
43
127
127
84
39
43
43
43
43
43
43
43
43
127
127
48
41
43
43
43
42
43
43
44
44
127
77
37
44
43
43
43
43
43
43
44
45
127
43
40
44
43
43
43
45
45
43
43
45
105
101
96
92
88
85
85
84
85
88
92
95
109
105
100
96
92
89
89
89
91
93
97
100
115
111
106
102
98
96
96
96
99
101
106
110
123
119
114
110
106
104
104
105
107
112
115
120
127
127
123
119
116
114
114
116
120
124
127
127
127
127
127
127
127
127
127
127
127
123
117
111
126
127
127
127
127
127
124
117
109
100
92
86
85
95
107
126
121
100
85
75
69
65
64
61
45
45
46
50
50
43
42
42
41
42
42
41
38
37
33
32
37
36
37
37
38
38
38
38
38
36
33
35
40
40
40
40
40
40
40
40
35
33
33
40
40
40
40
41
40
40
40
40
32
32
37
40
40
40
40
41
40
40
40
40
31
34
40
40
40
40
40
40
40
41
40
40
33
38
40
40
40
40
40
40
41
41
41
40
35
40
40
41
40
41
41
42
42
40
40
41
127
127
127
127
127
127
127
127
127
127
127
127
127
127
127
127
127
127
127
127
127
127
127
127
127
127
127
127
127
127
127
127
127
127
127
127
127
127
127
127
127
127
127
127
127
127
127
127
127
127
127
127
127
127
127
127
127
127
127
127
127
127
127
127
127
127
127
127
127
127
123
113
127
127
127
127
127
127
127
127
114
99
90
85
83
96
116
127
127
108
87
73
68
65
64
61
46
45
47
52
52
44
43
43
42
42
43
42
39
37
32
32
37
37
37
38
39
40
40
40
39
37
33
36
40
42
41
41
40
41
41
40
35
32
33
40
41
42
42
42
41
41
41
41
32
32
37
41
41
40
41
42
41
41
40
40
31
34
40
42
41
40
41
40
40
42
41
41
33
38
41
42
41
41
41
41
41
41
42
42
35
41
40
42
40
42
42
43
43
40
42
42
