92
89
85
80
77
75
74
73
75
78
80
82
96
92
88
84
80
78
77
77
79
82
85
88
103
99
94
90
86
84
83
84
86
89
92
96
110
106
103
98
95
92
92
92
95
99
103
109
118
114
110
106
104
102
101
103
107
113
120
123
127
127
125
120
118
119
120
120
120
117
113
109
120
124
123
127
127
121
116
110
106
99
91
85
85
92
102
121
119
99
86
75
69
64
63
61
43
40
75
96
56
47
45
44
43
43
43
43
48
93
114
65
40
40
40
40
41
41
41
40
108
127
104
45
41
43
43
43
43
43
43
43
127
118
43
40
43
43
43
42
43
43
43
43
111
50
42
43
43
44
43
43
42
43
43
43
57
40
43
44
43
44
45
45
42
42
43
43
37
43
45
44
45
44
46
44
43
41
43
43
43
44
43
44
45
43
45
43
45
42
43
44
106
100
97
92
89
86
85
84
86
88
92
95
110
105
101
96
92
90
89
89
91
93
97
100
116
112
107
103
99
96
96
96
99
101
106
110
123
120
115
110
107
105
104
105
107
112
116
120
127
127
123
120
116
114
114
116
120
125
127
126
127
127
127
127
127
127
127
127
127
121
115
109
127
127
127
127
127
127
123
116
107
98
90
85
85
94
106
123
123
103
85
75
68
64
63
61
46
46
43
50
53
44
42
42
41
42
42
41
37
33
32
36
37
37
37
37
38
38
38
39
35
33
36
39
40
40
40
40
40
40
40
40
32
36
40
40
40
40
40
40
40
40
40
40
35
40
40
40
40
40
40
40
39
40
40
40
38
41
41
41
40
40
41
41
39
39
41
40
40
41
41
41
40
40
41
41
40
39
41
41
41
41
40
40
40
41
42
40
42
39
41
42
127
127
127
127
127
127
127
127
127
127
127
127
127
127
127
127
127
127
127
127
127
127
127
127
127
127
127
127
127
127
127
127
127
127
127
127
127
127
127
127
127
127
127
127
127
127
127
127
127
127
127
127
127
127
127
127
127
127
127
127
127
127
127
127
127
127
127
127
127
127
120
109
127
127
127
127
127
127
127
127
110
96
89
83
83
96
114
127
127
110
86
72
67
64
63
61
46
46
44
50
54
45
43
43
42
42
42
42
38
34
32
36
37
37
37
39
39
39
39
40
36
34
37
40
40
40
40
41
41
40
40
40
32
36
41
42
41
41
41
40
41
41
41
41
35
40
42
42
41
42
41
40
40
40
41
41
39
42
42
42
42
42
42
41
40
40
41
41
41
42
42
42
42
42
43
42
40
40
41
42
42
42
41
41
43
42
43
41
43
40
42
43
