94
90
86
82
78
75
74
74
74
77
79
82
98
94
89
85
81
78
77
77
78
81
84
87
104
100
96
91
87
85
83
83
85
87
91
96
112
108
103
99
95
92
92
92
94
97
101
107
120
116
112
108
104
103
101
102
106
111
119
123
127
127
127
122
117
117
119
120
120
118
114
109
117
121
123
124
127
126
119
113
108
101
92
85
81
86
96
109
123
112
92
80
71
65
63
61
41
42
68
88
68
50
46
44
43
43
43
43
61
98
96
63
44
40
40
40
40
41
41
41
114
119
87
47
40
42
43
43
43
43
43
43
127
78
37
41
43
43
42
43
43
43
44
44
60
43
43
44
45
43
41
43
43
43
44
43
41
41
44
44
44
44
41
44
43
43
43
43
43
44
43
44
44
44
43
43
44
42
43
43
43
43
43
44
44
45
43
43
43
43
43
43
107
103
99
93
89
87
85
85
85
87
91
94
111
107
103
97
93
91
89
89
90
92
96
99
117
113
109
103
99
97
96
96
98
100
104
109
125
121
116
112
108
106
104
104
106
110
114
119
127
127
125
120
117
115
114
116
119
123
127
126
127
127
127
127
127
127
127
127
127
122
116
109
121
127
127
127
127
127
127
120
110
100
92
85
80
87
98
110
127
117
94
79
70
65
63
61
47
46
43
44
53
50
43
42
41
42
42
41
37
34
33
35
37
37
37
37
38
38
38
39
35
35
37
40
40
39
40
40
40
40
40
40
33
39
41
40
40
40
40
40
40
40
40
40
39
41
40
40
41
40
39
40
40
40
41
40
41
41
41
41
41
40
40
41
40
40
40
40
41
40
41
42
41
41
40
40
40
40
40
40
40
40
41
41
41
41
40
40
40
40
41
41
127
127
127
127
127
127
127
127
127
127
127
127
127
127
127
127
127
127
127
127
127
127
127
127
127
127
127
127
127
127
127
127
127
127
127
127
127
127
127
127
127
127
127
127
127
127
127
127
127
127
127
127
127
127
127
127
127
127
127
127
127
127
127
127
127
127
127
127
127
127
121
109
127
127
127
127
127
127
127
127
116
99
89
83
78
87
101
120
127
127
99
78
68
64
63
61
46
46
43
45
56
51
43
43
42
42
42
42
37
34
33
35
38
37
37
39
39
40
39
40
35
35
38
40
40
40
40
41
40
41
40
40
34
40
42
41
41
40
40
41
41
41
41
41
40
42
42
42
42
40
40
41
41
41
42
42
42
42
42
43
42
41
40
42
42
40
41
41
42
42
42
43
42
42
40
41
42
40
40
41
41
41
42
42
43
42
41
40
41
40
41
42
