97
93
89
84
80
78
75
75
75
76
78
82
101
97
92
88
84
81
79
78
79
81
83
87
107
103
99
94
90
87
85
85
85
88
91
95
115
111
106
102
98
94
93
92
94
96
100
104
125
120
116
110
106
104
103
102
104
108
113
120
127
127
127
127
122
117
116
120
121
122
120
116
110
116
120
122
122
127
127
120
115
109
102
93
76
80
85
93
105
123
115
94
82
71
66
63
49
44
39
55
88
75
51
46
44
43
43
43
33
42
81
108
78
47
40
39
41
41
41
41
63
97
127
110
59
40
43
43
43
43
43
43
127
127
126
49
37
43
44
43
42
43
43
43
127
114
51
42
42
43
43
43
43
43
44
44
114
61
40
43
44
44
43
43
42
43
42
43
56
38
43
44
45
46
44
44
42
43
41
43
39
44
44
44
44
46
47
47
41
42
42
43
110
106
102
96
92
90
88
86
86
88
90
94
114
110
106
100
96
92
91
90
91
93
96
99
121
116
112
106
103
99
97
96
99
100
103
107
127
124
120
115
110
108
106
105
107
109
113
116
127
127
127
123
120
117
116
114
117
121
126
127
127
127
127
127
127
127
127
127
127
127
124
118
112
119
126
127
127
127
127
127
121
112
101
93
75
78
85
96
107
124
121
97
81
71
66
64
47
46
45
44
43
52
51
43
43
41
42
42
40
39
35
33
34
37
37
36
38
38
38
38
39
37
34
36
39
40
40
39
40
40
40
40
34
33
35
40
40
40
40
40
40
40
40
40
31
36
40
41
40
40
40
40
40
40
41
40
35
40
40
40
40
40
40
40
39
40
40
41
40
42
41
40
40
40
40
40
39
40
39
41
41
42
42
41
40
41
41
42
39
40
39
40
127
127
127
127
127
127
127
127
127
127
127
127
127
127
127
127
127
127
127
127
127
127
127
127
127
127
127
127
127
127
127
127
127
127
127
127
127
127
127
127
127
127
127
127
127
127
127
127
127
127
127
127
127
127
127
127
127
127
127
127
127
127
127
127
127
127
127
127
127
127
127
123
113
127
127
127
127
127
127
127
127
119
101
90
74
78
84
99
116
127
127
102
80
68
65
64
47
47
46
45
43
54
53
43
42
42
42
42
41
40
36
33
34
37
37
37
38
39
39
39
39
37
35
36
40
40
40
40
40
41
40
40
34
33
36
41
41
41
42
40
40
41
41
41
31
36
41
42
40
41
41
41
40
40
42
41
36
40
42
42
41
42
41
40
40
40
40
42
40
43
42
42
42
42
42
41
40
40
40
42
42
43
43
42
42
43
43
43
40
40
40
41
