98
94
89
85
81
78
76
75
75
76
78
82
102
98
93
89
85
82
79
78
79
81
83
87
108
104
99
95
91
87
85
85
85
88
91
94
116
112
107
103
98
95
93
93
94
96
100
103
125
120
116
111
107
105
103
103
104
108
112
119
127
127
127
127
123
118
116
120
121
122
120
117
109
114
119
122
122
127
127
121
116
110
103
96
75
78
84
92
101
120
119
98
85
73
67
63
49
47
40
46
82
85
55
47
45
43
43
43
34
36
63
108
93
54
40
40
40
41
41
41
52
81
122
127
76
40
42
43
43
43
44
43
103
127
127
75
37
42
43
43
42
43
44
43
127
127
76
41
43
44
45
44
42
42
43
44
127
90
43
40
44
44
45
44
42
41
43
43
96
43
39
44
43
44
45
44
43
41
43
43
40
39
43
43
43
44
44
45
44
41
44
44
111
107
103
97
93
89
88
87
88
89
92
94
115
111
106
101
97
93
92
91
92
93
96
99
121
117
113
107
103
99
98
97
98
100
103
107
127
125
120
115
111
107
106
106
106
109
113
116
127
127
127
124
120
117
116
115
117
121
126
127
127
127
127
127
127
127
127
127
127
127
127
120
110
117
124
127
127
127
127
127
124
114
104
95
74
78
84
93
104
121
124
102
85
73
67
63
47
45
46
45
43
49
53
44
43
42
42
42
40
39
37
33
33
37
37
37
37
37
39
38
39
37
34
34
37
40
40
40
40
40
40
40
36
33
33
39
40
40
40
40
40
40
41
40
31
33
38
41
41
40
40
40
39
40
40
40
33
37
40
41
40
41
41
40
40
39
40
40
37
40
41
41
40
41
41
41
40
39
41
41
39
40
40
40
41
41
41
42
40
38
42
42
127
127
127
127
127
127
127
127
127
127
127
127
127
127
127
127
127
127
127
127
127
127
127
127
127
127
127
127
127
127
127
127
127
127
127
127
127
127
127
127
127
127
127
127
127
127
127
127
127
127
127
127
127
127
127
127
127
127
127
127
127
127
127
127
127
127
127
127
127
127
127
127
110
123
127
127
127
127
127
127
127
123
105
92
73
76
82
95
112
127
127
109
85
71
66
64
47
47
46
46
43
51
55
45
43
42
42
42
40
40
37
33
33
37
38
37
37
39
39
39
40
38
35
35
38
40
40
40
40
41
42
40
37
33
33
40
42
41
41
41
40
41
42
41
31
33
39
42
42
42
42
41
40
40
41
42
33
38
41
42
42
42
43
42
40
40
41
41
37
41
42
42
42
42
43
42
41
40
42
42
40
40
41
41
42
42
42
43
42
39
43
43
