98
94
89
85
81
78
76
75
76
76
78
82
102
98
93
89
85
82
79
78
79
81
84
86
108
104
99
95
91
87
85
85
85
89
92
94
116
112
107
103
99
95
93
93
94
97
100
103
126
121
116
111
107
105
103
103
104
108
113
118
127
127
127
127
123
118
116
119
122
123
121
117
108
113
119
122
122
126
127
122
116
111
104
97
75
78
83
90
99
118
120
99
85
75
68
64
49
47
42
42
77
89
57
47
45
44
43
43
37
33
53
102
103
58
40
40
40
41
41
41
47
71
114
127
89
42
42
43
43
43
43
43
88
127
127
99
40
42
44
43
42
43
43
43
127
127
104
43
42
44
44
45
43
43
43
43
127
120
53
37
43
43
43
45
43
43
44
43
127
62
35
42
43
43
43
43
43
43
43
43
68
37
42
42
43
43
44
42
43
43
42
43
110
107
103
97
93
91
88
87
88
89
92
94
115
111
106
101
97
93
92
91
92
93
96
99
122
117
113
107
103
100
98
97
98
100
103
107
127
125
120
116
111
109
106
106
106
109
113
116
127
127
127
124
120
117
116
115
117
120
125
127
127
127
127
127
127
127
127
127
127
127
127
120
109
116
123
127
127
127
127
127
124
115
106
96
75
78
82
92
103
120
126
103
85
73
67
64
47
46
46
45
43
48
54
44
43
42
42
42
40
40
37
33
32
36
37
37
37
38
38
38
39
37
35
34
37
39
39
40
40
40
40
40
37
33
32
37
41
40
40
40
40
40
40
40
33
32
36
40
40
41
41
41
40
40
41
40
32
36
40
40
40
40
40
41
40
40
41
40
35
40
40
40
40
40
40
40
40
40
40
40
38
41
40
40
40
40
40
40
40
40
40
40
127
127
127
127
127
127
127
127
127
127
127
127
127
127
127
127
127
127
127
127
127
127
127
127
127
127
127
127
127
127
127
127
127
127
127
127
127
127
127
127
127
127
127
127
127
127
127
127
127
127
127
127
127
127
127
127
127
127
127
127
127
127
127
127
127
127
127
127
127
127
127
127
110
123
127
127
127
127
127
127
127
126
107
94
73
75
82
93
110
127
127
112
86
71
66
64
47
46
47
46
43
50
57
45
43
42
42
42
41
40
38
33
32
36
37
37
37
39
39
40
40
38
36
34
38
40
40
40
40
41
40
41
38
33
32
37
42
41
41
41
40
40
41
41
33
32
36
41
41
42
42
42
40
41
42
41
32
36
40
41
40
41
41
42
41
41
42
41
35
40
41
41
40
41
41
41
41
41
41
41
39
42
40
40
40
41
41
40
41
41
40
40
