100
96
93
89
85
81
78
78
78
78
79
83
105
101
97
92
88
85
82
81
81
82
84
86
112
108
103
99
94
91
88
87
87
89
91
94
120
116
111
106
102
99
96
95
96
96
100
106
127
123
120
115
111
107
105
104
106
110
117
122
127
127
127
127
125
123
122
120
120
118
114
109
125
127
127
127
127
125
120
114
109
102
93
85
94
99
111
115
113
102
92
82
72
66
63
61
48
56
72
81
64
47
46
44
43
42
40
40
84
87
73
57
45
40
40
40
41
40
40
40
96
85
62
44
42
43
43
43
43
44
43
43
63
41
37
43
44
43
43
43
43
44
44
43
43
43
43
44
43
41
42
43
43
42
43
43
41
43
44
44
43
42
41
43
43
43
43
44
43
43
43
43
43
42
41
43
45
46
43
43
43
42
43
43
43
42
42
43
46
46
42
43
113
110
106
101
97
93
91
89
89
89
92
94
118
114
110
105
101
97
95
93
93
94
96
99
125
121
116
112
107
103
101
99
99
101
104
107
127
127
124
120
115
111
109
108
108
110
113
117
127
127
127
127
124
120
118
117
119
122
125
125
127
127
127
127
127
127
127
127
127
123
116
109
127
127
127
127
127
127
127
120
112
102
92
85
93
99
114
118
113
105
93
81
71
66
62
61
54
52
47
45
46
44
43
42
41
40
40
40
37
36
34
34
36
36
37
37
38
37
38
37
35
36
38
40
40
40
40
40
41
40
40
39
39
40
40
40
41
40
40
40
41
40
40
40
40
40
40
41
40
39
40
40
40
40
41
40
40
40
40
41
40
39
39
40
40
41
41
41
40
40
40
41
40
39
39
40
42
41
40
41
41
39
40
40
40
39
40
41
42
40
39
40
127
127
127
127
127
127
127
127
127
127
127
127
127
127
127
127
127
127
127
127
127
127
127
127
127
127
127
127
127
127
127
127
127
127
127
127
127
127
127
127
127
127
127
127
127
127
127
127
127
127
127
127
127
127
127
127
127
127
127
127
127
127
127
127
127
127
127
127
127
127
121
109
127
127
127
127
127
127
127
127
120
102
89
84
92
99
123
127
124
115
98
80
69
64
63
61
54
52
48
46
45
45
43
43
41
40
40
40
38
36
34
35
36
37
37
38
39
39
38
38
36
37
38
41
42
41
41
40
42
41
41
40
40
41
41
41
42
41
41
40
42
41
42
40
42
41
42
42
41
40
40
41
40
40
41
41
41
41
42
43
41
40
40
41
41
42
41
42
41
40
41
42
41
40
40
41
43
43
40
42
42
40
40
41
40
40
40
42
43
43
40
41
