99
96
92
86
82
80
77
76
76
78
80
82
103
99
95
90
86
83
81
80
80
82
84
86
110
106
101
96
92
89
87
86
86
89
91
94
117
113
109
104
100
96
95
94
95
97
100
103
127
123
119
113
109
106
104
103
104
106
110
114
121
125
127
127
124
121
117
117
121
123
124
123
100
107
113
118
122
124
125
126
122
117
113
106
72
74
78
85
92
102
121
116
96
84
75
69
49
48
48
48
47
46
99
70
43
45
44
43
43
42
42
41
35
61
127
71
35
40
40
40
43
42
43
41
42
110
127
86
37
43
43
43
43
43
43
40
68
127
127
102
37
43
44
43
44
43
41
43
123
127
127
119
41
42
43
43
44
43
37
81
127
127
127
127
47
42
45
43
43
41
52
127
127
127
127
127
54
42
46
43
42
40
75
127
127
127
127
127
61
41
46
43
112
109
104
99
96
92
89
88
89
89
91
94
116
113
108
103
99
95
93
92
92
93
96
99
123
120
114
110
105
101
99
98
99
101
103
107
127
127
123
117
113
110
107
106
107
110
112
116
127
127
127
127
122
120
117
116
117
120
123
127
123
127
127
127
127
127
127
127
127
127
127
127
99
106
116
123
127
127
127
127
127
124
116
108
71
74
77
83
93
107
125
120
99
84
74
68
47
47
46
46
44
47
50
50
43
42
42
42
40
39
39
38
37
36
31
36
37
37
37
38
40
39
40
40
40
36
30
37
40
40
40
40
40
40
40
40
39
33
32
37
40
40
41
40
40
41
40
40
35
32
32
35
40
40
40
40
40
40
41
38
33
32
32
34
40
41
41
40
40
40
40
34
32
32
32
33
39
41
42
40
40
40
38
32
32
32
32
33
38
42
41
40
127
127
127
127
127
127
127
127
127
127
127
127
127
127
127
127
127
127
127
127
127
127
127
127
127
127
127
127
127
127
127
127
127
127
127
127
127
127
127
127
127
127
127
127
127
127
127
127
127
127
127
127
127
127
127
127
127
127
127
127
127
127
127
127
127
127
127
127
127
127
127
127
97
106
122
127
127
127
127
127
127
127
127
111
72
74
75
82
96
116
127
127
106
85
71
67
48
48
47
47
45
47
52
51
44
43
43
42
41
40
40
39
38
35
30
35
37
37
38
39
40
40
40
40
41
37
30
37
42
41
41
40
41
40
40
41
40
33
32
37
41
41
42
41
42
41
41
41
36
32
32
35
41
40
41
41
41
41
42
39
33
32
32
34
40
41
42
40
41
41
41
34
32
32
32
33
40
43
43
40
40
41
39
32
32
32
32
33
39
43
43
41
