99
96
91
86
82
80
77
76
76
78
80
82
103
99
95
90
86
83
81
79
80
82
84
86
110
106
101
96
92
89
87
85
86
89
91
94
117
113
109
104
100
96
95
94
95
97
100
103
127
123
118
113
109
106
104
103
104
106
110
114
120
125
127
127
124
121
117
117
121
123
124
123
99
106
113
118
122
124
126
125
122
117
113
106
72
74
78
84
92
102
120
115
96
84
75
69
49
48
48
48
47
45
94
75
42
45
44
43
43
43
41
40
39
43
127
90
33
40
41
40
43
42
43
42
38
76
127
120
41
43
43
43
43
42
44
42
41
122
127
127
53
41
43
43
43
44
43
38
64
127
127
127
74
40
44
43
44
44
44
40
106
127
127
127
106
39
44
43
44
44
43
58
127
127
127
127
127
47
43
44
43
43
41
81
127
127
127
127
127
57
42
46
112
109
104
99
95
92
89
88
89
89
91
94
116
113
108
103
99
95
92
92
92
93
96
99
124
120
114
110
105
101
99
98
99
101
103
107
127
127
122
117
113
110
107
106
107
110
112
116
127
127
127
127
122
118
116
116
117
120
123
127
123
127
127
127
127
127
127
127
127
127
127
127
99
106
115
123
127
127
127
127
127
124
116
109
72
74
77
83
93
107
125
120
99
84
75
68
47
47
46
46
44
47
50
50
44
42
42
42
40
40
39
38
37
37
31
33
37
37
37
38
40
40
40
40
40
38
30
34
40
40
40
40
40
40
41
40
40
35
32
33
40
40
40
40
40
40
40
40
39
33
32
32
38
41
41
40
41
40
40
40
37
32
32
32
36
40
41
40
41
40
40
40
33
32
32
32
34
40
41
40
41
40
41
38
32
32
32
32
33
40
41
41
127
127
127
127
127
127
127
127
127
127
127
127
127
127
127
127
127
127
127
127
127
127
127
127
127
127
127
127
127
127
127
127
127
127
127
127
127
127
127
127
127
127
127
127
127
127
127
127
127
127
127
127
127
127
127
127
127
127
127
127
127
127
127
127
127
127
127
127
127
127
127
127
96
106
120
127
127
127
127
127
127
127
127
112
72
73
75
82
96
116
127
127
106
85
72
68
48
47
47
46
45
47
53
51
44
43
43
42
41
40
40
39
38
37
30
33
37
38
38
39
40
40
40
40
41
38
30
34
41
41
40
40
40
40
42
41
41
35
31
34
40
41
41
41
41
41
41
41
40
33
32
32
39
43
42
41
42
42
42
41
37
32
32
32
37
43
42
41
43
42
42
40
33
32
32
32
34
41
42
41
42
41
43
40
33
32
32
32
33
40
42
42
