99
96
91
86
82
79
77
76
76
78
80
82
103
99
95
90
85
83
80
79
80
82
84
86
110
106
101
96
92
89
86
85
86
89
91
94
117
113
109
104
99
96
94
94
95
97
100
103
127
123
118
113
109
105
104
103
104
106
110
114
120
125
127
127
124
120
117
117
121
123
124
123
99
106
113
118
121
125
127
124
122
117
113
106
72
74
78
85
93
105
122
113
95
85
75
69
50
49
48
48
47
47
91
78
41
45
44
43
43
42
42
40
40
36
113
115
37
39
40
41
43
42
43
42
43
43
127
127
64
39
43
43
44
43
43
43
43
54
127
127
111
40
43
43
43
43
43
44
40
73
127
127
127
62
40
44
43
43
43
43
38
97
127
127
127
113
40
42
43
43
43
43
40
122
127
127
127
127
68
40
43
42
43
43
44
127
127
127
127
127
104
39
113
109
104
99
95
91
89
88
87
89
91
94
116
113
108
103
99
95
92
92
92
93
96
99
123
119
114
109
105
101
99
98
99
101
103
107
127
127
122
117
113
109
107
106
107
110
112
116
127
127
127
127
122
118
116
116
117
120
123
127
123
127
127
127
127
127
127
127
127
127
127
127
99
106
115
123
127
127
127
127
127
124
116
109
72
74
77
84
94
109
126
117
98
83
74
68
48
47
46
46
44
47
51
47
43
42
42
41
40
40
39
38
37
37
33
32
37
37
37
38
40
40
40
39
40
40
33
33
39
41
40
40
40
40
40
40
41
40
33
32
36
41
40
40
40
40
40
41
42
39
32
32
33
39
41
40
40
40
40
40
42
37
32
32
32
36
40
40
40
40
40
40
40
35
32
32
32
33
38
40
40
40
40
40
40
33
32
32
32
32
37
41
127
127
127
127
127
127
127
127
127
127
127
127
127
127
127
127
127
127
127
127
127
127
127
127
127
127
127
127
127
127
127
127
127
127
127
127
127
127
127
127
127
127
127
127
127
127
127
127
127
127
127
127
127
127
127
127
127
127
127
127
127
127
127
127
127
127
127
127
127
127
127
127
96
105
120
127
127
127
127
127
127
127
127
111
72
73
75
82
96
118
127
127
104
84
71
67
48
47
47
47
45
47
54
50
43
43
43
42
41
40
40
39
37
37
33
31
37
38
38
39
40
40
40
40
41
41
33
32
40
42
40
41
41
40
41
41
42
41
33
32
36
42
41
41
41
40
41
42
43
40
32
32
33
40
42
42
40
40
41
41
43
38
32
32
32
36
40
41
40
40
41
41
41
35
32
32
32
33
39
40
40
40
40
42
40
33
32
32
32
32
37
41
