98
94
90
85
82
78
76
75
76
76
78
82
102
98
93
89
85
81
79
78
79
81
84
86
108
104
99
95
91
87
85
85
85
89
91
94
116
112
107
103
99
95
93
93
94
97
99
103
127
123
116
112
107
105
103
103
104
107
111
115
122
126
127
126
123
119
116
118
122
123
123
121
102
109
115
120
123
126
125
123
120
115
110
104
72
75
80
87
97
111
123
103
90
80
71
68
49
49
47
47
47
54
106
52
43
44
43
43
43
43
41
40
38
48
127
80
33
40
40
40
43
42
43
43
40
60
127
127
48
40
43
43
43
42
43
44
39
76
127
127
84
39
43
43
43
43
44
44
38
94
127
127
127
49
42
43
43
44
44
44
40
114
127
127
127
98
40
43
43
44
44
43
44
127
127
127
127
127
63
41
44
45
45
43
50
127
127
127
127
127
96
39
110
107
103
98
93
91
88
87
88
89
92
94
115
111
106
102
97
93
92
91
92
93
96
99
122
117
113
108
103
99
98
97
98
100
103
107
127
125
120
116
112
108
106
106
106
109
113
116
127
127
127
125
120
117
116
115
116
120
124
127
126
127
127
127
127
127
127
127
127
127
127
127
102
110
118
127
127
127
127
127
127
120
113
105
72
75
78
88
99
116
127
109
91
79
71
68
47
47
45
45
45
49
51
46
43
43
42
42
40
40
39
38
37
37
31
34
37
37
37
38
40
40
40
40
40
38
30
34
40
40
40
40
40
40
40
40
40
38
32
33
37
41
40
40
40
41
40
40
40
37
32
32
34
40
41
40
41
41
41
40
40
36
32
32
32
37
41
40
41
41
41
41
40
34
32
32
32
33
40
40
41
40
41
42
41
34
32
32
32
32
37
40
127
127
127
127
127
127
127
127
127
127
127
127
127
127
127
127
127
127
127
127
127
127
127
127
127
127
127
127
127
127
127
127
127
127
127
127
127
127
127
127
127
127
127
127
127
127
127
127
127
127
127
127
127
127
127
127
127
127
127
127
127
127
127
127
127
127
127
127
127
127
127
127
99
110
127
127
127
127
127
127
127
127
120
106
71
73
77
86
103
127
127
120
94
78
69
65
48
47
46
46
45
50
54
47
43
42
42
42
41
40
40
39
37
37
30
33
37
38
38
39
40
40
40
40
41
40
30
34
41
42
41
40
41
40
41
41
41
40
32
33
38
42
42
41
41
41
42
41
42
37
32
32
34
41
42
41
42
42
42
41
42
37
32
32
32
37
42
42
42
43
42
42
42
35
32
32
32
33
40
42
42
42
42
43
43
35
32
32
32
32
38
42
