98
94
89
85
81
78
76
75
75
76
78
82
102
98
93
89
84
82
79
78
79
81
83
87
108
104
99
95
90
88
85
85
85
88
91
95
116
112
107
103
98
95
93
93
94
96
100
103
126
122
116
111
107
104
103
103
104
107
111
116
122
127
127
126
123
118
116
119
121
123
123
121
103
110
116
120
123
127
124
123
118
114
109
103
73
76
81
89
99
115
122
101
89
78
71
67
49
49
47
47
47
61
106
46
44
44
43
43
43
42
41
40
37
59
127
65
34
40
40
41
43
42
43
43
38
76
127
115
43
42
43
43
43
42
43
44
38
96
127
127
69
40
44
43
43
43
43
43
38
116
127
127
125
40
42
43
43
43
43
43
43
127
127
127
127
78
37
43
43
43
43
41
54
127
127
127
127
127
51
42
44
43
44
40
64
127
127
127
127
127
74
40
111
107
103
97
93
89
88
87
88
89
92
94
115
111
106
101
97
93
92
91
92
93
96
99
121
117
113
107
103
99
98
97
98
100
103
107
127
125
120
115
111
107
106
106
106
109
113
116
127
127
127
124
120
117
116
115
116
120
124
127
126
127
127
127
127
127
127
127
127
127
127
127
103
110
120
127
127
127
127
127
127
120
111
103
73
75
80
89
101
120
125
106
89
78
71
67
48
47
46
46
45
50
50
45
43
42
42
42
40
39
38
38
37
36
31
34
37
37
38
38
39
39
40
40
40
37
30
35
40
40
40
40
40
40
40
40
41
37
32
33
39
40
40
40
40
40
40
40
41
36
32
32
35
40
40
40
40
40
40
40
40
34
32
32
33
38
40
40
41
40
40
40
40
33
32
32
32
35
40
40
42
40
41
41
40
33
32
32
32
33
39
41
127
127
127
127
127
127
127
127
127
127
127
127
127
127
127
127
127
127
127
127
127
127
127
127
127
127
127
127
127
127
127
127
127
127
127
127
127
127
127
127
127
127
127
127
127
127
127
127
127
127
127
127
127
127
127
127
127
127
127
127
127
127
127
127
127
127
127
127
127
127
127
127
100
113
127
127
127
127
127
127
127
127
117
103
72
74
78
89
106
127
127
115
92
76
68
64
47
47
46
45
46
52
53
46
43
43
42
42
40
40
40
38
37
36
30
34
38
38
39
39
40
40
40
41
41
37
30
36
41
41
41
40
40
40
41
42
42
37
31
33
39
42
42
41
41
40
41
41
42
36
32
32
35
40
41
41
40
41
40
41
41
34
32
32
33
38
41
41
41
41
41
41
40
33
32
32
32
35
40
41
43
41
42
42
40
33
32
32
32
33
39
42
