98
94
89
85
81
78
76
75
75
76
78
82
102
98
93
88
84
82
79
78
79
81
83
87
108
104
99
94
90
88
85
85
85
88
91
95
116
112
107
102
98
96
93
92
94
96
100
103
126
122
116
111
107
104
103
102
104
107
112
116
123
127
127
127
123
118
116
119
121
123
123
120
103
110
116
121
123
127
124
123
118
113
108
103
73
76
82
89
99
115
122
99
88
78
71
67
49
49
47
47
47
64
104
43
45
44
43
43
43
43
40
40
37
65
127
60
35
41
40
41
43
43
42
42
38
85
127
108
41
42
43
43
43
43
43
43
37
105
127
127
63
40
43
43
43
43
44
42
40
125
127
127
116
40
43
43
43
44
43
41
47
127
127
127
127
71
39
44
45
44
44
41
61
127
127
127
127
120
49
43
45
43
46
42
73
127
127
127
127
127
66
40
111
106
102
97
93
89
88
87
88
89
92
94
115
110
106
101
97
93
92
91
92
93
96
99
121
117
112
107
103
99
98
97
98
100
103
107
127
125
120
115
111
107
106
106
106
109
113
116
127
127
127
124
120
117
116
115
116
120
124
127
127
127
127
127
127
127
127
127
127
127
127
127
103
111
120
127
127
127
127
127
127
119
111
103
73
75
80
89
102
120
124
105
89
77
71
67
48
46
46
46
45
50
50
45
43
42
43
42
40
39
38
38
37
36
30
35
37
37
38
38
39
40
40
40
40
37
30
36
40
40
40
40
40
40
40
40
41
37
32
33
39
41
41
40
40
40
41
40
40
34
32
32
36
41
41
40
40
40
40
40
40
33
32
32
33
38
41
40
42
40
40
40
40
33
32
32
32
35
40
41
42
40
40
41
39
33
32
32
32
33
40
42
127
127
127
127
127
127
127
127
127
127
127
127
127
127
127
127
127
127
127
127
127
127
127
127
127
127
127
127
127
127
127
127
127
127
127
127
127
127
127
127
127
127
127
127
127
127
127
127
127
127
127
127
127
127
127
127
127
127
127
127
127
127
127
127
127
127
127
127
127
127
127
127
100
113
127
127
127
127
127
127
127
127
117
103
72
74
78
89
108
127
127
113
90
75
68
65
47
47
46
45
46
52
51
46
43
42
42
42
40
40
40
38
37
36
30
35
38
39
39
39
40
40
40
40
42
37
30
37
42
41
40
40
40
40
41
41
42
37
32
33
39
41
41
40
40
42
42
40
41
35
32
32
36
42
42
41
41
42
41
40
40
34
32
32
33
39
42
41
43
42
41
42
40
33
32
32
32
35
41
42
43
41
42
43
40
32
32
32
32
33
40
43
