98
94
89
85
81
78
76
75
75
76
78
82
102
98
93
88
84
82
79
78
79
81
83
87
108
104
99
94
90
88
85
85
85
88
91
95
115
111
107
102
98
95
93
92
94
96
100
103
126
122
116
111
107
104
103
102
104
107
112
116
123
127
127
127
123
118
116
120
121
123
123
121
103
110
116
121
123
127
124
122
118
113
108
102
72
76
82
89
99
116
120
99
87
78
71
66
49
49
47
47
46
68
102
43
45
44
43
43
43
42
41
40
36
71
127
56
36
40
41
40
43
42
43
43
38
92
127
102
40
42
44
43
43
43
43
43
39
113
127
127
58
40
44
44
43
43
43
42
42
127
127
127
109
37
43
43
44
43
43
41
53
127
127
127
127
64
39
44
45
43
43
40
68
127
127
127
127
113
45
43
44
43
43
39
81
127
127
127
127
127
57
40
111
106
102
97
93
89
88
87
86
88
91
94
115
110
106
101
96
93
92
91
91
93
96
99
121
117
112
107
103
100
98
97
98
100
103
107
127
125
120
115
111
107
106
106
106
109
113
116
127
127
127
124
120
117
116
115
116
120
124
127
127
127
127
127
127
127
127
127
127
127
127
126
103
111
120
127
127
127
127
127
126
119
110
103
73
75
80
89
103
121
124
103
88
76
70
66
47
47
46
46
45
51
50
45
43
42
42
42
40
39
38
37
37
36
30
36
37
37
38
38
40
39
40
40
40
37
30
37
40
40
40
40
40
40
40
41
41
37
32
33
39
40
40
40
40
40
40
40
40
34
32
32
36
40
40
40
41
40
40
40
40
33
32
32
33
40
41
41
41
40
40
40
39
33
32
32
32
36
40
41
40
40
40
41
38
33
32
32
32
33
38
41
127
127
127
127
127
127
127
127
127
127
127
127
127
127
127
127
127
127
127
127
127
127
127
127
127
127
127
127
127
127
127
127
127
127
127
127
127
127
127
127
127
127
127
127
127
127
127
127
127
127
127
127
127
127
127
127
127
127
127
127
127
127
127
127
127
127
127
127
127
127
127
127
101
114
127
127
127
127
127
127
127
127
116
102
72
75
78
90
110
127
127
112
89
75
68
65
47
47
46
46
46
52
51
46
43
42
42
42
40
40
40
38
37
35
30
35
38
38
39
39
40
40
40
41
42
37
30
37
41
40
42
41
41
40
41
42
42
37
32
34
40
41
42
42
41
40
40
41
41
34
32
32
37
41
41
41
42
41
41
41
40
33
32
32
33
40
42
42
42
41
41
41
40
33
32
32
32
36
41
42
41
40
41
42
39
32
32
32
32
33
39
42
