96
93
89
85
81
78
76
75
75
76
78
82
101
97
92
88
84
82
79
78
79
81
83
87
108
103
99
94
90
88
85
85
85
88
91
95
115
111
106
102
98
95
93
92
94
96
100
103
125
121
116
111
107
104
103
102
104
107
112
116
123
127
127
127
123
118
116
120
121
123
123
121
103
110
116
121
123
127
124
122
118
113
108
102
72
76
82
90
100
117
120
99
87
77
70
66
49
49
47
47
46
70
99
42
46
44
43
43
43
42
40
40
36
75
127
53
36
40
40
41
43
43
42
43
37
97
127
98
40
43
43
43
43
43
43
44
39
118
127
127
57
40
43
43
43
43
45
43
46
127
127
127
103
37
43
45
43
43
45
41
57
127
127
127
127
60
40
45
43
43
44
40
74
127
127
127
127
106
43
42
43
43
43
38
86
127
127
127
127
127
53
39
110
106
102
97
92
90
88
87
86
88
91
94
114
110
106
101
96
94
92
91
91
93
96
99
121
116
112
107
103
100
98
97
98
100
103
107
127
124
120
115
111
107
106
106
106
109
113
116
127
127
127
123
120
117
116
115
116
120
124
127
127
127
127
127
127
127
127
127
127
127
127
125
103
112
120
127
127
127
127
127
126
118
110
102
73
75
80
89
103
122
123
103
87
76
70
66
47
47
46
46
45
51
50
44
43
42
42
42
40
40
38
37
37
35
31
36
37
37
38
38
40
40
39
40
40
36
30
37
40
40
40
40
40
40
40
40
40
36
32
34
40
40
40
40
40
41
41
40
40
33
32
32
37
41
41
40
40
41
40
41
40
33
32
32
33
40
41
41
40
41
40
42
39
33
32
32
32
36
40
40
40
41
41
41
38
33
32
32
32
33
39
40
127
127
127
127
127
127
127
127
127
127
127
127
127
127
127
127
127
127
127
127
127
127
127
127
127
127
127
127
127
127
127
127
127
127
127
127
127
127
127
127
127
127
127
127
127
127
127
127
127
127
127
127
127
127
127
127
127
127
127
127
127
127
127
127
127
127
127
127
127
127
127
127
102
115
127
127
127
127
127
127
127
127
116
101
72
75
78
90
110
127
127
111
89
75
68
65
47
47
46
46
46
52
51
45
43
43
42
43
40
40
40
38
37
35
30
36
38
38
39
39
40
40
40
41
41
37
30
37
41
40
41
40
41
40
41
42
41
36
31
33
41
41
41
41
40
42
42
42
42
35
32
32
37
42
41
42
41
41
42
43
41
33
32
32
33
40
41
42
41
41
42
43
40
32
32
32
32
36
40
41
40
42
42
42
39
32
32
32
32
33
39
40
