96
93
89
85
81
78
75
75
75
76
78
82
101
97
92
88
84
81
79
78
79
81
83
87
108
103
99
94
90
87
85
85
85
88
91
95
115
111
106
102
98
95
93
92
94
96
100
103
125
121
116
110
106
104
103
102
104
107
112
116
123
127
127
126
122
118
116
120
121
123
123
120
103
110
117
121
124
127
124
122
118
113
108
101
72
76
82
90
100
117
120
98
87
77
70
66
49
49
47
47
46
71
98
42
46
44
43
43
43
43
40
40
36
78
127
51
36
41
40
41
43
43
42
43
37
100
127
95
39
43
43
43
43
43
43
43
40
122
127
127
54
40
43
43
43
43
43
41
46
127
127
127
99
38
44
43
43
44
43
40
58
127
127
127
127
57
40
45
44
44
44
40
76
127
127
127
127
103
44
44
44
44
46
41
92
127
127
127
127
127
53
43
110
106
102
97
92
90
88
87
86
88
91
94
114
110
106
100
96
94
92
91
91
93
96
99
121
116
112
106
103
100
98
97
98
100
103
107
127
124
120
115
111
107
106
106
106
109
113
116
127
127
127
123
120
117
116
115
116
120
125
127
127
127
127
127
127
127
127
127
127
127
127
125
103
112
121
127
127
127
127
127
126
118
110
102
73
75
81
90
103
122
123
103
87
76
70
66
47
47
46
45
45
51
50
44
43
42
42
42
40
40
38
37
37
35
31
36
37
37
38
38
40
40
40
40
40
36
30
37
40
40
40
40
40
40
40
40
40
36
32
34
40
40
40
40
40
40
40
40
40
33
32
32
37
41
41
40
40
40
40
40
39
33
32
32
33
39
41
40
41
40
40
40
39
33
32
32
32
36
41
40
41
40
40
41
38
32
32
32
32
34
40
41
127
127
127
127
127
127
127
127
127
127
127
127
127
127
127
127
127
127
127
127
127
127
127
127
127
127
127
127
127
127
127
127
127
127
127
127
127
127
127
127
127
127
127
127
127
127
127
127
127
127
127
127
127
127
127
127
127
127
127
127
127
127
127
127
127
127
127
127
127
127
127
127
102
115
127
127
127
127
127
127
127
127
115
101
72
75
78
90
110
127
127
111
89
75
68
65
47
47
46
46
46
52
51
45
43
43
42
42
40
40
40
38
37
34
30
36
38
39
39
39
40
40
40
40
41
36
30
37
41
41
40
40
40
41
41
40
41
36
31
33
41
41
41
41
40
42
41
40
40
33
32
32
37
43
41
41
41
42
41
40
40
33
32
32
33
40
42
42
42
42
42
42
39
32
32
32
32
36
42
42
42
42
43
43
39
32
32
32
32
33
41
42
