96
93
89
84
81
78
75
75
75
76
78
82
101
97
92
88
84
81
79
78
79
81
83
87
108
103
99
94
90
87
85
85
85
88
91
95
115
111
106
102
98
95
93
92
94
96
100
103
125
121
116
110
106
104
103
102
104
107
112
116
123
127
127
126
122
118
116
120
121
123
123
120
104
111
117
121
124
127
124
122
118
113
108
101
73
77
82
90
100
118
120
98
87
77
70
66
49
49
47
47
45
73
98
41
46
44
43
43
43
42
41
41
36
81
127
50
37
41
40
41
43
42
43
43
38
103
127
92
39
43
43
43
43
43
43
43
40
124
127
127
52
40
43
43
43
45
44
40
48
127
127
127
96
37
44
43
43
45
43
39
61
127
127
127
127
55
42
44
44
44
42
37
80
127
127
127
127
100
43
44
43
43
42
37
95
127
127
127
127
127
50
43
110
106
102
96
92
90
88
86
86
88
91
94
114
110
106
100
96
93
91
90
91
93
96
99
121
116
112
106
103
99
97
97
98
100
103
107
127
124
120
115
111
107
106
106
106
109
113
116
127
127
127
123
120
117
116
115
117
120
125
127
127
127
127
127
127
127
127
127
127
127
127
125
103
113
121
127
127
127
127
127
125
118
110
102
73
75
81
90
103
123
123
103
87
76
69
66
47
47
46
45
45
51
50
44
43
42
41
42
40
39
38
37
37
35
31
36
37
37
38
38
40
39
40
40
40
35
30
37
40
40
40
40
40
40
40
40
40
35
31
34
40
40
40
40
40
41
40
40
40
33
32
32
37
40
41
40
40
41
40
41
40
33
32
32
33
40
42
41
40
41
40
41
38
33
32
32
32
37
41
41
40
40
40
40
37
32
32
32
32
33
40
41
127
127
127
127
127
127
127
127
127
127
127
127
127
127
127
127
127
127
127
127
127
127
127
127
127
127
127
127
127
127
127
127
127
127
127
127
127
127
127
127
127
127
127
127
127
127
127
127
127
127
127
127
127
127
127
127
127
127
127
127
127
127
127
127
127
127
127
127
127
127
127
127
103
116
127
127
127
127
127
127
127
127
115
101
72
75
78
91
110
127
127
110
89
75
68
65
47
47
46
46
46
52
51
45
43
43
42
42
40
40
40
38
37
34
30
36
38
39
39
39
40
40
40
40
41
36
30
37
41
41
40
40
41
40
40
41
41
36
31
33
40
41
41
41
40
42
41
41
41
33
32
32
37
41
42
41
41
42
40
42
40
33
32
32
33
40
43
42
42
42
40
42
39
33
32
32
32
37
42
42
41
41
40
41
38
32
32
32
32
34
40
42
