97
93
89
84
80
78
75
75
75
76
78
82
101
97
92
88
84
81
79
78
79
81
83
87
107
103
99
94
90
87
85
85
85
88
91
95
115
111
106
102
98
95
93
92
94
96
100
103
125
121
116
110
106
104
103
102
104
107
112
116
123
127
127
126
122
118
116
120
122
123
123
120
104
111
117
121
124
127
124
122
117
113
108
101
74
77
82
90
101
118
120
98
86
77
70
66
49
49
47
47
45
74
97
41
45
44
43
43
43
42
41
40
34
82
127
49
37
41
40
41
43
42
43
43
37
106
127
91
38
43
43
43
43
42
43
43
41
127
127
127
51
40
44
43
43
43
43
41
50
127
127
127
93
37
43
43
44
44
43
40
64
127
127
127
127
53
40
46
44
43
43
38
83
127
127
127
127
96
43
45
43
43
43
38
98
127
127
127
127
127
47
41
110
106
102
96
92
90
88
86
86
88
91
94
114
110
106
100
96
92
91
90
91
93
96
99
121
116
112
106
103
99
97
97
98
100
103
107
127
124
120
115
110
107
106
106
106
109
113
116
127
127
127
123
120
117
116
115
117
120
125
127
127
127
127
127
127
127
127
127
127
127
127
125
104
112
121
127
127
127
127
127
125
118
110
102
73
75
81
90
104
123
123
102
87
75
69
66
47
47
46
45
45
51
50
44
43
42
42
42
40
39
38
37
37
35
31
36
37
37
38
38
40
39
40
40
40
35
30
37
40
40
40
40
40
40
40
40
40
35
31
34
40
40
41
40
40
41
40
40
40
33
32
32
37
41
41
40
41
40
40
41
39
33
32
32
34
40
41
41
41
40
40
41
38
33
32
32
32
36
41
41
40
40
40
41
37
32
32
32
32
33
40
40
127
127
127
127
127
127
127
127
127
127
127
127
127
127
127
127
127
127
127
127
127
127
127
127
127
127
127
127
127
127
127
127
127
127
127
127
127
127
127
127
127
127
127
127
127
127
127
127
127
127
127
127
127
127
127
127
127
127
127
127
127
127
127
127
127
127
127
127
127
127
127
127
103
116
127
127
127
127
127
127
127
127
114
100
72
75
78
91
111
127
127
110
88
74
67
65
47
47
46
46
46
53
51
45
43
43
42
42
40
40
40
38
37
34
30
36
38
39
39
39
40
40
40
40
42
35
30
37
41
41
41
40
41
40
40
41
43
36
31
33
40
41
42
41
41
42
40
41
40
33
32
32
37
42
41
41
42
41
41
42
40
33
32
32
34
40
42
43
43
41
41
42
39
32
32
32
32
37
42
43
42
41
41
42
37
32
32
32
32
34
41
41
