97
93
89
84
80
78
75
75
75
76
78
82
101
97
92
88
84
81
79
78
79
81
83
87
107
103
99
94
90
87
85
85
85
88
91
95
115
111
106
102
98
94
93
92
94
96
100
103
125
121
116
110
106
104
103
102
104
108
112
116
123
127
127
126
122
118
116
120
122
123
123
120
104
111
117
121
124
127
124
122
117
113
108
101
74
77
82
91
101
118
119
98
86
77
70
66
49
49
47
48
45
75
96
41
45
44
43
43
43
42
40
40
35
84
127
48
37
40
40
41
43
43
42
43
37
108
127
89
39
43
43
43
43
43
43
43
41
127
127
127
52
41
44
43
43
43
44
41
50
127
127
127
92
37
44
44
43
43
43
40
66
127
127
127
127
51
40
44
43
43
43
38
85
127
127
127
127
95
41
43
43
43
43
37
99
127
127
127
127
127
47
42
110
106
102
96
92
90
88
86
86
88
91
94
114
110
106
100
96
92
91
90
91
93
96
99
121
116
112
106
103
99
97
97
98
100
103
107
127
124
120
115
110
107
106
106
106
109
113
116
127
127
127
123
120
117
116
115
117
120
125
127
127
127
127
127
127
127
127
127
127
127
127
125
104
112
121
127
127
127
127
127
125
118
110
102
73
75
81
90
104
123
123
102
87
75
69
66
47
47
46
45
45
51
50
44
43
42
42
42
40
40
38
37
37
35
31
36
37
37
38
38
40
40
39
40
40
35
30
37
40
40
40
40
40
40
40
40
40
35
31
34
40
40
40
40
40
41
40
41
40
33
32
32
37
40
41
41
40
40
41
42
40
33
32
32
33
39
40
40
40
40
41
41
38
33
32
32
32
37
40
40
40
41
40
40
37
32
32
32
32
34
40
40
127
127
127
127
127
127
127
127
127
127
127
127
127
127
127
127
127
127
127
127
127
127
127
127
127
127
127
127
127
127
127
127
127
127
127
127
127
127
127
127
127
127
127
127
127
127
127
127
127
127
127
127
127
127
127
127
127
127
127
127
127
127
127
127
127
127
127
127
127
127
127
127
103
116
127
127
127
127
127
127
127
127
114
100
72
75
78
91
111
127
127
110
88
74
67
65
47
47
46
46
46
53
51
44
43
43
42
42
40
40
39
38
37
34
30
36
38
38
39
39
40
40
40
41
41
35
30
37
41
40
40
40
40
40
41
42
41
35
31
33
41
41
41
41
40
42
42
42
41
33
32
32
37
41
42
42
40
41
42
43
40
33
32
32
33
40
41
41
40
40
42
42
39
32
32
32
32
37
40
41
40
41
41
41
37
32
32
32
32
34
41
41
