104
101
97
95
91
87
85
83
82
83
84
86
109
106
102
99
95
91
89
87
86
86
88
90
116
113
109
105
101
97
96
93
92
92
94
96
123
120
116
113
109
105
103
101
100
100
103
104
127
127
127
122
118
114
112
110
109
110
111
113
124
127
127
127
127
127
127
125
124
125
125
124
110
114
120
125
127
127
127
124
123
118
113
109
89
89
92
97
108
115
111
106
95
85
77
71
61
60
57
55
54
47
67
89
44
44
44
43
46
44
44
43
39
37
114
116
40
39
41
40
41
41
42
40
39
78
127
127
44
42
43
42
43
45
43
40
57
127
127
127
44
42
43
42
43
43
39
44
124
127
127
127
44
42
44
43
44
41
40
102
127
127
127
127
43
43
45
43
43
43
79
127
127
127
127
126
43
42
44
43
40
47
127
127
127
127
127
126
43
41
43
43
119
116
112
106
103
101
98
96
95
96
96
99
123
120
116
111
107
104
102
99
99
99
100
103
127
126
122
118
114
110
108
106
105
106
106
109
127
127
127
126
122
119
116
113
113
113
115
117
127
127
127
127
127
127
125
123
122
122
124
127
127
127
127
127
127
127
127
127
127
127
127
127
108
113
121
127
127
127
127
127
127
126
118
110
89
90
92
96
110
121
115
106
96
85
76
70
61
58
55
53
52
49
44
42
43
42
41
40
43
42
41
40
39
37
31
31
37
37
37
37
37
38
38
38
40
37
33
34
40
41
40
40
40
40
40
40
39
33
31
35
40
41
40
39
40
40
40
40
35
32
32
35
40
40
40
40
41
40
40
37
33
32
32
35
40
40
41
40
40
40
38
33
32
32
32
35
40
40
41
40
39
40
35
32
32
32
32
35
40
39
40
40
127
127
127
127
127
127
127
127
127
127
127
127
127
127
127
127
127
127
127
127
127
127
127
127
127
127
127
127
127
127
127
127
127
127
127
127
127
127
127
127
127
127
127
127
127
127
127
127
127
127
127
127
127
127
127
127
127
127
127
127
127
127
127
127
127
127
127
127
127
127
127
127
106
112
124
127
127
127
127
127
127
127
127
116
89
89
91
93
113
127
127
116
102
85
75
68
61
59
56
54
53
50
46
42
43
42
42
41
44
43
42
40
40
37
30
30
37
37
38
38
39
40
39
39
40
37
33
34
41
41
41
40
41
42
40
40
39
33
31
35
41
41
42
40
41
40
40
40
35
32
32
35
41
41
42
40
42
41
40
37
33
32
32
35
41
42
43
41
41
41
39
33
32
32
32
35
41
41
42
41
40
40
36
31
32
32
31
36
40
40
41
41
