105
102
98
94
90
88
85
83
82
82
84
85
109
106
102
98
94
92
89
86
86
86
88
89
116
113
108
104
100
98
95
92
92
92
94
96
123
120
116
113
109
105
103
100
100
100
102
104
127
127
127
121
117
114
112
110
109
110
111
113
121
125
127
127
127
127
126
124
125
125
125
124
106
112
119
125
127
127
127
124
119
117
114
110
90
92
93
98
109
114
110
104
93
84
77
71
65
63
60
57
53
50
50
70
83
46
36
41
47
46
44
43
41
40
39
48
89
112
65
34
40
41
40
41
43
43
43
41
70
127
127
82
43
44
43
43
43
43
43
44
37
78
127
127
43
42
42
44
44
43
43
44
43
42
92
127
43
43
43
45
43
43
44
43
44
40
50
113
43
44
44
44
43
43
45
43
43
43
37
59
44
44
43
43
43
44
46
45
44
43
43
37
117
114
110
107
103
101
98
96
95
95
96
97
122
119
115
111
107
105
102
99
99
99
100
102
127
127
122
117
113
111
108
106
105
105
106
110
127
127
127
126
122
118
116
113
113
113
115
117
127
127
127
127
127
127
124
122
122
122
124
127
122
127
127
127
127
127
127
127
127
127
127
127
106
111
119
127
127
127
127
127
127
126
119
113
89
92
92
97
110
119
113
104
95
85
77
71
64
61
57
54
50
47
47
43
40
42
42
42
45
43
41
40
37
36
36
35
33
32
36
38
38
38
37
38
39
40
40
40
39
34
34
37
40
41
40
40
40
40
40
41
41
38
32
32
40
40
40
40
41
40
40
41
41
41
36
32
40
40
40
40
40
40
40
40
40
41
39
36
40
40
41
40
40
41
40
40
40
40
40
40
40
40
41
40
40
40
41
41
41
40
41
40
127
127
127
127
127
127
127
127
127
127
127
127
127
127
127
127
127
127
127
127
127
127
127
127
127
127
127
127
127
127
127
127
127
127
127
127
127
127
127
127
127
127
127
127
127
127
127
127
127
127
127
127
127
127
127
127
127
127
127
127
123
127
127
127
127
127
127
127
127
127
127
127
105
109
120
127
127
127
127
127
127
127
127
120
90
92
92
95
115
127
124
113
99
85
75
69
64
62
58
55
51
48
47
43
40
43
43
41
45
43
43
41
39
36
36
35
33
32
36
38
38
39
39
39
40
40
40
41
40
34
35
37
40
42
40
40
41
40
41
42
42
39
33
32
41
40
40
42
42
40
41
42
42
42
36
32
40
41
41
41
41
41
41
40
42
42
39
37
40
42
42
41
40
42
42
41
42
42
41
40
42
41
41
41
40
42
43
43
42
41
42
41
