97
93
89
84
80
78
75
75
75
76
78
82
101
97
92
88
84
81
78
78
79
81
83
87
107
103
99
94
90
86
85
85
85
88
91
95
115
111
106
102
98
94
93
92
94
96
100
103
125
121
115
110
106
104
103
102
104
108
112
117
123
127
127
126
122
117
116
120
122
123
123
120
104
111
117
122
124
126
124
121
117
113
107
100
73
76
83
92
101
120
117
96
85
76
70
65
48
48
48
48
44
82
89
41
45
44
43
43
43
41
41
40
34
100
127
41
38
41
40
41
43
42
43
42
40
127
127
73
38
43
43
43
43
43
43
40
52
127
127
119
42
43
43
43
43
45
43
37
71
127
127
127
66
40
44
43
43
44
43
37
94
127
127
127
115
40
44
43
43
43
41
42
119
127
127
127
127
64
42
43
43
43
40
47
127
127
127
127
127
96
39
44
110
106
102
96
92
90
87
86
86
88
91
94
114
110
106
100
96
92
91
90
91
93
96
99
120
116
112
106
103
99
97
96
99
100
103
107
127
124
120
114
110
108
106
105
107
109
113
116
127
127
127
123
120
117
116
114
117
121
126
127
127
127
127
127
127
127
127
127
127
127
127
124
105
113
122
127
127
127
127
127
124
117
109
100
73
76
82
91
105
123
121
101
85
75
69
65
47
47
46
45
46
50
49
43
42
42
42
42
40
40
38
37
37
33
31
36
37
37
38
38
40
40
40
40
40
33
31
38
40
40
40
40
40
40
40
40
40
33
31
35
41
40
40
40
40
41
40
41
39
33
32
33
39
41
41
40
41
41
40
41
37
32
32
32
36
42
41
40
41
41
40
40
35
32
32
32
33
39
41
40
40
40
40
40
34
32
32
32
32
35
40
40
127
127
127
127
127
127
127
127
127
127
127
127
127
127
127
127
127
127
127
127
127
127
127
127
127
127
127
127
127
127
127
127
127
127
127
127
127
127
127
127
127
127
127
127
127
127
127
127
127
127
127
127
127
127
127
127
127
127
127
127
127
127
127
127
127
127
127
127
127
127
127
127
103
117
127
127
127
127
127
127
127
127
113
99
73
75
79
92
113
127
127
108
86
73
68
64
47
47
46
46
46
54
51
44
43
43
42
42
40
40
40
38
37
33
31
36
38
39
39
39
40
40
40
40
41
34
31
39
41
41
40
40
41
40
40
41
41
33
31
35
41
41
41
40
41
42
41
42
39
32
32
33
40
43
42
41
42
42
40
42
37
32
32
32
36
43
42
41
42
41
40
41
36
32
32
32
33
40
42
41
41
40
40
40
34
32
32
32
32
36
41
41
