105
102
98
93
89
87
85
82
82
82
83
85
109
106
102
97
93
91
88
85
85
85
87
89
115
112
108
103
99
97
94
92
92
92
93
96
123
120
116
112
108
104
102
99
99
99
101
103
127
127
126
120
116
113
110
109
108
109
110
113
123
127
127
127
127
127
125
124
124
124
123
123
109
114
121
127
127
127
127
123
117
116
112
108
91
92
95
102
113
113
108
101
89
81
75
70
65
62
59
56
51
49
54
78
73
40
38
42
47
46
43
43
40
40
41
55
96
104
58
33
40
41
41
42
42
43
41
42
82
127
118
79
43
44
43
43
43
43
42
41
36
85
127
127
45
46
45
41
43
42
42
44
43
40
89
127
45
44
43
41
43
42
43
45
44
38
49
99
43
42
42
42
43
43
45
45
44
43
38
48
42
41
43
43
43
44
45
45
43
43
43
40
118
115
111
106
103
99
97
95
94
94
96
98
122
119
115
110
106
103
100
98
98
98
99
102
127
125
121
116
113
110
106
104
104
104
106
108
127
127
127
125
121
117
115
113
112
113
114
116
127
127
127
127
127
126
123
121
121
122
123
127
123
127
127
127
127
127
127
127
127
127
127
127
108
114
123
127
127
127
127
127
127
123
116
110
91
92
95
102
116
117
110
100
91
82
74
69
64
61
57
54
49
47
45
41
40
42
42
40
44
43
41
40
37
37
36
35
33
33
37
38
37
38
38
39
39
40
40
40
38
34
35
37
40
40
40
40
40
40
40
40
40
38
33
33
41
41
40
39
40
40
40
41
41
40
37
33
41
40
40
40
40
40
40
40
40
40
40
37
40
39
40
40
40
41
41
40
40
40
41
40
39
39
40
40
41
42
40
41
40
40
40
42
127
127
127
127
127
127
127
127
127
127
127
127
127
127
127
127
127
127
127
127
127
127
127
127
127
127
127
127
127
127
127
127
127
127
127
127
127
127
127
127
127
127
127
127
127
127
127
127
127
127
127
127
127
127
127
127
127
127
127
127
127
127
127
127
127
127
127
127
127
127
127
127
106
112
126
127
127
127
127
127
127
127
127
115
91
92
93
100
126
127
120
108
94
81
71
68
64
61
57
54
50
47
45
42
41
43
43
41
45
44
42
40
37
37
36
35
33
33
37
39
38
39
39
40
40
41
40
40
38
35
36
38
40
41
41
41
41
41
40
41
41
39
33
33
42
43
41
40
41
40
40
42
42
41
38
33
42
41
40
40
40
40
41
41
41
40
40
37
41
40
40
40
40
41
42
41
41
40
41
41
40
40
40
40
42
43
42
42
41
41
40
42
