97
93
89
84
80
78
75
75
75
76
78
82
101
97
92
88
84
81
78
78
79
81
83
87
107
103
99
94
90
86
85
85
85
88
91
95
115
111
106
101
97
94
92
92
94
96
100
103
125
121
115
110
106
104
103
102
104
108
112
117
124
127
127
126
122
117
116
120
122
123
123
120
105
112
118
122
125
126
124
121
116
113
107
100
74
77
83
92
102
120
116
96
85
76
69
65
48
48
48
48
43
89
82
41
45
44
43
43
43
42
40
40
35
113
118
37
39
40
41
41
43
43
43
40
47
127
127
61
40
43
43
43
43
43
44
39
67
127
127
99
39
43
43
43
43
44
44
38
94
127
127
127
50
42
44
44
44
44
43
43
123
127
127
127
85
38
43
44
44
44
41
57
127
127
127
127
127
46
42
44
45
44
40
71
127
127
127
127
127
60
40
45
110
106
100
96
92
89
87
86
86
88
91
94
114
110
105
100
96
92
91
90
91
93
96
99
120
116
112
106
103
99
97
96
99
100
103
107
127
124
120
114
110
108
106
105
107
109
113
116
127
127
127
123
120
116
116
114
117
121
126
127
127
127
127
127
127
127
127
127
127
127
127
124
106
113
123
127
127
127
127
127
124
116
108
100
73
76
82
92
105
124
120
99
85
75
68
65
47
47
46
45
46
50
49
43
42
42
42
42
40
40
38
37
37
33
32
37
37
37
39
38
40
40
40
40
40
33
32
39
41
40
40
40
40
40
40
40
39
33
32
37
41
40
40
40
40
41
40
40
37
32
32
33
40
40
41
40
41
41
40
40
35
32
32
32
38
41
40
41
41
41
41
40
33
32
32
32
35
40
40
41
40
41
42
40
33
32
32
32
33
39
40
42
127
127
127
127
127
127
127
127
127
127
127
127
127
127
127
127
127
127
127
127
127
127
127
127
127
127
127
127
127
127
127
127
127
127
127
127
127
127
127
127
127
127
127
127
127
127
127
127
127
127
127
127
127
127
127
127
127
127
127
127
127
127
127
127
127
127
127
127
127
127
127
127
104
118
127
127
127
127
127
127
127
127
112
99
73
75
80
93
114
127
127
106
86
72
68
65
47
47
45
45
47
53
51
44
43
43
42
42
40
40
39
37
37
33
31
37
38
38
39
39
40
40
40
40
41
33
32
40
42
40
41
40
40
40
41
41
40
33
32
37
42
41
41
41
41
42
41
42
37
32
32
34
40
42
42
41
42
43
41
42
36
32
32
32
38
42
41
42
42
43
42
42
34
32
32
32
35
41
41
42
42
42
43
41
33
32
32
32
33
40
41
43
