103
100
96
92
88
84
82
80
80
80
82
83
107
104
100
96
92
88
85
83
83
84
86
88
114
110
106
102
98
94
92
89
89
90
92
95
122
118
114
110
106
102
99
97
97
98
100
103
127
127
123
118
114
111
109
106
106
108
110
114
127
127
127
127
127
126
124
123
123
123
122
120
116
123
127
127
127
127
122
117
116
112
107
102
94
96
104
114
112
109
100
89
81
75
69
66
62
60
57
50
49
54
83
68
37
39
43
42
45
43
43
40
40
40
61
107
96
46
33
37
40
41
43
43
43
41
46
99
127
106
65
44
43
43
43
43
42
44
41
43
122
127
127
74
42
42
43
43
43
43
44
42
53
127
127
127
42
43
44
43
43
43
43
43
39
73
127
127
43
45
44
43
43
43
42
44
42
38
98
127
45
46
43
43
44
43
42
43
43
40
49
127
117
113
110
105
101
97
95
92
92
92
93
96
121
117
113
109
105
101
98
96
96
96
98
100
127
123
120
115
111
107
104
103
102
103
105
107
127
127
127
123
119
115
113
110
110
111
113
116
127
127
127
127
127
123
121
120
120
121
124
127
127
127
127
127
127
127
127
127
127
127
127
125
116
124
127
127
127
127
127
127
123
116
110
103
94
96
103
118
116
110
100
92
82
75
69
66
61
57
54
48
46
44
41
41
43
41
40
40
43
41
39
37
36
36
34
32
33
37
38
38
37
38
39
40
40
40
40
37
33
36
39
40
40
40
40
40
40
41
40
40
35
32
34
38
40
39
40
40
40
41
41
41
39
33
32
33
39
40
41
40
40
40
40
41
40
37
33
32
40
41
41
40
40
40
40
41
40
40
37
33
40
40
40
41
41
40
40
40
40
40
40
34
127
127
127
127
127
127
127
127
127
127
127
127
127
127
127
127
127
127
127
127
127
127
127
127
127
127
127
127
127
127
127
127
127
127
127
127
127
127
127
127
127
127
127
127
127
127
127
127
127
127
127
127
127
127
127
127
127
127
127
127
127
127
127
127
127
127
127
127
127
127
127
127
113
127
127
127
127
127
127
127
127
127
114
103
93
94
103
127
127
120
109
95
82
72
68
65
61
58
54
49
47
45
42
41
43
42
41
41
43
42
40
37
36
36
34
32
33
37
40
39
38
39
40
40
40
41
40
37
34
37
40
41
41
42
41
41
40
42
42
42
36
32
34
39
40
40
41
40
40
42
42
43
40
33
31
33
40
41
42
41
40
41
41
43
41
38
33
31
40
42
42
41
41
41
41
41
41
41
37
33
42
42
41
41
43
41
40
40
41
41
40
35
