97
93
89
84
80
78
75
75
75
76
78
82
101
97
92
88
84
81
78
78
79
81
83
87
107
103
99
94
90
86
85
85
85
88
91
95
115
111
106
101
97
94
92
92
94
96
100
103
125
121
115
110
106
104
103
102
104
108
112
117
124
127
127
126
122
117
116
120
122
123
122
120
105
112
118
122
125
126
124
121
116
112
106
100
74
77
84
92
102
120
116
96
85
75
69
65
48
49
47
48
43
91
80
43
45
44
43
43
43
42
41
40
37
120
110
35
40
40
40
41
43
43
43
40
54
127
127
54
40
43
43
43
43
43
44
39
81
127
127
85
38
44
44
43
43
43
43
40
113
127
127
124
42
43
43
45
43
43
40
53
127
127
127
127
63
39
43
43
43
43
39
78
127
127
127
127
101
40
43
42
42
44
39
102
127
127
127
127
127
43
43
41
110
106
100
96
92
89
87
86
86
88
91
94
114
110
105
100
96
92
91
90
91
93
96
99
120
116
112
106
103
99
97
96
99
100
103
107
127
124
120
114
110
108
106
105
107
109
113
116
127
127
127
123
120
116
116
114
117
121
126
127
127
127
127
127
127
127
127
127
127
127
127
123
106
113
123
127
127
127
127
127
124
116
108
99
73
76
82
92
106
124
120
99
85
75
68
65
47
47
45
45
47
50
50
43
42
42
42
42
40
40
38
37
37
32
33
37
37
37
38
38
40
40
40
40
39
32
33
40
40
40
40
40
40
40
40
40
38
33
32
37
41
40
40
40
40
41
41
42
36
31
32
35
40
40
40
42
40
40
40
40
33
32
32
33
38
41
40
40
40
40
40
38
32
32
32
32
36
41
40
39
40
40
40
36
32
32
32
32
34
41
41
39
127
127
127
127
127
127
127
127
127
127
127
127
127
127
127
127
127
127
127
127
127
127
127
127
127
127
127
127
127
127
127
127
127
127
127
127
127
127
127
127
127
127
127
127
127
127
127
127
127
127
127
127
127
127
127
127
127
127
127
127
127
127
127
127
127
127
127
127
127
127
127
127
105
119
127
127
127
127
127
127
127
127
112
99
73
75
80
93
114
127
127
106
85
72
68
65
47
47
45
45
47
53
51
44
43
43
42
42
40
40
39
37
37
32
32
37
37
38
39
39
40
40
41
41
40
32
33
40
41
40
42
40
40
41
42
42
39
33
32
39
42
41
42
41
40
42
42
42
36
31
32
36
40
41
41
43
40
41
41
40
34
32
32
33
39
41
41
41
40
41
41
38
33
32
32
32
37
41
41
40
40
41
41
37
32
32
32
32
34
41
42
40
