97
93
89
85
81
78
76
75
76
77
79
82
101
97
92
88
84
82
79
79
80
82
85
87
107
103
99
94
90
87
85
85
86
89
92
95
115
111
106
102
98
95
93
93
95
97
101
104
125
121
116
111
107
105
103
103
105
108
113
117
124
127
127
126
122
118
117
120
122
123
123
120
105
112
118
122
125
126
125
122
116
112
106
100
74
77
84
92
102
120
116
96
85
75
69
65
48
49
48
48
43
91
79
43
45
44
43
43
42
42
41
40
37
121
109
35
40
41
40
41
42
43
43
40
56
127
127
51
40
44
43
43
42
43
43
38
87
127
127
79
38
44
44
43
43
43
42
42
120
127
127
116
40
41
43
43
43
43
40
58
127
127
127
127
57
40
44
43
43
43
40
89
127
127
127
127
90
39
45
45
43
43
40
116
127
127
127
127
120
39
45
47
110
106
102
97
93
89
88
87
87
89
91
95
114
110
106
101
97
93
92
91
92
94
96
100
121
116
112
107
103
99
98
97
99
101
104
108
127
124
120
115
111
108
106
106
108
110
113
116
127
127
127
123
120
117
116
115
118
121
126
127
127
127
127
127
127
127
127
127
127
127
127
124
106
114
123
127
127
127
127
127
125
116
108
99
73
76
82
92
105
124
120
99
85
75
68
65
47
47
45
45
46
50
50
43
42
42
42
42
39
40
38
37
37
33
33
37
37
37
38
38
39
40
40
40
39
32
33
40
40
40
40
40
40
40
40
41
38
32
33
38
40
40
41
40
40
40
40
40
35
32
32
35
40
40
40
40
41
40
41
40
33
32
32
33
40
41
41
41
41
40
41
37
32
32
32
32
37
41
42
41
40
41
41
35
32
32
32
32
34
40
41
40
127
127
127
127
127
127
127
127
127
127
127
127
127
127
127
127
127
127
127
127
127
127
127
127
127
127
127
127
127
127
127
127
127
127
127
127
127
127
127
127
127
127
127
127
127
127
127
127
127
127
127
127
127
127
127
127
127
127
127
127
127
127
127
127
127
127
127
127
127
127
127
127
105
119
127
127
127
127
127
127
127
127
112
99
73
75
80
93
114
127
127
106
86
72
68
65
47
47
45
45
47
53
52
44
43
43
42
42
40
40
39
37
37
32
32
37
37
39
39
39
40
40
40
41
40
32
33
40
40
41
41
40
40
40
41
42
39
33
33
38
41
41
42
41
40
40
41
41
36
32
32
36
41
41
40
41
41
41
42
40
33
32
32
33
40
42
42
42
42
41
42
38
32
32
32
32
38
41
43
42
41
41
42
36
32
32
32
32
35
40
43
43
