98
94
89
85
81
78
77
76
77
77
79
82
102
98
93
89
85
82
80
79
81
82
85
88
108
104
99
95
91
88
86
85
87
89
92
96
116
112
107
103
99
96
94
94
95
97
101
104
125
121
116
111
107
105
103
103
105
109
113
118
125
127
127
126
123
118
117
120
123
123
123
120
106
112
118
122
125
126
125
122
117
113
106
99
74
77
84
92
102
120
116
97
85
75
69
65
48
48
48
48
43
93
78
43
45
44
43
43
43
42
41
40
40
127
102
34
41
40
40
41
43
43
43
38
64
127
127
45
43
43
43
43
43
43
43
38
102
127
127
64
39
43
43
43
44
45
42
50
127
127
127
96
37
43
45
44
44
45
40
80
127
127
127
127
44
42
45
44
44
43
43
120
127
127
127
127
62
40
43
43
43
43
52
127
127
127
127
127
82
37
43
43
111
106
103
97
93
91
89
88
89
89
92
95
115
110
106
101
97
95
92
92
92
94
97
100
121
117
113
107
103
101
99
98
99
102
105
108
127
124
120
115
111
108
106
106
108
111
114
117
127
127
127
124
120
118
116
116
119
122
127
127
127
127
127
127
127
127
127
127
127
127
127
124
106
114
123
127
127
127
127
127
124
116
107
99
73
76
82
92
105
124
121
100
85
75
68
65
47
47
45
45
46
50
50
43
43
42
42
42
40
40
38
37
37
32
33
37
37
37
39
38
40
40
40
40
39
31
33
40
40
40
40
40
40
40
40
40
37
32
33
40
41
40
40
40
40
41
41
40
33
32
32
37
41
41
40
40
41
40
42
39
32
32
32
34
40
41
41
40
41
41
42
36
32
32
32
33
39
40
40
40
41
42
41
33
32
32
32
32
37
39
40
40
127
127
127
127
127
127
127
127
127
127
127
127
127
127
127
127
127
127
127
127
127
127
127
127
127
127
127
127
127
127
127
127
127
127
127
127
127
127
127
127
127
127
127
127
127
127
127
127
127
127
127
127
127
127
127
127
127
127
127
127
127
127
127
127
127
127
127
127
127
127
127
127
105
119
127
127
127
127
127
127
127
127
112
99
73
75
80
93
114
127
127
107
86
72
68
65
47
47
45
45
47
52
52
44
43
43
42
42
40
40
39
37
37
31
33
37
38
38
39
39
40
40
41
41
40
31
33
41
42
40
41
40
40
40
42
42
37
32
33
40
42
41
41
40
41
42
42
41
33
31
32
37
42
42
42
42
42
42
43
39
32
32
32
35
41
42
42
41
42
42
43
36
32
32
32
33
40
40
41
41
42
42
42
33
32
32
32
32
38
40
40
41
