102
98
94
89
85
82
80
78
78
78
81
82
106
102
98
92
89
85
83
82
82
82
85
87
112
108
104
99
95
92
89
88
88
89
91
94
120
116
112
107
103
99
96
96
96
97
100
104
127
124
120
116
112
108
106
106
106
110
117
121
127
127
127
127
127
124
123
121
120
118
115
111
127
127
127
127
126
122
116
111
106
101
95
88
111
113
111
110
101
92
83
75
69
65
63
61
54
48
46
97
61
42
44
43
42
42
40
40
40
32
75
127
61
36
40
40
40
40
40
40
37
61
127
127
64
39
44
44
42
43
44
43
48
117
127
127
57
40
44
44
42
43
43
43
112
127
127
127
50
41
44
44
43
42
42
43
127
127
127
127
45
42
44
45
43
42
41
43
127
127
127
127
42
42
43
44
43
42
42
43
127
127
127
124
41
43
42
42
43
42
43
42
114
110
107
102
98
94
92
90
90
91
92
95
119
115
111
106
102
98
96
94
94
95
96
99
126
122
117
113
108
104
102
100
100
102
104
107
127
127
125
120
116
112
110
108
109
110
113
116
127
127
127
127
124
122
120
119
120
123
126
127
127
127
127
127
127
127
127
127
127
123
117
112
127
127
127
127
127
127
123
116
109
101
93
87
113
119
116
110
103
93
83
75
69
65
63
62
51
47
47
42
43
43
42
41
40
40
40
40
37
36
33
29
34
37
37
37
37
37
38
37
40
38
34
32
39
40
40
41
40
40
40
40
40
35
32
33
40
40
40
41
40
40
40
40
36
32
32
33
40
40
40
41
40
40
39
41
33
32
32
34
40
40
40
41
40
40
39
41
32
32
32
34
40
40
40
40
40
40
40
40
32
32
32
35
40
40
39
40
40
40
40
39
127
127
127
127
127
127
127
127
127
127
127
127
127
127
127
127
127
127
127
127
127
127
127
127
127
127
127
127
127
127
127
127
127
127
127
127
127
127
127
127
127
127
127
127
127
127
127
127
127
127
127
127
127
127
127
127
127
127
127
127
127
127
127
127
127
127
127
127
127
127
124
113
127
127
127
127
127
127
127
127
113
100
91
85
117
127
127
121
111
97
83
72
67
65
63
61
52
48
47
43
43
43
42
42
40
40
40
40
38
36
33
29
35
37
38
39
38
38
39
38
40
40
34
32
39
41
41
42
40
41
41
41
42
36
32
33
40
41
41
42
40
41
41
41
37
32
32
33
40
41
42
42
40
40
40
42
33
32
32
34
40
41
42
42
41
40
40
42
32
32
32
35
40
41
40
41
41
40
40
40
32
32
32
36
41
41
40
40
40
40
41
40
