102
98
95
90
86
84
81
79
79
79
82
84
106
103
99
94
90
87
84
82
82
83
85
87
113
110
105
100
96
92
90
89
89
89
92
98
120
116
113
108
104
100
98
96
96
98
103
112
127
125
121
116
113
109
107
106
109
116
121
120
127
127
127
127
127
125
123
120
117
114
110
103
127
127
127
127
127
120
113
108
102
93
86
81
114
113
116
107
98
88
78
71
66
63
61
60
54
76
85
51
46
44
43
42
40
40
39
39
92
76
56
40
39
40
40
40
40
40
39
39
93
64
42
42
43
43
43
43
43
43
43
42
41
38
43
43
44
43
43
43
42
43
43
43
42
42
44
44
45
44
43
43
43
42
43
45
43
43
45
44
45
46
45
42
43
41
43
44
43
43
44
44
45
45
44
41
43
42
43
44
42
43
43
44
44
43
43
41
42
43
43
44
115
111
108
103
99
96
93
91
91
92
92
96
120
116
112
107
103
99
97
95
95
96
97
99
127
123
118
113
110
106
103
101
101
102
105
110
127
127
126
121
117
113
110
110
110
110
114
120
127
127
127
127
126
122
120
120
122
124
125
120
127
127
127
127
127
127
127
127
123
116
110
103
127
127
127
127
127
127
120
110
102
92
85
81
119
119
115
110
100
89
78
70
66
63
61
60
48
44
43
44
43
42
40
40
40
40
39
40
33
33
35
36
36
37
37
38
37
37
37
37
37
39
40
40
40
40
40
40
40
40
40
39
40
40
40
40
40
40
40
40
40
40
40
41
40
40
41
41
40
40
40
40
40
40
41
41
40
40
40
41
41
40
40
39
40
39
40
41
40
41
40
41
41
40
40
39
40
40
40
41
40
40
41
42
40
40
40
39
40
40
41
41
127
127
127
127
127
127
127
127
127
127
127
127
127
127
127
127
127
127
127
127
127
127
127
127
127
127
127
127
127
127
127
127
127
127
127
127
127
127
127
127
127
127
127
127
127
127
127
127
127
127
127
127
127
127
127
127
127
127
127
123
127
127
127
127
127
127
127
127
127
121
110
101
127
127
127
127
127
127
127
117
100
89
84
81
127
127
125
119
107
91
75
68
64
63
61
60
48
45
43
45
44
43
41
40
40
40
40
40
33
33
34
36
36
37
38
39
38
39
37
37
37
39
41
41
41
41
41
41
40
41
40
40
40
40
41
41
41
41
41
41
40
40
41
42
40
40
42
42
41
42
41
40
41
40
42
43
41
41
42
42
42
42
42
40
40
40
41
42
41
42
42
42
42
42
41
40
40
40
41
42
40
41
41
43
41
41
40
40
40
40
42
42
