97
93
89
84
80
78
75
75
75
76
78
82
101
97
92
88
84
81
79
78
79
81
83
87
107
103
99
94
90
86
85
85
85
88
91
95
115
111
106
102
98
94
93
92
94
96
100
103
125
121
116
110
106
104
103
102
104
108
112
117
124
127
127
126
122
117
116
120
122
123
123
120
105
112
118
122
124
125
125
121
117
113
107
100
73
76
83
92
101
119
117
97
85
76
70
65
48
48
48
48
43
90
82
43
45
44
43
43
43
41
40
40
39
123
106
34
40
40
40
41
43
42
42
39
63
127
127
46
42
43
43
43
43
43
43
39
99
127
127
66
40
43
43
43
43
44
40
48
127
127
127
96
39
43
43
43
44
45
40
78
127
127
127
127
45
43
44
43
44
44
45
121
127
127
127
127
63
41
45
44
43
43
54
127
127
127
127
127
82
40
44
44
110
106
102
96
92
90
87
86
86
88
91
94
114
110
106
100
96
92
91
90
91
93
96
99
120
116
112
106
103
99
97
96
99
100
103
107
127
124
120
115
110
108
106
105
107
109
113
116
127
127
127
123
120
117
116
114
117
121
126
127
127
127
127
127
127
127
127
127
127
127
127
124
106
113
123
127
127
127
127
127
124
116
108
100
73
76
82
92
105
123
122
101
85
75
68
65
47
47
46
45
46
50
50
44
42
42
42
42
40
39
38
37
37
32
33
37
37
37
38
38
40
39
40
40
39
32
33
40
40
40
40
40
40
40
40
40
37
32
33
39
41
40
40
40
40
41
40
40
33
32
32
36
41
40
40
40
40
40
40
38
32
32
32
34
41
41
40
41
40
40
40
35
32
32
32
33
40
41
41
41
40
40
40
33
32
32
32
32
38
41
42
42
127
127
127
127
127
127
127
127
127
127
127
127
127
127
127
127
127
127
127
127
127
127
127
127
127
127
127
127
127
127
127
127
127
127
127
127
127
127
127
127
127
127
127
127
127
127
127
127
127
127
127
127
127
127
127
127
127
127
127
127
127
127
127
127
127
127
127
127
127
127
127
127
104
118
127
127
127
127
127
127
127
127
113
99
73
75
80
92
113
127
127
108
86
73
68
65
47
47
46
46
46
52
52
44
43
43
42
42
40
40
40
38
37
32
33
37
38
38
39
40
40
40
40
40
40
32
33
41
42
40
40
41
40
41
40
41
37
32
33
40
42
41
41
41
41
42
40
41
35
32
32
37
43
41
41
41
42
41
41
39
33
32
32
34
41
42
41
42
42
41
42
36
32
32
32
33
40
42
42
42
41
42
42
33
32
32
32
32
39
42
43
43
