104
103
99
93
91
89
85
83
83
83
84
86
109
106
103
98
95
91
89
87
86
86
88
90
116
113
109
105
101
97
96
93
92
92
94
97
123
120
116
113
109
106
103
101
100
100
103
107
127
127
125
121
118
114
112
110
110
113
119
123
127
127
127
127
127
127
127
126
123
119
115
109
127
127
127
127
127
127
124
116
110
102
93
85
103
106
116
119
115
104
93
81
71
66
62
61
54
62
75
78
64
47
45
43
41
40
40
39
85
84
70
54
43
39
39
40
40
40
39
39
90
78
59
43
40
43
43
43
44
43
42
43
53
40
39
42
43
44
44
43
43
42
42
43
42
42
42
43
44
44
45
43
42
43
42
43
43
43
43
43
44
45
44
42
42
43
42
43
44
43
43
43
44
45
43
42
43
43
42
43
43
44
44
42
43
45
43
43
44
43
43
43
119
116
112
108
104
100
99
96
96
96
96
99
123
120
116
112
108
104
102
99
99
99
100
103
127
126
122
118
114
111
108
106
106
106
106
110
127
127
127
126
122
120
116
114
113
113
115
118
127
127
127
127
127
127
125
123
123
125
127
125
127
127
127
127
127
127
127
127
127
124
116
109
127
127
127
127
127
127
127
124
113
102
92
85
103
106
119
122
116
108
95
81
71
65
62
61
58
54
50
46
46
44
43
41
40
39
38
39
38
37
36
34
36
36
37
37
37
37
37
37
35
37
39
39
40
40
40
40
40
40
40
40
38
40
40
40
41
40
40
40
40
40
40
40
40
40
40
40
41
41
41
40
40
40
39
40
41
40
40
40
41
42
41
39
40
40
40
40
42
41
40
40
40
41
40
40
40
40
40
40
41
42
40
40
40
40
40
40
41
40
40
41
127
127
127
127
127
127
127
127
127
127
127
127
127
127
127
127
127
127
127
127
127
127
127
127
127
127
127
127
127
127
127
127
127
127
127
127
127
127
127
127
127
127
127
127
127
127
127
127
127
127
127
127
127
127
127
127
127
127
127
127
127
127
127
127
127
127
127
127
127
127
121
108
127
127
127
127
127
127
127
127
120
101
89
84
100
106
127
127
127
116
99
80
69
64
62
61
58
55
52
47
45
45
43
42
40
40
39
39
39
37
36
34
35
36
37
38
39
38
37
37
35
37
39
40
41
41
41
41
41
40
40
40
39
41
41
40
42
42
41
41
41
40
40
41
40
41
40
41
42
42
42
40
40
40
40
41
42
41
41
40
42
43
41
40
40
40
40
41
42
41
41
40
42
43
41
40
40
40
41
41
41
42
41
40
41
43
40
41
42
41
40
41
