106
103
100
97
95
92
91
89
89
89
89
91
110
107
104
101
99
96
95
92
92
92
92
95
116
113
110
107
105
103
101
99
98
99
99
101
123
121
119
116
113
110
109
106
106
106
106
108
127
127
127
124
122
120
117
116
115
115
116
118
127
127
127
127
127
127
127
127
127
127
127
124
119
122
127
127
127
127
127
127
125
119
113
106
99
101
103
106
116
118
115
105
92
82
74
68
68
65
61
57
50
56
100
55
43
44
43
42
47
46
40
34
60
116
99
40
38
40
40
40
39
36
43
69
120
127
75
40
43
43
43
43
41
45
77
127
127
114
37
43
43
43
43
43
50
105
127
127
127
56
37
43
43
43
43
44
123
127
127
127
91
39
41
43
43
43
42
43
127
127
127
127
49
40
43
44
46
43
42
42
127
127
127
82
35
44
44
45
47
45
43
42
119
116
113
110
108
106
103
102
101
101
103
103
123
120
117
114
112
110
107
106
105
105
106
107
127
127
124
121
118
116
114
112
111
111
113
113
127
127
127
127
127
124
122
120
120
119
120
121
127
127
127
127
127
127
127
127
127
127
127
127
127
127
127
127
127
127
127
127
127
127
127
127
117
123
127
127
127
127
127
127
127
126
116
107
99
101
102
105
120
125
116
106
94
82
73
68
66
63
60
56
54
49
43
44
43
42
41
40
44
43
41
40
37
31
32
37
37
37
37
37
37
38
37
37
33
32
38
40
40
40
40
40
40
41
38
34
32
36
40
40
40
40
40
40
40
37
33
32
33
39
39
40
40
40
41
41
36
33
32
32
37
40
39
40
41
40
40
40
33
32
32
35
39
40
40
41
41
41
40
40
32
32
32
38
40
41
41
40
42
42
40
40
127
127
127
127
127
127
127
127
127
127
127
127
127
127
127
127
127
127
127
127
127
127
127
127
127
127
127
127
127
127
127
127
127
127
127
127
127
127
127
127
127
127
127
127
127
127
127
127
127
127
127
127
127
127
127
127
127
127
127
127
127
127
127
127
127
127
127
127
127
127
127
127
115
122
127
127
127
127
127
127
127
127
127
111
100
100
100
103
125
127
126
114
98
82
71
67
67
64
60
57
56
50
43
44
43
42
41
40
45
43
43
41
37
31
32
36
37
38
38
38
38
39
39
37
33
33
39
41
40
41
41
41
41
42
39
33
31
36
41
41
40
40
41
41
41
37
33
31
33
40
40
40
41
40
41
42
36
33
32
32
37
40
40
41
41
40
40
41
33
32
32
35
40
41
41
42
43
42
40
40
32
32
32
38
41
42
42
42
44
43
41
40
