104
102
100
98
96
93
92
89
89
89
89
92
109
106
104
102
99
96
95
93
93
93
93
96
116
113
110
108
105
103
101
99
99
99
99
102
123
121
118
116
113
111
110
107
107
107
107
109
127
127
127
125
122
120
118
116
116
116
116
118
127
127
127
127
127
127
127
127
127
127
127
127
116
120
125
127
127
127
127
127
127
122
116
110
99
100
102
104
113
120
113
109
96
86
78
71
69
67
63
60
57
49
64
92
46
43
43
42
47
47
45
44
38
38
112
117
40
38
40
40
40
40
41
39
40
82
127
127
43
42
43
43
44
43
43
40
64
127
127
120
42
43
43
43
42
43
37
53
127
127
127
114
41
43
44
43
43
39
50
119
127
127
127
108
40
43
46
44
43
50
100
127
127
127
127
100
38
44
45
44
42
69
127
127
127
127
127
94
38
44
44
43
119
116
113
111
107
105
104
103
101
101
103
104
123
120
117
115
112
110
108
106
106
106
106
108
127
127
124
121
120
116
114
113
113
113
113
114
127
127
127
127
127
124
123
120
120
120
120
122
127
127
127
127
127
127
127
127
127
127
127
127
127
127
127
127
127
127
127
127
127
127
127
127
116
120
126
127
127
127
127
127
127
127
122
113
99
100
102
103
113
126
118
109
99
86
77
71
68
65
61
57
55
51
45
42
43
42
41
41
45
43
42
40
40
37
31
31
36
37
37
38
37
37
37
39
39
37
33
34
40
40
40
40
40
40
40
40
38
33
31
35
40
40
40
40
39
40
40
39
34
32
31
36
41
40
40
40
40
41
40
35
32
32
32
37
41
41
41
40
40
40
37
33
32
32
32
37
41
42
41
40
40
39
33
32
32
32
32
37
41
41
41
40
127
127
127
127
127
127
127
127
127
127
127
127
127
127
127
127
127
127
127
127
127
127
127
127
127
127
127
127
127
127
127
127
127
127
127
127
127
127
127
127
127
127
127
127
127
127
127
127
127
127
127
127
127
127
127
127
127
127
127
127
127
127
127
127
127
127
127
127
127
127
127
127
113
117
127
127
127
127
127
127
127
127
127
119
99
99
100
101
115
127
127
119
104
87
75
68
69
65
61
57
55
52
46
43
43
42
41
40
46
44
43
42
40
37
30
30
37
37
37
39
38
38
38
40
40
37
33
35
41
41
40
41
42
40
41
41
39
33
31
36
41
42
40
41
40
40
40
40
34
32
31
36
42
42
41
41
40
42
41
35
32
32
32
37
42
43
42
42
42
41
38
33
32
32
32
37
42
43
43
42
42
40
33
32
32
32
32
37
42
42
42
41
