104
102
100
98
96
93
92
90
90
90
90
92
109
106
104
102
99
97
96
94
93
94
94
96
116
113
110
108
106
103
102
100
99
100
100
102
123
121
118
116
113
111
110
108
108
108
108
110
127
127
127
125
123
120
119
116
116
116
116
118
125
127
127
127
127
127
127
127
127
127
127
127
115
118
123
127
127
127
127
127
127
123
119
113
99
100
102
103
110
121
115
110
98
88
80
73
71
68
64
61
57
54
47
85
71
40
44
43
49
47
46
43
43
40
35
103
126
41
38
40
40
40
40
40
42
41
42
127
127
78
39
44
43
43
43
43
43
41
54
127
127
127
45
43
44
44
43
43
43
40
71
127
127
127
80
37
43
44
43
43
44
39
99
127
127
127
127
47
43
44
43
43
44
44
127
127
127
127
127
83
43
43
43
43
44
52
127
127
127
127
127
124
117
115
113
111
109
106
105
103
103
103
104
105
122
120
117
115
113
110
109
107
106
106
108
109
127
127
124
121
119
116
115
113
113
113
114
115
127
127
127
127
127
125
123
121
121
121
121
123
127
127
127
127
127
127
127
127
127
127
127
127
127
127
127
127
127
127
127
127
127
127
127
127
114
117
123
127
127
127
127
127
127
127
124
116
99
99
101
103
109
125
119
111
101
89
79
72
71
67
63
59
56
53
47
43
42
43
42
41
46
44
43
41
40
37
36
32
30
37
37
37
37
37
37
38
38
39
40
34
32
38
41
40
40
40
40
40
40
40
40
33
31
34
41
40
40
41
40
40
41
41
39
32
32
32
38
40
40
41
40
40
41
41
37
32
32
32
35
40
40
41
40
40
41
41
35
32
32
32
33
37
40
40
40
40
42
41
33
32
32
32
32
36
127
127
127
127
127
127
127
127
127
127
127
127
127
127
127
127
127
127
127
127
127
127
127
127
127
127
127
127
127
127
127
127
127
127
127
127
127
127
127
127
127
127
127
127
127
127
127
127
127
127
127
127
127
127
127
127
127
127
127
127
127
127
127
127
127
127
127
127
127
127
127
127
113
115
123
127
127
127
127
127
127
127
127
125
99
100
100
101
109
127
127
121
107
92
78
70
71
68
64
59
56
54
47
43
42
43
42
41
47
45
43
42
40
37
35
31
30
37
38
39
37
37
38
39
39
40
41
35
32
38
42
42
40
40
40
41
40
41
41
34
31
34
42
42
42
42
41
41
41
43
40
32
32
32
39
42
41
42
40
41
42
42
38
32
32
32
35
41
40
42
40
41
42
42
35
32
32
32
33
39
41
41
40
41
43
43
33
32
32
32
32
36
