97
93
89
84
80
78
75
75
75
76
78
82
101
97
92
88
84
81
79
78
79
81
83
87
107
103
99
94
90
87
85
85
85
88
91
95
115
111
106
102
98
94
93
92
94
96
100
103
125
121
116
110
106
104
103
102
104
108
112
117
124
127
127
126
122
118
116
120
122
123
123
120
105
111
118
122
124
126
125
122
117
113
107
100
73
77
83
92
101
119
118
98
85
76
70
65
48
49
48
48
43
89
83
43
45
44
43
43
43
42
41
40
38
123
107
34
40
40
40
41
43
43
43
38
61
127
127
47
42
43
43
43
43
43
43
38
98
127
127
68
40
43
43
43
44
44
42
50
127
127
127
98
39
43
43
44
44
44
40
79
127
127
127
127
45
42
45
45
44
43
43
120
127
127
127
127
63
40
44
45
43
43
51
127
127
127
127
127
82
39
43
44
110
106
102
96
92
90
88
86
86
88
91
94
114
110
106
100
96
92
91
90
91
93
96
99
120
116
112
106
103
99
97
96
99
100
103
107
127
124
120
115
110
108
106
105
107
109
113
116
127
127
127
123
120
117
116
115
117
121
126
127
127
127
127
127
127
127
127
127
127
127
127
124
106
113
122
127
127
127
127
127
124
116
109
100
73
76
82
91
105
123
122
101
85
75
68
65
47
47
46
45
46
50
50
44
42
42
42
42
40
40
38
37
37
32
33
37
37
37
38
38
39
40
40
40
39
32
33
40
41
40
40
40
40
40
40
40
37
32
33
39
41
40
40
40
41
40
40
40
33
32
32
37
41
41
40
40
40
41
41
39
32
32
32
35
40
40
41
41
40
41
41
37
32
32
32
33
39
40
41
41
40
42
40
33
32
32
32
32
37
40
41
41
127
127
127
127
127
127
127
127
127
127
127
127
127
127
127
127
127
127
127
127
127
127
127
127
127
127
127
127
127
127
127
127
127
127
127
127
127
127
127
127
127
127
127
127
127
127
127
127
127
127
127
127
127
127
127
127
127
127
127
127
127
127
127
127
127
127
127
127
127
127
127
127
104
117
127
127
127
127
127
127
127
127
113
99
73
75
79
92
113
127
127
109
86
73
68
65
47
47
46
46
46
52
52
44
43
43
42
42
40
40
40
38
37
32
32
37
38
38
39
39
40
40
40
40
40
32
33
41
42
40
40
40
40
41
41
41
37
32
33
40
42
41
41
40
42
41
41
41
35
32
32
37
42
42
42
41
41
42
42
40
33
32
32
35
41
41
42
42
41
42
42
37
32
32
32
33
40
41
42
42
41
43
41
33
32
32
32
32
38
41
42
42
