105
103
100
98
96
93
92
90
90
90
90
92
109
106
104
102
99
97
96
94
93
94
94
96
116
113
110
108
106
103
102
100
99
100
100
102
123
120
118
116
113
111
110
108
108
108
108
110
127
127
127
126
123
120
119
116
116
116
116
118
123
127
127
127
127
127
127
127
127
127
127
127
113
116
121
127
127
127
127
127
127
122
119
114
99
100
102
103
109
120
114
110
101
88
79
74
75
71
68
62
58
54
48
56
85
67
37
38
50
48
47
44
42
40
40
40
64
113
92
47
40
40
40
41
41
43
43
40
47
106
127
106
43
44
43
43
43
43
43
43
39
46
127
127
43
42
43
42
42
43
43
43
43
40
64
127
43
42
43
43
44
44
43
43
43
43
43
82
44
43
43
44
46
44
43
43
43
44
41
43
45
43
44
44
45
43
43
43
43
43
44
43
117
115
113
111
109
106
105
103
103
103
104
105
122
120
117
115
113
110
109
107
106
106
108
109
127
127
124
121
119
116
115
113
113
113
114
115
127
127
127
127
127
124
123
121
121
121
121
123
127
127
127
127
127
127
127
127
127
127
127
127
123
127
127
127
127
127
127
127
127
127
127
127
113
116
121
127
127
127
127
127
127
127
125
118
100
100
102
103
108
124
119
110
102
90
80
73
74
71
65
61
57
52
46
44
41
41
42
41
47
46
43
41
40
37
36
36
35
32
34
37
37
37
37
37
39
40
40
40
40
36
34
36
40
40
40
40
40
40
40
40
40
40
35
32
40
39
40
40
40
40
40
40
41
41
39
33
40
39
40
40
40
41
40
40
40
41
41
37
40
40
40
41
40
41
40
40
40
41
41
41
41
40
40
42
40
40
40
40
41
41
41
43
127
127
127
127
127
127
127
127
127
127
127
127
127
127
127
127
127
127
127
127
127
127
127
127
127
127
127
127
127
127
127
127
127
127
127
127
127
127
127
127
127
127
127
127
127
127
127
127
127
127
127
127
127
127
127
127
127
127
127
127
123
127
127
127
127
127
127
127
127
127
127
127
111
113
120
127
127
127
127
127
127
127
127
127
100
100
101
101
108
127
127
120
107
92
80
71
74
71
66
61
57
53
47
45
41
40
43
42
48
47
44
42
40
37
36
36
35
32
34
37
37
38
38
38
39
40
41
40
41
37
34
36
41
42
40
41
40
40
41
40
41
41
35
32
40
40
40
40
40
41
41
40
41
43
40
33
41
40
41
40
42
42
41
40
41
42
42
38
41
40
41
42
43
42
41
40
41
42
42
42
42
41
42
43
42
41
41
40
42
42
42
43
