104
102
100
98
95
92
91
89
89
89
89
92
109
106
104
102
99
96
95
93
93
93
93
96
116
113
110
108
105
103
101
99
99
99
99
102
124
121
119
116
113
111
110
107
107
107
107
109
127
127
127
125
122
120
118
116
116
116
116
117
124
127
127
127
127
127
127
127
127
127
127
127
113
117
122
127
127
127
127
127
126
120
117
113
100
101
103
104
113
119
113
107
98
86
78
72
75
72
67
61
58
52
49
57
79
67
39
36
50
48
46
45
43
40
39
42
57
93
99
64
40
40
40
41
41
43
43
41
44
82
120
119
43
43
43
43
43
43
43
43
42
37
73
127
43
43
43
43
43
44
45
43
43
43
43
60
44
43
43
43
44
44
46
46
43
43
41
40
44
43
43
43
44
44
45
46
42
41
43
41
44
44
43
43
44
44
43
44
41
41
43
43
119
116
113
111
107
105
104
103
102
102
103
104
123
120
117
115
112
110
108
106
106
106
107
108
127
127
124
121
119
116
114
113
112
113
113
114
127
127
127
127
127
124
123
120
120
120
120
122
127
127
127
127
127
127
127
127
127
127
127
127
123
127
127
127
127
127
127
127
127
127
127
127
113
116
122
127
127
127
127
127
127
127
123
116
100
101
103
103
113
124
116
108
98
88
79
72
75
71
65
61
56
50
46
43
41
40
42
41
48
46
43
42
40
37
36
35
35
33
33
36
37
37
37
38
39
40
40
40
40
38
36
35
40
40
40
40
40
40
40
40
40
40
40
33
40
41
40
40
41
41
40
40
40
40
41
39
41
40
40
41
41
41
41
41
40
40
41
40
41
40
40
41
41
41
41
41
40
39
40
40
41
40
40
41
41
41
41
40
39
38
40
41
127
127
127
127
127
127
127
127
127
127
127
127
127
127
127
127
127
127
127
127
127
127
127
127
127
127
127
127
127
127
127
127
127
127
127
127
127
127
127
127
127
127
127
127
127
127
127
127
127
127
127
127
127
127
127
127
127
127
127
127
123
127
127
127
127
127
127
127
127
127
127
127
112
113
120
127
127
127
127
127
127
127
127
125
100
101
102
101
116
127
127
117
104
89
77
70
75
71
65
60
56
50
47
44
41
41
43
42
48
47
44
43
40
37
36
35
34
33
33
37
37
37
38
39
40
40
40
41
40
38
35
36
40
41
41
40
41
41
41
41
41
42
40
34
41
41
41
40
42
42
42
42
40
42
42
40
42
41
40
41
42
42
42
43
40
41
42
41
42
41
40
42
42
42
42
42
40
40
41
41
42
42
40
42
43
42
41
41
40
39
40
42
