106
103
100
97
95
92
90
89
88
88
89
90
110
107
104
101
99
96
94
92
92
92
93
94
116
113
110
107
105
103
100
99
98
98
99
100
123
121
119
116
113
110
108
106
106
106
107
108
127
127
127
124
122
120
117
115
114
114
116
116
124
127
127
127
127
127
127
127
127
127
127
126
114
119
124
127
127
127
127
127
122
118
115
110
101
102
103
107
117
116
110
103
92
83
76
70
75
71
65
61
55
50
50
64
78
58
37
37
50
48
46
43
40
39
40
46
64
93
93
61
40
40
40
40
42
43
43
41
50
86
113
111
43
43
43
43
44
43
43
44
40
36
71
127
45
46
44
42
44
43
41
43
43
41
41
54
45
45
43
43
43
43
41
43
43
43
40
40
43
43
42
43
43
42
41
43
43
43
43
43
41
42
42
43
43
42
42
43
44
43
42
43
119
115
113
110
108
106
103
102
101
101
100
103
123
120
117
114
112
110
107
106
105
105
105
107
127
127
124
120
118
116
113
112
111
111
113
113
127
127
127
127
126
123
122
120
119
119
120
121
127
127
127
127
127
127
127
127
127
127
127
127
125
127
127
127
127
127
127
127
127
127
127
127
114
118
124
127
127
127
127
127
127
127
120
112
101
102
102
106
121
121
112
104
93
83
75
71
74
69
63
58
53
47
45
43
40
40
41
41
47
45
43
40
38
36
36
36
35
33
34
36
37
37
37
38
40
40
40
41
40
37
36
36
40
40
40
40
40
40
40
41
40
40
38
34
41
41
40
40
41
41
39
40
40
40
40
40
40
40
40
40
40
40
39
40
40
40
40
40
39
40
39
40
40
39
39
40
40
40
40
40
39
40
40
40
40
40
39
41
41
41
40
40
127
127
127
127
127
127
127
127
127
127
127
127
127
127
127
127
127
127
127
127
127
127
127
127
127
127
127
127
127
127
127
127
127
127
127
127
127
127
127
127
127
127
127
127
127
127
127
127
127
127
127
127
127
127
127
127
127
127
127
127
126
127
127
127
127
127
127
127
127
127
127
127
113
115
125
127
127
127
127
127
127
127
127
119
101
102
101
104
127
127
123
111
97
83
74
68
74
70
64
59
54
48
46
43
40
41
42
41
48
46
43
41
38
36
36
36
35
34
34
37
37
37
38
39
40
40
41
42
40
38
36
36
41
41
41
41
42
41
41
42
40
41
39
35
43
43
41
40
42
42
40
40
41
40
41
40
42
42
40
41
41
40
40
40
41
40
41
41
40
40
40
41
41
40
40
41
41
40
40
41
40
40
40
41
40
40
40
42
42
41
40
40
