106
103
100
96
92
90
89
86
85
85
87
88
110
107
104
100
96
94
92
90
89
89
91
92
116
113
110
106
103
100
98
96
96
96
97
98
123
121
118
114
112
108
106
104
103
103
105
106
127
127
127
123
120
117
115
113
112
113
113
116
127
127
127
127
127
127
127
127
127
126
124
123
120
125
127
127
127
127
127
122
118
114
109
104
103
104
108
120
114
110
103
92
82
75
70
67
70
64
60
54
48
51
68
78
53
35
38
41
48
45
43
40
39
40
47
70
98
89
50
31
40
40
41
42
43
42
42
56
95
118
106
78
43
43
43
43
43
43
45
40
39
89
127
127
45
43
43
44
44
43
43
43
42
42
68
127
45
43
43
44
44
43
41
43
43
38
42
70
45
43
43
43
43
43
40
43
43
42
40
36
44
42
43
42
43
43
41
42
43
42
43
43
119
116
113
109
105
103
101
99
98
98
99
101
123
120
117
113
110
107
105
103
102
102
103
105
127
127
123
120
116
113
111
109
108
108
109
111
127
127
127
127
124
122
120
117
116
116
117
119
127
127
127
127
127
127
127
126
125
126
127
127
127
127
127
127
127
127
127
127
127
127
127
127
119
127
127
127
127
127
127
127
126
119
111
104
103
103
107
123
119
112
103
92
83
75
70
66
68
64
57
51
46
45
43
40
41
41
41
40
45
42
40
37
36
36
36
35
33
35
37
38
37
37
38
39
40
40
41
40
37
36
36
37
40
40
40
40
40
40
41
40
40
37
33
33
40
40
40
40
41
40
40
40
40
40
39
34
40
40
40
41
41
40
39
40
40
40
40
39
40
40
40
40
41
40
38
40
40
40
40
41
41
40
40
39
40
40
39
39
40
40
40
40
127
127
127
127
127
127
127
127
127
127
127
127
127
127
127
127
127
127
127
127
127
127
127
127
127
127
127
127
127
127
127
127
127
127
127
127
127
127
127
127
127
127
127
127
127
127
127
127
127
127
127
127
127
127
127
127
127
127
127
127
127
127
127
127
127
127
127
127
127
127
127
127
117
127
127
127
127
127
127
127
127
127
117
106
103
103
106
127
127
123
110
97
82
73
68
66
69
64
58
53
47
46
43
40
41
42
41
40
46
43
41
37
36
36
36
35
33
34
37
39
38
38
39
40
40
41
42
40
37
35
37
38
41
40
41
41
40
41
42
41
40
38
33
33
42
40
41
41
42
41
41
40
41
41
40
34
42
40
40
42
43
40
40
41
41
40
40
40
42
40
40
41
42
40
39
40
41
40
40
42
42
40
40
40
41
41
40
40
41
40
41
40
