97
92
89
84
80
77
75
75
75
76
78
82
101
96
92
87
83
81
78
78
79
81
83
87
107
103
98
93
89
87
85
84
85
88
91
95
114
110
106
101
97
94
92
92
94
96
100
104
124
120
115
110
106
103
103
102
104
108
113
118
125
127
127
126
122
117
117
120
122
123
123
120
106
113
119
123
126
126
124
120
116
112
106
99
74
78
85
93
103
122
113
96
85
75
68
64
48
48
47
47
44
99
70
43
45
44
43
43
43
41
41
38
41
127
96
34
40
40
40
41
43
42
43
39
64
127
127
45
41
43
43
43
43
43
44
40
97
127
127
68
39
44
44
43
43
43
42
46
127
127
127
105
38
43
43
43
42
43
39
65
127
127
127
127
50
41
43
43
43
43
39
99
127
127
127
127
80
40
43
43
43
43
41
127
127
127
127
127
110
40
43
45
109
106
101
96
92
88
87
86
87
88
90
94
113
110
105
100
96
92
91
90
91
93
96
99
120
116
111
106
102
99
97
96
98
101
104
107
127
123
119
114
110
106
106
105
107
110
113
116
127
127
127
123
119
116
115
114
117
121
126
127
127
127
127
127
127
127
127
127
127
127
127
123
106
115
123
127
127
127
127
127
123
116
106
99
74
77
83
93
107
126
117
97
84
74
68
64
47
47
45
45
47
50
48
43
42
42
42
42
40
39
38
37
37
32
33
37
37
37
38
38
40
39
40
40
39
31
33
40
40
40
40
40
40
40
40
40
37
32
33
40
41
40
40
40
40
41
41
41
34
32
32
37
40
40
41
41
40
40
40
39
33
32
32
33
39
41
40
40
40
40
40
37
31
32
32
32
38
41
40
41
41
40
40
35
31
32
32
32
37
42
41
43
127
127
127
127
127
127
127
127
127
127
127
127
127
127
127
127
127
127
127
127
127
127
127
127
127
127
127
127
127
127
127
127
127
127
127
127
127
127
127
127
127
127
127
127
127
127
127
127
127
127
127
127
127
127
127
127
127
127
127
127
127
127
127
127
127
127
127
127
127
127
127
127
106
120
127
127
127
127
127
127
127
126
110
97
74
75
82
96
117
127
127
103
84
71
67
64
48
47
45
45
47
53
50
43
43
42
42
42
40
40
39
37
37
31
33
37
37
39
39
40
40
40
41
41
39
31
33
41
41
42
41
41
40
41
42
43
38
32
33
40
42
42
42
41
40
41
42
42
36
32
32
37
40
41
42
42
40
41
41
40
33
32
32
34
40
42
41
41
41
41
41
37
31
32
32
33
38
42
41
42
42
41
42
35
31
32
32
32
37
42
42
43
