105
102
98
94
90
88
85
83
82
82
84
85
109
106
102
98
94
92
89
86
86
86
88
89
115
113
108
105
100
98
95
92
92
92
94
96
123
120
116
113
109
105
103
100
100
100
102
105
127
127
125
120
118
114
112
110
110
110
115
119
127
127
127
127
127
127
127
125
123
120
118
115
127
127
127
127
127
124
120
115
110
104
99
93
113
120
114
112
106
93
85
78
72
68
64
63
58
52
47
54
91
61
38
43
43
42
41
40
43
40
39
38
95
124
57
32
40
41
40
40
41
43
43
37
85
127
116
57
39
43
42
43
43
43
43
39
59
127
127
113
50
40
41
42
42
43
43
42
47
127
127
127
116
42
38
43
43
44
43
43
39
120
127
127
127
106
47
39
44
44
43
43
37
98
127
127
127
127
97
52
44
45
43
43
38
82
127
127
127
127
127
73
117
114
110
107
103
101
98
96
95
95
96
97
122
119
115
111
107
105
102
99
99
99
100
102
127
126
122
117
113
111
108
106
105
105
106
110
127
127
127
126
122
118
116
113
113
113
115
117
127
127
127
127
127
127
125
123
123
124
126
127
127
127
127
127
127
127
127
127
127
127
122
116
127
127
127
127
127
127
127
120
113
106
99
92
114
125
119
113
106
96
86
78
71
67
64
62
56
49
46
45
41
42
43
41
41
40
40
40
39
36
36
36
33
31
36
38
38
38
37
37
38
40
40
40
37
33
36
40
41
40
40
40
40
40
40
40
40
33
32
36
40
40
40
40
40
40
40
41
40
34
32
32
36
40
40
40
40
40
40
41
40
35
32
32
33
36
40
41
41
40
40
40
40
37
32
32
32
33
37
40
41
40
40
40
41
38
32
32
32
32
33
39
127
127
127
127
127
127
127
127
127
127
127
127
127
127
127
127
127
127
127
127
127
127
127
127
127
127
127
127
127
127
127
127
127
127
127
127
127
127
127
127
127
127
127
127
127
127
127
127
127
127
127
127
127
127
127
127
127
127
127
127
127
127
127
127
127
127
127
127
127
127
127
122
127
127
127
127
127
127
127
127
121
106
97
89
116
127
127
123
114
102
86
75
69
66
64
63
57
50
47
45
41
43
43
41
40
40
40
40
40
36
36
36
32
31
37
38
38
39
38
38
39
40
40
41
38
33
36
40
42
41
40
40
40
41
40
40
40
33
32
37
41
40
40
40
40
40
41
42
41
34
32
33
37
40
41
40
41
41
41
42
41
36
32
32
33
37
41
42
42
42
41
41
41
37
32
32
32
33
38
41
42
41
41
40
42
39
32
32
32
32
33
40
