105
102
98
94
90
86
85
82
82
82
83
85
109
106
102
98
94
90
88
85
85
85
87
89
115
112
108
104
100
96
94
92
92
92
93
96
123
120
116
112
108
104
102
99
99
99
102
104
127
127
124
120
116
114
111
110
110
112
117
121
127
127
127
127
127
127
127
123
122
119
116
113
127
127
127
127
127
125
117
112
107
102
95
89
123
116
113
110
99
91
82
75
69
65
63
62
54
50
48
89
69
40
44
43
41
41
40
40
40
40
36
116
117
39
39
40
40
40
40
39
42
42
44
127
127
68
38
43
43
43
44
43
43
41
63
127
127
115
40
43
43
43
44
44
44
38
92
127
127
127
62
40
43
43
43
43
43
40
124
127
127
127
109
41
43
43
43
43
40
57
127
127
127
127
127
61
41
43
43
43
38
76
127
127
127
127
127
89
40
43
43
43
118
115
111
106
102
100
97
95
94
95
95
97
122
119
115
110
106
103
101
99
98
99
99
102
127
125
121
117
113
110
107
105
104
105
106
109
127
127
127
125
121
117
115
113
113
113
114
116
127
127
127
127
127
127
124
123
123
124
127
126
127
127
127
127
127
127
127
127
127
124
119
113
127
127
127
127
127
127
125
116
109
102
95
89
127
120
116
110
103
92
82
74
69
65
64
62
52
46
46
42
42
42
41
41
40
40
40
39
37
35
37
31
31
37
37
37
38
38
37
37
39
40
40
33
33
39
40
40
40
40
40
40
40
41
40
33
32
35
40
40
40
40
41
40
41
41
37
32
32
32
39
41
40
40
40
40
40
40
34
32
32
32
37
41
40
40
41
40
40
40
33
32
32
32
34
40
40
40
40
40
41
40
32
32
32
32
33
38
41
40
40
40
127
127
127
127
127
127
127
127
127
127
127
127
127
127
127
127
127
127
127
127
127
127
127
127
127
127
127
127
127
127
127
127
127
127
127
127
127
127
127
127
127
127
127
127
127
127
127
127
127
127
127
127
127
127
127
127
127
127
127
127
127
127
127
127
127
127
127
127
127
127
126
116
127
127
127
127
127
127
127
127
114
101
92
87
127
127
126
119
109
95
82
72
68
64
63
62
54
47
47
42
43
43
42
41
40
40
40
40
37
35
37
30
30
37
38
38
39
39
38
37
40
41
41
33
33
39
41
40
41
41
42
40
41
42
40
33
32
35
40
41
41
41
42
42
42
42
38
32
32
32
40
43
42
41
41
41
42
41
35
32
32
32
37
42
41
41
42
41
42
40
33
32
32
32
33
40
42
41
41
41
42
40
33
32
32
32
32
39
43
42
40
41
