97
93
89
84
80
78
75
75
75
76
78
82
101
97
92
88
84
81
79
78
79
81
83
87
107
103
99
94
90
87
85
85
85
88
91
95
115
111
106
102
98
94
93
92
94
96
100
103
125
121
116
110
106
104
103
102
104
108
112
117
124
127
127
126
122
117
116
120
121
123
123
120
105
111
117
122
125
126
125
122
117
113
107
100
73
76
83
93
103
120
120
99
88
76
70
65
48
48
50
53
48
92
86
47
50
46
43
43
43
42
41
40
39
123
110
37
41
41
40
41
43
43
43
38
60
127
127
47
40
43
43
43
43
43
44
39
97
127
127
68
39
43
44
43
43
44
43
48
127
127
127
99
37
43
43
45
43
43
39
76
127
127
127
127
44
42
43
44
43
43
42
118
127
127
127
127
64
40
43
43
43
43
49
127
127
127
127
127
84
39
43
41
110
106
102
96
92
90
88
86
86
88
91
94
114
110
106
100
96
92
91
90
91
93
96
99
120
116
112
106
103
99
97
97
98
100
103
107
127
124
120
115
110
107
106
106
106
109
113
116
127
127
127
123
120
117
116
115
117
121
126
127
127
127
127
127
127
127
127
127
127
127
127
124
106
114
122
127
127
127
127
127
125
117
109
100
73
76
82
93
106
125
124
103
88
75
68
65
47
46
48
50
50
54
54
49
47
43
41
42
40
39
39
39
38
33
34
38
39
38
38
38
40
40
39
39
38
31
33
39
40
40
40
40
40
40
40
40
37
32
33
39
41
40
40
40
40
40
41
41
34
32
32
37
40
40
40
42
40
40
41
39
33
32
32
34
40
40
40
41
40
40
40
36
32
32
32
33
38
40
40
40
40
40
39
33
32
32
32
32
38
41
41
38
127
127
127
127
127
127
127
127
127
127
127
127
127
127
127
127
127
127
127
127
127
127
127
127
127
127
127
127
127
127
127
127
127
127
127
127
127
127
127
127
127
127
127
127
127
127
127
127
127
127
127
127
127
127
127
127
127
127
127
127
127
127
127
127
127
127
127
127
127
127
127
127
104
117
127
127
127
127
127
127
127
127
113
99
73
75
80
94
113
127
127
111
89
74
68
65
47
47
48
50
50
56
56
50
47
44
42
42
40
40
40
39
38
33
33
38
39
39
39
39
40
40
40
40
39
31
32
40
40
40
40
40
40
41
42
42
38
32
33
40
42
41
41
41
41
41
42
42
35
32
32
37
41
42
41
43
40
41
42
40
33
32
32
34
40
41
40
42
40
41
41
36
32
32
32
33
39
41
40
40
41
41
40
33
32
32
32
32
38
42
41
39
