97
93
89
84
80
78
75
75
75
76
78
82
101
97
92
88
84
81
79
78
79
81
83
87
107
103
99
94
90
87
85
85
85
88
91
95
115
111
106
102
98
94
93
92
94
96
100
103
125
121
116
110
106
104
103
102
104
108
112
117
124
127
127
126
122
117
116
120
121
123
123
120
105
111
117
122
124
126
125
122
117
113
107
100
73
76
83
93
103
120
120
99
88
77
70
65
48
48
50
54
49
92
87
48
50
48
43
43
42
42
42
41
40
123
110
37
42
42
40
41
42
43
42
38
60
127
127
47
40
43
43
43
42
43
43
39
97
127
127
68
39
44
44
43
43
43
41
47
127
127
127
99
37
42
43
43
43
43
40
77
127
127
127
127
46
42
43
43
43
43
43
119
127
127
127
127
64
40
45
43
43
43
51
127
127
127
127
127
83
38
46
44
110
106
102
96
92
90
88
86
86
88
91
94
114
110
106
100
96
92
91
90
91
93
96
99
120
116
112
106
103
99
97
97
98
100
103
107
127
124
120
115
110
107
106
106
106
109
113
116
127
127
127
123
120
117
116
115
117
121
126
127
127
127
127
127
127
127
127
127
127
127
127
124
106
114
122
127
127
127
127
127
125
117
109
100
73
76
83
93
106
125
124
103
88
77
69
65
47
47
50
50
51
54
54
50
48
47
42
42
39
40
39
40
38
33
34
38
39
39
38
38
39
40
39
40
38
31
32
39
40
40
40
40
40
40
41
41
37
32
33
39
40
40
41
40
40
40
40
40
34
32
32
36
41
40
40
40
40
40
41
38
33
32
32
34
41
40
41
40
40
41
40
36
32
32
32
33
39
41
42
40
40
41
40
33
32
32
32
32
37
40
42
40
127
127
127
127
127
127
127
127
127
127
127
127
127
127
127
127
127
127
127
127
127
127
127
127
127
127
127
127
127
127
127
127
127
127
127
127
127
127
127
127
127
127
127
127
127
127
127
127
127
127
127
127
127
127
127
127
127
127
127
127
127
127
127
127
127
127
127
127
127
127
127
127
104
117
127
127
127
127
127
127
127
127
113
99
73
75
81
94
114
127
127
111
89
75
68
64
47
47
49
51
51
57
57
50
48
47
42
42
40
40
40
40
38
33
33
39
40
40
39
39
40
40
40
41
39
31
32
40
40
40
41
40
40
40
42
43
38
32
33
40
41
41
42
41
41
40
41
40
35
32
32
37
42
40
41
41
41
41
42
39
33
32
32
35
42
41
42
41
41
41
41
37
32
32
32
33
40
42
43
41
41
42
40
33
32
32
32
32
37
41
43
42
