97
93
89
84
80
78
75
75
75
76
78
82
101
97
92
88
84
81
79
78
79
81
83
87
107
103
99
94
90
87
85
85
85
88
91
95
115
111
106
102
98
94
93
92
94
96
100
103
125
121
116
110
106
104
103
102
104
108
112
117
124
127
127
126
122
117
116
120
121
123
123
120
105
111
117
122
124
126
125
122
117
113
107
100
74
78
85
93
103
121
120
99
88
78
71
65
49
54
57
57
53
95
90
52
54
54
50
44
43
44
44
43
41
124
111
37
43
44
43
41
42
42
41
37
60
127
127
45
40
43
42
43
42
43
43
38
97
127
127
69
40
43
43
43
44
44
41
47
127
127
127
99
39
43
43
44
44
44
40
77
127
127
127
127
46
43
44
44
44
44
45
119
127
127
127
127
65
40
43
44
44
43
53
127
127
127
127
127
85
38
43
45
110
106
102
96
92
90
88
86
86
88
91
94
114
110
106
100
96
92
91
90
91
93
96
99
120
116
112
106
103
99
97
97
98
100
103
107
127
124
120
115
110
107
106
106
106
109
113
116
127
127
127
123
120
117
116
115
117
121
126
127
127
127
127
127
127
127
127
127
127
127
127
124
105
113
122
127
127
127
127
127
125
117
108
100
74
78
84
93
107
125
124
103
89
77
70
65
48
52
55
55
55
57
57
54
52
51
48
43
40
41
42
40
40
34
36
40
40
40
40
39
39
39
38
39
38
30
32
39
40
39
39
40
40
40
40
40
37
32
33
39
41
40
40
40
40
40
40
40
34
32
32
36
41
40
40
40
41
40
41
38
32
32
32
34
41
41
41
40
41
41
41
36
32
32
32
33
40
41
40
40
41
42
41
34
32
32
32
32
38
40
40
41
127
127
127
127
127
127
127
127
127
127
127
127
127
127
127
127
127
127
127
127
127
127
127
127
127
127
127
127
127
127
127
127
127
127
127
127
127
127
127
127
127
127
127
127
127
127
127
127
127
127
127
127
127
127
127
127
127
127
127
127
127
127
127
127
127
127
127
127
127
127
127
127
104
117
127
127
127
127
127
127
127
127
113
99
73
75
82
94
114
127
127
111
89
75
68
64
48
52
55
55
56
60
60
54
52
51
48
43
41
42
42
41
40
34
35
40
41
42
40
39
40
40
40
40
39
30
32
40
40
40
40
40
40
41
41
41
38
32
33
40
42
41
41
41
42
42
41
40
35
32
32
37
42
41
41
41
42
41
42
39
33
32
31
34
42
42
42
41
42
42
43
37
32
32
31
33
40
42
41
42
42
43
43
34
32
32
32
32
39
41
40
43
