97
93
89
84
80
78
75
75
75
76
78
82
101
97
92
88
84
81
79
78
79
81
83
87
107
103
99
94
90
87
85
85
85
88
91
95
115
111
106
102
98
94
93
92
94
96
100
103
125
121
116
110
106
104
103
102
104
108
112
117
124
127
127
126
122
118
116
120
122
123
123
120
105
111
117
121
123
125
124
121
116
112
106
99
75
78
85
93
103
120
120
99
88
78
71
67
61
64
64
63
60
99
96
58
61
60
59
57
47
49
47
45
44
126
113
40
46
47
47
47
41
41
41
37
60
127
127
46
40
42
42
42
43
43
44
39
97
127
127
68
39
44
44
43
43
43
42
48
127
127
127
99
37
43
43
43
43
43
38
75
127
127
127
127
45
42
42
43
43
43
43
117
127
127
127
127
65
40
43
43
44
43
52
127
127
127
127
127
85
40
44
45
110
106
102
96
92
90
88
86
86
88
91
94
114
110
106
100
96
92
91
90
91
93
96
99
120
116
112
106
103
99
97
97
98
100
103
107
127
124
120
115
110
107
106
106
106
109
113
116
127
127
127
123
120
117
116
115
117
121
126
127
127
127
127
127
127
127
127
127
127
127
127
124
104
113
121
127
127
127
127
127
124
116
108
99
74
78
84
93
106
124
124
103
88
77
71
67
60
63
62
61
63
61
62
61
59
57
58
56
45
46
44
43
43
37
37
43
43
43
44
44
38
38
38
39
37
31
32
39
39
39
39
39
40
40
40
41
37
32
33
39
41
40
40
40
40
40
40
41
34
32
32
36
40
40
41
41
40
40
40
38
33
32
32
34
40
40
40
40
40
40
40
35
32
32
32
33
40
40
40
41
41
41
41
33
32
32
32
32
39
41
42
42
127
127
127
127
127
127
127
127
127
127
127
127
127
127
127
127
127
127
127
127
127
127
127
127
127
127
127
127
127
127
127
127
127
127
127
127
127
127
127
127
127
127
127
127
127
127
127
127
127
127
127
127
127
127
127
127
127
127
127
127
127
127
127
127
127
127
127
127
127
127
127
127
103
116
127
127
127
127
127
127
127
127
112
98
74
76
82
94
114
127
127
110
89
75
69
66
60
63
63
61
64
62
64
61
59
58
58
57
45
47
46
44
43
36
37
43
43
44
45
45
39
39
40
40
39
31
32
40
40
40
40
40
40
40
42
43
37
32
33
40
42
42
42
41
40
40
41
41
35
32
32
37
40
41
42
42
40
41
41
38
33
32
32
34
40
41
40
41
41
41
41
35
32
32
32
33
40
41
40
42
42
42
42
34
32
32
32
32
39
42
43
43
