97
93
89
84
80
78
75
75
75
76
78
82
101
97
92
88
84
81
79
78
79
81
83
87
107
103
99
94
90
87
85
85
85
88
91
95
115
111
106
102
98
94
93
92
94
96
100
103
125
121
116
110
106
104
103
102
104
108
112
117
124
127
127
126
122
118
116
120
122
123
123
120
104
110
116
120
123
126
124
121
116
111
106
99
72
75
82
90
100
119
118
96
85
75
69
65
56
52
52
57
57
93
86
44
50
54
53
50
113
111
80
72
85
127
126
89
108
94
68
74
127
127
126
112
127
127
127
127
127
127
109
117
127
127
127
127
127
127
127
127
127
127
127
127
57
57
57
63
127
127
127
110
52
57
58
59
39
39
37
73
127
127
127
127
40
39
40
41
43
42
41
116
127
127
127
127
63
38
41
41
44
42
48
127
127
127
127
127
85
38
43
41
110
106
102
96
92
90
88
86
86
88
91
94
114
110
106
100
96
92
91
90
91
93
96
99
120
116
112
106
103
99
97
97
98
100
103
107
127
124
120
115
110
107
106
106
106
109
113
116
127
127
127
123
120
117
116
115
117
121
126
127
127
127
127
127
127
127
127
127
127
127
127
124
104
113
122
127
127
127
127
127
123
116
108
99
72
75
81
90
103
123
123
99
85
74
68
64
54
50
50
55
59
55
53
47
47
52
51
48
113
110
79
73
86
46
51
93
106
93
67
72
127
127
126
116
108
40
54
127
127
127
109
116
127
127
127
127
92
27
42
127
127
127
127
127
54
54
56
56
42
30
32
47
55
54
55
56
37
37
38
36
30
32
31
30
35
37
38
38
40
40
40
35
31
32
32
32
37
39
40
39
41
40
39
33
32
32
32
32
38
40
41
39
127
127
127
127
127
127
127
127
127
127
127
127
127
127
127
127
127
127
127
127
127
127
127
127
127
127
127
127
127
127
127
127
127
127
127
127
127
127
127
127
127
127
127
127
127
127
127
127
127
127
127
127
127
127
127
127
127
127
127
127
127
127
127
127
127
127
127
127
127
127
127
127
103
116
127
127
127
127
127
127
127
127
111
98
71
74
78
92
112
127
127
107
85
71
67
64
54
51
50
55
59
57
54
47
47
53
51
49
113
111
80
73
85
44
50
93
106
94
67
73
127
127
127
116
108
40
54
127
127
127
109
117
127
127
127
127
92
27
42
127
127
127
127
127
55
55
57
57
42
30
32
47
56
55
56
57
37
37
39
37
30
32
30
30
36
37
39
39
40
40
40
35
31
32
31
32
38
40
40
40
42
41
40
33
32
32
32
32
39
41
42
40
