105
102
98
94
90
87
85
83
82
82
83
85
109
106
102
98
94
91
89
86
85
86
87
89
115
113
108
104
100
97
95
92
92
92
93
98
123
120
116
112
108
105
103
100
99
100
103
110
127
127
125
121
117
113
111
110
111
116
120
121
127
127
127
127
127
127
126
123
119
115
110
106
127
127
127
127
127
122
114
108
102
95
87
82
123
114
116
105
96
86
77
70
66
63
61
61
46
75
96
47
45
44
43
41
40
40
39
39
100
108
67
37
40
40
40
40
40
39
40
39
127
99
47
42
44
43
43
43
43
43
43
43
97
42
40
44
44
43
43
43
42
43
43
43
44
42
43
44
45
44
41
43
42
43
44
44
39
42
44
45
44
42
41
43
43
43
44
44
43
43
44
44
43
41
42
43
43
43
44
44
42
43
44
43
42
43
43
43
43
44
45
44
117
114
110
107
103
99
98
96
95
95
95
98
122
119
115
111
107
103
101
99
99
99
99
101
127
126
122
117
113
110
107
105
105
105
107
110
127
127
127
126
122
118
116
113
113
113
116
120
127
127
127
127
127
127
125
124
124
125
126
123
127
127
127
127
127
127
127
127
124
116
110
105
127
127
127
127
127
127
120
110
102
93
87
82
127
119
114
107
98
86
76
70
65
63
62
61
51
45
42
44
43
41
40
40
39
39
38
39
32
32
33
36
37
37
37
37
37
37
37
37
33
37
40
40
40
40
40
40
40
40
40
39
37
40
40
40
40
40
40
40
39
40
40
40
40
40
41
41
41
40
39
40
40
40
41
41
40
40
42
41
41
40
39
40
40
41
41
40
40
40
42
41
40
40
40
40
40
41
41
40
40
40
41
40
39
40
40
40
40
41
41
40
127
127
127
127
127
127
127
127
127
127
127
127
127
127
127
127
127
127
127
127
127
127
127
127
127
127
127
127
127
127
127
127
127
127
127
127
127
127
127
127
127
127
127
127
127
127
127
127
127
127
127
127
127
127
127
127
127
127
127
126
127
127
127
127
127
127
127
127
127
123
112
103
127
127
127
127
127
127
127
116
101
91
85
82
127
127
123
115
103
87
74
68
64
63
61
61
54
45
43
45
43
42
41
40
40
39
39
39
32
30
33
36
37
37
38
39
38
37
38
37
33
37
40
41
41
41
41
41
40
40
41
40
37
40
41
42
41
41
41
41
40
40
41
41
41
40
42
42
43
41
40
41
40
41
43
42
41
41
42
43
42
40
40
40
41
42
42
42
41
41
42
42
40
40
40
40
41
42
42
42
40
42
42
41
40
41
41
40
41
42
42
41
