106
103
100
97
94
92
90
88
88
88
88
90
110
106
104
101
98
96
94
92
92
92
92
93
116
113
111
107
104
102
100
98
98
98
98
99
123
121
119
115
113
110
108
106
106
105
106
109
127
127
127
124
121
119
117
115
115
117
120
123
127
127
127
127
127
127
127
127
126
122
116
110
127
127
127
127
127
127
127
119
110
103
95
86
107
110
127
127
116
103
92
80
71
66
63
61
56
51
70
92
68
45
45
43
41
40
39
38
64
92
94
68
47
39
40
40
40
40
39
39
104
108
87
50
41
43
43
43
43
43
43
43
125
70
39
40
43
43
43
43
44
43
43
43
49
41
41
41
43
43
43
44
44
44
43
43
38
40
43
44
44
43
43
44
43
44
45
44
43
43
45
45
44
43
43
43
43
44
45
44
45
45
46
44
44
43
43
43
44
44
43
43
119
115
113
110
107
105
103
101
100
100
102
103
123
120
117
114
111
109
107
105
104
104
106
106
127
127
124
120
118
115
113
111
110
110
112
113
127
127
127
127
127
123
121
119
119
119
120
122
127
127
127
127
127
127
127
127
127
127
127
127
127
127
127
127
127
127
127
127
127
127
118
110
127
127
127
127
127
127
127
125
113
103
93
86
106
111
127
127
116
106
92
79
70
65
63
61
60
56
55
50
44
44
42
41
40
39
38
38
40
36
34
35
36
36
36
37
37
37
37
37
33
33
36
38
40
40
40
40
40
40
40
40
35
39
41
40
40
40
40
40
40
40
40
40
40
40
40
40
40
40
40
41
41
40
40
40
40
41
40
41
41
40
40
41
41
41
41
41
40
41
40
41
41
40
40
41
41
42
41
41
40
42
40
40
41
40
40
40
42
41
41
40
127
127
127
127
127
127
127
127
127
127
127
127
127
127
127
127
127
127
127
127
127
127
127
127
127
127
127
127
127
127
127
127
127
127
127
127
127
127
127
127
127
127
127
127
127
127
127
127
127
127
127
127
127
127
127
127
127
127
127
127
127
127
127
127
127
127
127
127
127
127
124
111
127
127
127
127
127
127
127
127
121
103
90
85
104
110
127
127
126
114
96
78
69
64
63
61
61
57
57
51
45
44
43
41
40
40
38
38
40
37
34
35
36
36
37
38
37
38
37
37
34
34
37
39
41
41
40
41
41
41
40
40
35
40
42
40
40
41
40
41
41
41
40
41
40
41
40
40
41
40
40
42
42
41
41
41
41
42
40
42
42
40
41
42
42
42
42
42
41
42
41
42
42
40
41
41
42
43
43
42
42
43
42
41
42
40
41
40
43
42
42
41
