102
101
99
98
97
95
94
93
93
94
94
96
106
105
103
102
100
99
98
97
97
98
98
100
113
111
109
108
106
105
104
103
103
104
104
106
120
119
117
116
115
113
112
111
111
112
112
113
127
127
127
125
123
122
121
120
120
120
122
123
127
127
127
127
127
127
127
127
127
127
127
127
121
123
127
127
127
127
127
127
127
121
114
108
106
106
106
109
122
127
116
103
92
82
74
68
74
69
65
60
57
54
73
83
41
43
43
41
48
47
45
43
41
36
82
127
49
37
40
40
40
40
40
41
41
37
110
127
89
38
43
43
43
44
43
43
43
43
127
127
127
44
43
43
45
43
43
44
41
61
127
127
127
75
37
44
43
43
43
44
37
92
127
127
127
122
42
41
43
42
43
43
40
127
127
127
127
127
68
39
43
42
43
40
49
127
127
127
127
127
99
38
116
114
111
111
110
108
107
106
106
106
108
108
120
118
116
115
113
112
111
110
110
110
111
113
127
125
123
121
120
118
117
116
117
117
117
120
127
127
127
127
127
127
126
125
125
125
125
127
127
127
127
127
127
127
127
127
127
127
127
127
127
127
127
127
127
127
127
127
127
127
127
127
120
123
127
127
127
127
127
127
127
127
120
110
106
106
106
107
126
127
117
106
93
82
73
68
72
68
63
57
55
54
44
41
43
41
41
40
46
44
42
40
38
37
33
30
36
37
38
38
36
37
37
38
39
40
36
32
37
40
40
40
40
40
40
40
40
40
34
32
34
40
40
40
41
40
40
41
41
39
32
32
32
37
40
40
40
40
41
41
40
37
32
32
32
34
40
40
40
40
40
41
39
34
32
32
32
33
38
40
40
40
40
40
37
33
32
32
32
32
37
40
127
127
127
127
127
127
127
127
127
127
127
127
127
127
127
127
127
127
127
127
127
127
127
127
127
127
127
127
127
127
127
127
127
127
127
127
127
127
127
127
127
127
127
127
127
127
127
127
127
127
127
127
127
127
127
127
127
127
127
127
127
127
127
127
127
127
127
127
127
127
127
127
117
123
127
127
127
127
127
127
127
127
127
113
106
106
104
106
127
127
127
113
96
81
71
67
72
68
64
58
57
57
45
41
43
42
40
40
47
45
43
41
39
37
33
29
36
37
38
39
37
38
38
39
40
40
37
32
38
41
41
41
41
42
41
41
41
41
34
32
34
41
41
41
42
41
41
42
42
40
32
32
32
38
41
41
41
40
42
42
41
37
32
32
32
35
40
41
40
40
42
42
40
34
32
32
32
33
39
41
41
40
41
41
38
33
32
32
32
32
37
41
