103
101
99
98
97
95
94
93
93
94
96
96
106
105
103
102
99
99
98
97
97
98
99
100
113
111
109
108
106
105
104
103
103
104
106
106
120
119
117
116
114
113
113
112
112
112
113
114
127
127
127
125
123
122
121
120
120
120
122
123
127
127
127
127
127
127
127
127
127
127
127
127
120
123
127
127
127
127
127
127
127
123
116
110
105
106
106
108
120
127
116
106
92
82
75
70
75
71
66
61
57
56
59
91
51
40
43
42
49
47
46
43
41
39
42
111
110
41
37
41
40
40
40
41
42
41
39
116
127
90
45
40
44
43
43
44
43
43
39
98
127
127
75
39
43
42
43
42
43
43
37
88
127
127
127
66
43
41
42
42
43
43
37
79
127
127
127
127
43
42
43
43
43
43
37
71
127
127
127
127
43
43
44
44
43
43
38
64
127
127
127
127
115
114
111
111
110
108
107
106
106
107
107
110
120
118
116
115
113
112
111
110
110
111
112
113
127
124
123
121
120
118
117
116
117
117
119
120
127
127
127
127
127
127
126
125
125
125
127
127
127
127
127
127
127
127
127
127
127
127
127
127
127
127
127
127
127
127
127
127
127
127
127
127
119
123
127
127
127
127
127
127
127
127
121
112
105
106
106
107
123
127
119
106
95
83
75
69
74
68
64
58
55
55
46
41
42
42
41
40
47
45
43
40
38
37
36
31
31
37
38
37
36
37
37
38
39
39
40
35
32
37
40
40
40
40
40
40
40
41
40
36
32
33
37
40
40
40
40
39
40
40
41
37
32
32
33
39
41
39
40
39
40
40
40
38
33
32
32
34
41
39
40
40
40
40
40
39
33
32
32
32
41
40
41
41
41
40
40
40
33
32
32
32
127
127
127
127
127
127
127
127
127
127
127
127
127
127
127
127
127
127
127
127
127
127
127
127
127
127
127
127
127
127
127
127
127
127
127
127
127
127
127
127
127
127
127
127
127
127
127
127
127
127
127
127
127
127
127
127
127
127
127
127
127
127
127
127
127
127
127
127
127
127
127
127
116
120
127
127
127
127
127
127
127
127
127
116
105
105
106
106
127
127
127
114
99
82
73
68
74
69
64
59
57
58
47
41
43
42
41
40
47
46
43
41
39
37
36
31
32
38
39
38
37
38
38
39
40
40
42
37
33
38
41
41
42
41
41
41
41
42
42
37
31
33
38
41
41
40
41
40
40
41
42
37
32
32
33
39
41
40
40
40
41
40
41
38
33
32
32
34
41
40
41
40
41
40
41
40
33
32
32
32
41
40
42
42
42
40
40
40
33
32
32
32
