103
101
99
98
97
95
94
93
93
94
96
96
106
105
103
102
100
99
98
97
97
98
99
100
113
111
109
108
106
105
104
103
103
104
106
106
121
119
117
116
114
113
113
112
112
112
113
114
127
127
127
125
123
122
121
120
120
120
122
123
127
127
127
127
127
127
127
127
127
127
127
127
119
123
127
127
127
127
127
127
127
123
116
110
105
106
106
108
121
127
115
105
92
82
75
70
76
71
66
61
57
56
54
86
64
37
41
43
49
48
46
43
41
40
38
71
123
77
36
34
39
40
40
40
41
42
40
53
127
127
81
47
43
43
43
43
43
43
43
36
89
127
127
87
43
42
43
43
43
43
43
43
50
127
127
127
45
43
42
43
43
44
44
44
39
99
127
127
47
44
42
43
43
44
45
44
40
61
127
127
45
43
43
43
43
43
45
43
43
43
123
127
115
114
111
111
110
108
107
106
106
107
106
110
120
118
116
115
113
112
111
110
110
111
112
113
127
125
123
121
120
118
117
116
116
117
119
120
127
127
127
127
127
127
126
125
125
125
127
127
127
127
127
127
127
127
127
127
127
127
127
127
127
127
127
127
127
127
127
127
127
127
127
127
119
122
127
127
127
127
127
127
127
127
121
112
105
106
106
107
124
127
118
106
94
83
75
70
75
69
64
58
55
55
46
41
41
42
41
40
47
45
43
40
38
37
36
34
30
35
37
38
36
37
37
37
39
39
40
40
33
34
37
40
40
40
40
40
40
40
40
40
37
31
33
37
40
40
40
40
40
40
40
41
40
33
32
33
40
41
40
40
40
41
40
41
40
37
32
32
41
42
40
40
40
41
40
41
40
39
33
32
41
41
40
40
41
40
41
40
40
40
34
32
127
127
127
127
127
127
127
127
127
127
127
127
127
127
127
127
127
127
127
127
127
127
127
127
127
127
127
127
127
127
127
127
127
127
127
127
127
127
127
127
127
127
127
127
127
127
127
127
127
127
127
127
127
127
127
127
127
127
127
127
127
127
127
127
127
127
127
127
127
127
127
127
116
120
127
127
127
127
127
127
127
127
127
117
105
105
105
105
127
127
127
113
98
82
73
68
75
70
64
58
56
57
47
42
41
43
42
40
48
46
43
41
38
37
36
34
30
36
39
39
37
38
38
39
40
40
40
40
33
34
38
40
41
41
40
40
41
40
40
41
37
31
33
37
40
40
40
41
40
41
41
42
40
33
32
33
42
42
40
41
40
42
42
42
42
37
32
32
43
43
40
41
41
42
42
42
42
40
33
32
42
42
40
41
42
41
43
41
42
42
35
32
