104
102
99
98
96
94
93
92
92
92
93
94
108
106
103
102
100
98
97
96
96
96
97
98
114
112
110
108
106
104
103
102
102
102
103
104
122
120
118
116
114
112
111
110
110
110
110
112
127
127
127
125
123
121
120
119
118
119
120
122
127
127
127
127
127
127
127
127
127
127
127
124
123
127
127
127
127
127
127
125
123
116
110
103
106
107
108
122
127
117
106
92
82
75
70
67
71
67
61
57
57
53
76
77
41
37
41
42
47
45
43
41
40
39
52
95
106
58
33
34
40
40
41
42
42
42
42
79
127
121
76
50
44
43
43
44
43
43
43
36
86
127
127
93
43
43
43
43
41
43
43
41
41
99
127
127
43
43
42
42
43
43
43
42
38
52
120
127
43
43
43
43
44
43
43
42
43
37
64
127
43
44
43
43
44
43
43
43
44
44
39
75
116
114
112
112
110
107
105
105
105
105
104
107
121
119
116
116
113
111
110
109
109
109
109
111
127
126
123
122
120
117
116
115
115
115
116
117
127
127
127
127
127
126
124
123
123
123
123
125
127
127
127
127
127
127
127
127
127
127
127
127
127
127
127
127
127
127
127
127
127
127
127
127
122
127
127
127
127
127
127
127
127
121
112
104
106
106
108
126
127
119
106
95
84
75
70
66
70
64
58
55
55
47
42
41
43
41
40
40
45
43
40
38
37
36
35
33
33
36
38
38
37
37
38
39
39
40
40
37
34
35
38
40
40
40
40
40
40
41
40
40
37
32
33
37
40
40
40
40
39
40
40
40
40
37
32
33
40
40
39
40
40
40
40
40
41
40
36
32
40
40
40
40
41
40
40
40
41
41
40
35
40
41
40
40
41
40
40
40
41
41
41
39
127
127
127
127
127
127
127
127
127
127
127
127
127
127
127
127
127
127
127
127
127
127
127
127
127
127
127
127
127
127
127
127
127
127
127
127
127
127
127
127
127
127
127
127
127
127
127
127
127
127
127
127
127
127
127
127
127
127
127
127
127
127
127
127
127
127
127
127
127
127
127
127
120
127
127
127
127
127
127
127
127
127
118
105
106
105
106
127
127
127
113
99
84
73
68
65
71
64
59
56
57
47
42
40
42
42
40
40
46
43
41
38
37
36
35
33
33
37
39
39
38
38
39
40
40
41
42
38
35
36
39
40
42
41
41
42
41
42
41
41
38
32
33
37
41
40
40
40
39
41
41
41
41
37
32
33
40
41
40
40
40
41
40
40
41
41
36
32
40
41
40
40
42
41
40
40
41
43
40
35
40
42
41
41
42
41
41
40
42
43
42
39
