97
93
89
84
81
78
76
75
76
77
80
82
101
97
92
88
84
82
79
78
80
82
85
87
107
103
99
94
90
88
85
85
86
89
92
95
115
111
106
102
98
95
93
93
95
98
101
105
124
120
115
110
106
104
103
103
105
109
113
118
125
127
127
126
122
117
117
120
122
123
123
120
106
113
118
123
125
126
125
121
116
112
106
99
74
78
85
93
103
122
113
96
85
75
68
64
48
47
48
47
44
100
68
44
45
44
43
43
43
41
40
38
45
127
89
34
40
40
40
41
43
43
43
37
73
127
126
41
43
43
43
43
43
43
43
40
112
127
127
57
40
43
43
42
44
44
41
55
127
127
127
86
39
44
44
44
45
44
40
89
127
127
127
120
43
43
45
45
44
43
46
127
127
127
127
127
57
40
44
45
43
43
55
127
127
127
127
127
75
38
43
44
110
106
102
96
92
90
88
87
88
89
91
95
114
110
106
100
96
94
92
91
92
94
96
100
120
116
112
106
103
100
98
97
99
101
104
108
127
124
120
115
111
107
106
106
107
110
113
117
127
127
127
123
120
117
116
115
118
122
127
127
127
127
127
127
127
127
127
127
127
127
127
123
106
115
123
127
127
127
127
127
123
116
106
99
74
77
83
93
107
126
118
98
84
74
68
64
47
47
45
45
47
50
49
43
42
42
42
42
40
40
38
37
37
32
34
37
37
37
38
38
39
40
40
40
38
31
34
40
40
40
40
40
40
40
40
40
37
31
33
40
40
40
40
40
41
41
40
40
33
32
32
37
42
41
40
40
41
41
41
38
33
32
32
35
40
40
41
41
41
41
40
35
32
32
32
33
39
40
41
41
41
42
40
33
32
32
32
32
38
40
41
41
127
127
127
127
127
127
127
127
127
127
127
127
127
127
127
127
127
127
127
127
127
127
127
127
127
127
127
127
127
127
127
127
127
127
127
127
127
127
127
127
127
127
127
127
127
127
127
127
127
127
127
127
127
127
127
127
127
127
127
127
127
127
127
127
127
127
127
127
127
127
127
127
106
120
127
127
127
127
127
127
127
126
110
97
74
75
82
96
117
127
127
103
84
71
67
64
47
47
45
45
47
53
50
43
43
42
42
42
40
40
39
38
37
30
33
37
38
38
39
39
40
40
40
41
39
30
34
41
42
40
41
40
40
41
41
41
36
31
33
40
42
41
41
40
42
41
42
40
33
32
32
38
42
42
42
41
42
42
43
40
33
32
32
35
41
41
42
42
42
42
42
36
32
32
32
33
40
41
42
43
42
43
40
33
32
32
32
32
39
41
42
42
