105
103
100
98
96
93
92
90
90
90
92
92
109
106
104
102
99
97
96
94
94
94
95
96
115
113
110
108
106
103
102
100
100
100
101
103
123
120
118
116
113
111
110
108
108
108
108
110
127
127
127
125
123
120
119
117
117
117
119
121
127
127
127
127
127
127
127
127
127
127
123
120
127
127
127
127
127
127
126
123
117
110
105
98
106
108
119
127
121
109
95
85
77
71
68
64
67
61
56
57
54
78
78
38
39
43
42
41
46
43
41
40
40
53
112
99
46
31
38
41
40
40
43
42
42
40
102
127
105
59
40
40
43
43
43
43
43
40
47
127
127
120
61
41
43
43
44
44
43
44
39
78
127
127
127
82
44
45
45
43
42
44
42
45
122
127
127
127
45
47
46
42
42
43
44
37
68
127
127
127
44
47
45
42
43
42
43
43
36
126
127
127
117
115
113
111
109
106
105
103
103
103
103
104
122
120
117
115
113
110
109
107
107
107
107
109
127
127
123
122
119
116
115
113
113
113
113
116
127
127
127
127
127
125
123
121
121
121
121
123
127
127
127
127
127
127
127
127
127
127
127
127
127
127
127
127
127
127
127
127
127
127
127
123
127
127
127
127
127
127
127
127
122
113
105
98
106
108
122
127
124
108
97
86
77
71
67
64
64
58
54
56
49
42
41
43
41
40
40
40
43
41
38
37
36
35
32
33
37
38
38
37
37
38
39
38
40
40
37
33
36
39
40
40
40
40
40
40
40
40
40
34
32
35
39
40
40
41
41
40
40
40
41
38
33
32
33
37
41
40
41
40
40
41
41
40
34
32
32
33
41
40
41
40
40
40
41
41
37
33
32
32
40
41
40
39
40
40
40
41
38
33
32
32
127
127
127
127
127
127
127
127
127
127
127
127
127
127
127
127
127
127
127
127
127
127
127
127
127
127
127
127
127
127
127
127
127
127
127
127
127
127
127
127
127
127
127
127
127
127
127
127
127
127
127
127
127
127
127
127
127
127
127
127
127
127
127
127
127
127
127
127
127
127
127
127
127
127
127
127
127
127
127
127
127
121
106
96
106
106
127
127
127
116
101
87
75
68
65
64
65
59
54
59
50
42
41
43
42
40
40
40
43
42
38
37
37
34
31
33
37
39
39
39
38
39
40
39
40
41
37
33
37
40
41
42
40
41
41
41
41
41
41
34
32
36
40
41
41
41
42
42
41
42
42
38
33
32
33
38
42
42
43
41
40
42
42
40
34
32
32
33
42
43
43
40
40
41
42
42
37
33
32
32
41
43
42
40
40
40
41
42
39
33
32
32
