104
102
100
98
96
93
92
90
89
89
91
92
109
106
104
102
99
97
96
93
93
93
95
96
116
113
110
108
106
103
102
99
99
99
101
102
123
121
118
116
113
111
110
108
107
107
108
110
127
127
127
125
123
120
119
116
116
116
119
121
127
127
127
127
127
127
127
127
127
126
121
118
127
127
127
127
127
127
127
121
115
109
102
96
107
111
126
127
118
103
91
82
75
69
66
64
64
57
57
57
62
92
50
38
43
42
42
40
44
43
40
40
40
100
116
54
32
39
40
40
40
42
42
41
37
84
127
113
61
39
40
43
43
43
44
43
42
47
127
127
119
53
40
42
43
44
43
42
43
40
106
127
127
127
59
37
43
43
43
40
43
39
71
127
127
127
127
72
43
42
42
41
43
40
47
127
127
127
127
127
42
41
43
43
43
42
39
112
127
127
127
127
119
116
113
111
109
106
105
103
103
103
102
105
123
120
117
115
113
110
109
106
106
106
107
109
127
127
124
122
120
116
115
113
113
113
114
115
127
127
127
127
127
124
123
121
120
120
122
123
127
127
127
127
127
127
127
127
127
127
127
127
127
127
127
127
127
127
127
127
127
127
127
120
127
127
127
127
127
127
127
127
120
110
102
95
106
111
127
127
119
105
93
82
74
69
65
64
61
56
54
55
46
40
42
42
41
40
40
40
42
39
37
37
35
31
31
37
38
38
37
37
37
38
39
39
40
37
32
36
39
40
40
40
40
40
40
40
41
40
33
32
35
39
40
40
40
41
40
40
40
41
36
32
32
35
40
42
40
40
40
38
40
40
37
32
32
33
35
40
40
39
40
39
40
40
39
33
32
32
32
35
40
38
40
40
41
40
40
35
32
32
32
32
127
127
127
127
127
127
127
127
127
127
127
127
127
127
127
127
127
127
127
127
127
127
127
127
127
127
127
127
127
127
127
127
127
127
127
127
127
127
127
127
127
127
127
127
127
127
127
127
127
127
127
127
127
127
127
127
127
127
127
127
127
127
127
127
127
127
127
127
127
127
127
127
127
127
127
127
127
127
127
127
127
116
102
93
105
111
127
127
127
112
96
82
72
67
64
63
62
56
56
58
47
40
42
42
41
40
40
40
43
40
37
37
36
31
31
37
39
39
38
38
38
40
40
39
42
38
32
37
40
41
41
40
41
41
41
41
42
41
33
32
36
40
41
40
41
42
42
40
40
42
37
32
32
35
41
43
40
41
41
39
41
41
38
32
32
33
35
40
40
40
40
40
41
41
39
33
32
32
32
36
40
39
40
41
41
40
40
35
32
32
32
32
