97
93
89
85
81
78
76
76
75
77
79
82
101
97
93
88
84
82
80
79
80
82
85
88
107
103
99
94
90
88
86
85
87
89
92
96
115
111
107
102
98
96
94
94
95
97
101
104
125
120
116
111
107
105
103
103
105
109
113
118
125
127
127
126
122
118
117
120
122
123
123
120
106
113
118
123
125
126
125
121
116
112
106
99
74
78
85
93
103
122
114
96
85
75
68
64
48
48
47
47
44
102
68
44
45
44
43
43
43
41
40
37
47
127
83
34
40
40
40
41
43
42
42
38
82
127
116
39
43
43
43
43
42
43
42
43
124
127
127
48
42
43
43
43
44
44
40
66
127
127
127
71
39
44
43
44
44
44
40
110
127
127
127
99
39
43
43
44
44
43
59
127
127
127
127
127
45
41
43
44
44
41
85
127
127
127
127
127
54
40
44
45
110
106
102
97
93
90
89
88
89
89
92
95
114
110
106
101
97
93
92
92
92
94
97
100
120
116
112
107
103
99
99
98
99
102
105
108
127
124
120
115
111
108
106
106
108
111
114
117
127
127
127
124
120
117
116
116
119
122
127
127
127
127
127
127
127
127
127
127
127
127
127
123
106
115
123
127
127
127
127
127
124
116
106
99
74
77
83
93
107
126
118
98
83
73
68
64
47
47
45
45
47
50
49
43
42
42
42
42
40
39
38
38
37
32
34
37
37
37
38
38
40
39
40
40
38
31
34
40
40
40
40
40
40
40
40
40
35
31
33
40
40
40
40
40
40
40
40
39
33
32
33
38
41
40
40
40
41
40
41
36
32
32
32
37
41
41
40
40
41
41
40
33
32
32
31
35
40
40
40
40
41
42
39
32
32
32
32
33
40
40
41
41
127
127
127
127
127
127
127
127
127
127
127
127
127
127
127
127
127
127
127
127
127
127
127
127
127
127
127
127
127
127
127
127
127
127
127
127
127
127
127
127
127
127
127
127
127
127
127
127
127
127
127
127
127
127
127
127
127
127
127
127
127
127
127
127
127
127
127
127
127
127
127
127
106
120
127
127
127
127
127
127
127
126
110
97
74
75
82
96
117
127
127
103
84
71
67
64
47
47
45
45
47
53
50
43
43
42
42
42
40
40
39
38
37
30
33
37
38
38
39
39
40
40
40
41
38
30
35
41
41
40
41
40
40
41
40
41
35
31
34
41
41
41
41
40
41
42
41
39
33
32
33
39
42
41
41
41
42
41
43
37
32
32
32
37
42
42
41
42
42
42
42
33
32
32
31
35
41
41
41
42
42
43
40
32
32
32
31
33
40
40
42
42
