106
103
100
98
95
92
91
89
89
89
90
91
110
107
104
102
99
96
95
92
92
92
94
95
116
113
111
108
105
103
101
99
99
99
99
101
123
121
119
116
113
110
109
107
106
106
106
110
127
127
127
124
122
120
118
116
116
118
120
123
127
127
127
127
127
127
127
127
126
121
116
113
127
127
127
127
127
127
122
116
109
102
95
89
111
121
127
123
106
94
84
75
70
66
63
62
57
55
55
89
74
41
44
43
41
41
40
40
42
38
42
127
99
35
40
40
40
40
40
39
41
37
78
127
127
43
42
43
43
43
43
43
41
48
127
127
127
50
40
43
42
43
43
43
37
94
127
127
127
57
39
43
43
44
45
43
61
127
127
127
127
68
38
43
44
44
44
43
114
127
127
127
127
84
38
43
45
44
43
43
127
127
127
127
127
96
39
43
44
44
43
43
119
116
113
111
108
106
104
102
102
102
102
103
123
120
117
115
112
110
108
106
106
106
106
107
127
127
124
121
118
116
114
112
112
112
113
115
127
127
127
127
127
124
122
120
120
120
120
123
127
127
127
127
127
127
127
127
127
127
127
127
127
127
127
127
127
127
127
127
127
126
120
113
127
127
127
127
127
127
127
120
111
102
95
89
111
125
127
126
108
96
84
75
69
65
64
62
54
53
56
47
42
43
41
40
40
40
39
39
39
37
37
30
32
37
37
37
38
37
37
37
39
39
37
31
35
40
40
40
40
40
39
40
40
40
34
31
34
40
40
40
39
40
40
40
40
37
32
32
33
38
40
40
40
40
41
40
39
34
32
32
32
38
40
40
41
40
40
40
35
32
32
32
32
38
40
41
41
40
40
40
33
32
32
32
32
37
41
40
41
41
40
41
127
127
127
127
127
127
127
127
127
127
127
127
127
127
127
127
127
127
127
127
127
127
127
127
127
127
127
127
127
127
127
127
127
127
127
127
127
127
127
127
127
127
127
127
127
127
127
127
127
127
127
127
127
127
127
127
127
127
127
127
127
127
127
127
127
127
127
127
127
127
127
116
127
127
127
127
127
127
127
127
116
101
92
86
113
127
127
127
116
99
83
73
68
64
63
62
54
54
59
48
42
43
42
41
40
40
40
39
40
37
37
30
32
37
38
38
39
38
38
37
40
40
37
31
35
41
41
41
41
41
40
40
41
41
34
31
34
40
40
41
40
41
40
41
41
38
32
32
33
39
41
41
41
42
43
40
40
34
32
32
32
39
41
42
42
41
42
41
36
32
32
32
32
39
41
42
42
41
41
41
33
32
32
32
32
38
42
41
42
42
41
41
