103
101
98
98
97
95
94
93
93
93
95
96
107
105
103
102
100
99
98
97
97
97
99
99
113
111
110
108
106
105
104
103
103
103
105
106
121
119
117
116
115
113
112
111
111
111
113
113
127
127
126
124
123
122
121
120
121
122
123
125
127
127
127
127
127
127
127
127
127
127
120
115
127
127
127
127
127
127
127
123
114
106
98
91
107
110
113
122
127
116
96
83
74
68
64
62
63
58
48
65
106
57
43
44
43
41
40
40
39
36
64
120
91
38
39
40
40
40
40
39
43
71
126
127
67
39
43
43
43
43
44
43
83
127
127
98
38
43
43
43
43
43
44
43
127
127
127
47
43
43
43
45
43
43
45
44
127
127
75
40
47
43
42
45
43
43
43
43
127
109
40
42
45
42
42
43
43
43
41
42
127
63
37
41
41
41
42
42
43
43
40
42
116
113
113
111
110
108
107
106
106
106
108
109
120
118
116
115
113
112
111
110
110
110
112
113
127
125
123
122
120
118
117
116
116
116
118
120
127
127
127
127
127
127
126
124
124
125
125
127
127
127
127
127
127
127
127
127
127
127
127
127
127
127
127
127
127
127
127
127
127
127
123
116
127
127
127
127
127
127
127
127
120
107
97
90
106
108
114
127
127
120
98
82
73
67
64
62
61
57
54
52
53
47
43
41
40
40
39
39
41
40
37
32
33
36
36
37
37
38
37
37
37
37
33
33
37
40
40
40
40
41
40
40
37
33
31
37
40
40
40
40
40
41
41
40
33
32
35
41
41
40
40
41
40
40
41
40
32
33
39
41
41
40
40
41
40
40
40
40
32
36
40
40
40
40
40
40
40
40
38
40
33
39
40
39
38
39
40
40
40
41
38
40
127
127
127
127
127
127
127
127
127
127
127
127
127
127
127
127
127
127
127
127
127
127
127
127
127
127
127
127
127
127
127
127
127
127
127
127
127
127
127
127
127
127
127
127
127
127
127
127
127
127
127
127
127
127
127
127
127
127
127
127
127
127
127
127
127
127
127
127
127
127
127
120
127
127
127
127
127
127
127
127
127
110
96
88
104
107
117
127
127
127
103
82
71
66
64
63
61
57
54
53
54
49
43
42
40
40
39
39
43
41
37
31
33
36
36
38
38
38
37
37
38
37
33
33
37
40
41
41
41
42
41
40
37
33
31
37
42
41
41
41
41
42
42
41
33
32
35
42
43
41
41
43
41
41
43
42
32
33
39
43
43
40
40
43
41
40
41
41
32
37
41
42
41
40
40
41
41
41
39
40
33
40
41
40
39
40
40
40
41
42
39
40
