100
99
98
97
96
96
96
96
96
96
98
99
105
103
102
101
100
99
99
99
99
100
102
103
112
110
108
107
107
106
106
105
106
106
108
109
119
118
116
115
115
113
113
113
113
114
116
116
127
127
124
124
123
123
122
122
123
123
126
127
127
127
127
127
127
127
127
127
127
127
127
120
126
127
127
127
127
127
127
127
123
113
105
97
106
107
109
114
122
127
113
95
81
72
67
64
67
63
59
53
55
108
54
44
43
42
41
40
46
45
41
34
87
127
45
38
40
40
40
40
40
40
37
66
127
127
46
43
43
44
44
43
43
41
52
127
127
127
41
43
43
44
44
43
39
44
118
127
127
122
39
43
42
43
43
43
43
103
127
127
127
107
38
41
42
43
43
43
90
127
127
127
127
92
39
42
42
43
43
43
127
127
127
127
127
82
40
44
43
43
43
42
113
112
111
110
110
109
109
109
109
110
111
112
118
116
115
114
113
113
113
113
113
113
115
116
125
123
122
121
120
119
119
119
119
120
121
122
127
127
127
127
127
127
127
127
127
127
127
127
127
127
127
127
127
127
127
127
127
127
127
127
127
127
127
127
127
127
127
127
127
127
127
124
126
127
127
127
127
127
127
127
127
117
106
97
105
106
109
115
127
127
116
96
80
71
67
64
65
61
57
53
53
52
46
43
41
40
40
39
43
42
40
39
34
31
36
36
37
37
38
37
37
37
39
37
33
32
40
40
40
41
40
40
40
40
40
34
32
34
40
41
40
41
40
40
40
40
36
32
32
36
40
40
39
40
40
40
40
37
33
32
32
36
40
39
39
40
40
40
37
33
32
32
32
37
41
40
40
40
40
40
33
32
32
32
32
37
42
42
40
41
41
40
127
127
127
127
127
127
127
127
127
127
127
127
127
127
127
127
127
127
127
127
127
127
127
127
127
127
127
127
127
127
127
127
127
127
127
127
127
127
127
127
127
127
127
127
127
127
127
127
127
127
127
127
127
127
127
127
127
127
127
127
127
127
127
127
127
127
127
127
127
127
127
127
127
127
127
127
127
127
127
127
127
125
107
95
105
105
108
118
127
127
126
100
79
69
65
64
65
62
57
54
54
53
46
43
41
40
40
40
44
43
41
39
33
30
35
36
37
38
38
38
38
38
40
38
33
32
41
41
41
42
41
40
41
41
40
35
32
34
41
42
41
42
41
40
41
40
36
32
31
36
41
41
40
41
41
40
40
37
33
32
32
37
41
40
40
40
41
40
37
33
32
32
32
37
42
40
40
41
41
40
33
32
32
32
32
38
43
42
41
42
42
40
