101
99
98
97
96
96
96
96
96
96
97
99
105
103
102
101
99
99
99
99
99
100
101
103
111
109
108
107
106
106
106
106
106
106
107
110
119
116
116
115
114
113
113
113
114
114
116
116
127
126
124
123
123
123
123
122
123
123
126
127
127
127
127
127
127
127
127
127
127
127
127
122
125
127
127
127
127
127
127
127
123
115
106
99
106
107
109
113
121
127
115
97
82
73
67
64
68
64
60
56
49
103
65
43
43
43
41
40
47
44
43
36
54
127
74
35
40
40
40
40
40
41
40
40
102
127
91
37
43
43
44
43
43
43
40
68
127
127
100
38
43
44
44
44
43
40
44
127
127
127
109
38
43
43
43
43
43
40
96
127
127
127
116
37
42
41
43
44
42
69
127
127
127
127
124
38
41
42
43
43
41
109
127
127
127
127
127
40
41
43
43
43
114
111
111
110
109
109
109
109
108
110
110
113
118
116
115
114
113
113
113
113
113
113
114
116
124
123
121
120
120
119
119
119
120
120
120
123
127
127
127
127
127
127
127
127
127
127
127
127
127
127
127
127
127
127
127
127
127
127
127
127
127
127
127
127
127
127
127
127
127
127
127
126
125
127
127
127
127
127
127
127
127
119
107
99
106
106
107
113
125
127
120
99
82
72
67
64
66
62
57
54
53
52
46
43
41
40
40
39
43
42
40
39
37
30
33
37
37
37
37
37
37
37
38
40
36
30
37
41
40
41
40
40
40
40
41
39
33
32
37
41
40
41
41
40
40
40
40
35
32
32
36
41
40
40
40
40
40
40
37
33
32
32
35
40
39
39
40
40
40
39
33
32
32
32
35
40
39
40
40
40
40
37
32
32
32
32
34
40
39
40
40
40
127
127
127
127
127
127
127
127
127
127
127
127
127
127
127
127
127
127
127
127
127
127
127
127
127
127
127
127
127
127
127
127
127
127
127
127
127
127
127
127
127
127
127
127
127
127
127
127
127
127
127
127
127
127
127
127
127
127
127
127
127
127
127
127
127
127
127
127
127
127
127
127
125
127
127
127
127
127
127
127
127
127
110
96
105
104
106
116
127
127
127
103
82
70
66
64
66
63
58
54
54
54
47
43
42
40
40
40
44
43
40
40
37
30
33
37
37
38
39
38
38
38
39
40
36
30
37
42
41
42
42
41
41
41
42
40
33
32
37
42
41
42
42
41
41
41
41
35
32
32
36
43
40
40
41
41
41
42
37
33
32
32
35
40
40
40
41
42
41
40
33
32
32
32
35
40
39
40
41
42
41
37
32
32
32
32
34
40
40
41
40
41
