100
97
97
96
96
96
96
96
96
96
96
99
104
102
101
100
99
99
99
99
99
100
101
103
110
109
107
106
106
106
105
105
106
106
108
110
118
116
115
114
113
113
113
113
114
114
115
117
127
125
124
123
123
122
122
122
123
123
126
127
127
127
127
127
127
127
127
127
127
127
127
123
124
127
127
127
127
127
127
127
125
116
107
99
106
106
108
112
120
127
116
99
85
74
68
64
68
64
61
57
50
89
76
41
44
43
41
41
47
45
43
41
34
108
119
38
38
40
40
40
40
40
40
40
41
127
127
67
39
43
44
44
43
43
43
40
57
127
127
111
40
43
44
44
44
43
44
37
82
127
127
127
58
40
44
43
43
43
42
38
107
127
127
127
101
37
43
43
43
43
40
47
127
127
127
127
127
52
40
43
44
44
40
57
127
127
127
127
127
75
37
43
113
112
110
110
109
109
109
109
108
110
110
113
117
116
114
113
113
113
113
113
113
113
114
116
123
123
120
120
119
119
119
119
120
120
121
123
127
127
127
127
127
127
127
127
127
127
127
127
127
127
127
127
127
127
127
127
127
127
127
127
127
127
127
127
127
127
127
127
127
127
127
127
124
127
127
127
127
127
127
127
127
120
109
99
106
106
108
112
123
127
120
103
84
73
68
64
67
63
58
54
53
49
44
43
41
40
40
40
43
42
40
38
37
32
30
37
37
37
37
37
37
37
38
38
39
33
33
39
40
40
40
40
40
40
40
40
40
33
32
36
40
40
41
40
41
40
41
40
38
33
32
33
39
41
41
40
40
41
40
40
36
32
32
32
37
40
40
40
40
41
40
40
34
32
32
32
33
38
39
40
40
41
40
40
33
32
32
32
32
37
39
41
127
127
127
127
127
127
127
127
127
127
127
127
127
127
127
127
127
127
127
127
127
127
127
127
127
127
127
127
127
127
127
127
127
127
127
127
127
127
127
127
127
127
127
127
127
127
127
127
127
127
127
127
127
127
127
127
127
127
127
127
127
127
127
127
127
127
127
127
127
127
127
127
123
127
127
127
127
127
127
127
127
127
112
98
105
104
106
114
127
127
127
108
85
71
66
64
67
64
59
54
54
50
45
44
42
41
40
40
44
43
41
39
37
32
30
37
37
38
39
38
38
38
39
39
40
33
33
40
41
41
42
42
41
41
41
41
40
33
32
37
41
41
42
42
42
41
42
42
39
32
32
33
40
42
42
41
41
41
41
41
37
32
32
32
37
40
41
40
41
41
41
40
34
32
32
32
33
38
40
40
42
42
42
40
33
32
32
32
32
37
40
41
