100
97
97
96
96
96
96
96
96
96
97
99
104
102
101
100
99
99
99
99
99
100
101
103
110
109
107
106
106
106
105
105
106
106
107
110
118
116
115
114
113
113
113
113
114
114
115
117
127
125
124
123
123
123
122
122
123
123
126
127
127
127
127
127
127
127
127
127
127
127
127
123
124
127
127
127
127
127
127
127
125
116
106
99
106
106
108
112
118
123
116
99
84
73
68
64
68
64
61
57
49
90
72
42
44
43
42
40
47
45
43
42
37
118
109
35
40
40
40
40
40
40
41
40
50
127
127
56
40
43
43
43
43
43
43
38
71
127
127
93
38
43
43
43
42
42
43
37
98
127
127
127
47
41
43
43
42
42
41
43
126
127
127
127
82
38
43
43
43
43
40
57
127
127
127
127
127
46
42
43
43
44
40
73
127
127
127
127
127
60
40
43
113
111
110
110
109
109
109
109
108
110
110
113
117
116
114
113
113
113
113
113
113
113
114
116
123
123
120
120
119
119
119
119
120
120
121
123
127
127
127
127
127
127
127
127
127
127
127
127
127
127
127
127
127
127
127
127
127
127
127
127
127
127
127
127
127
127
127
127
127
127
127
127
124
127
127
127
127
127
127
127
127
120
108
99
106
106
108
113
121
124
119
102
85
73
68
65
67
62
58
54
51
46
45
43
41
40
40
39
43
42
40
39
37
31
31
36
37
37
37
37
37
37
38
39
39
33
33
39
40
40
40
40
40
40
40
40
39
33
32
37
40
40
40
40
40
40
40
40
37
32
32
33
40
40
40
40
40
40
40
40
35
32
32
32
38
41
40
40
40
40
40
40
33
32
32
32
36
41
40
40
40
41
41
40
33
32
32
32
33
40
40
40
127
127
127
127
127
127
127
127
127
127
127
127
127
127
127
127
127
127
127
127
127
127
127
127
127
127
127
127
127
127
127
127
127
127
127
127
127
127
127
127
127
127
127
127
127
127
127
127
127
127
127
127
127
127
127
127
127
127
127
127
127
127
127
127
127
127
127
127
127
127
127
127
123
127
127
127
127
127
127
127
127
127
111
97
106
104
106
115
127
127
127
107
84
71
66
64
67
63
58
54
52
47
45
44
42
40
40
40
44
43
41
39
37
30
30
37
38
38
39
38
38
38
39
40
40
33
33
40
41
41
41
40
41
41
41
41
39
33
32
37
41
41
40
40
40
40
41
41
37
32
32
34
40
41
40
40
41
40
41
41
35
31
32
32
39
42
41
40
41
41
41
41
33
31
32
32
35
41
41
40
41
43
42
40
33
32
32
32
33
40
40
40
