100
97
97
96
96
96
96
96
96
96
96
99
104
102
101
100
99
99
99
99
99
100
101
103
110
109
107
106
106
106
105
105
106
106
108
110
118
116
115
114
113
113
113
113
114
114
116
117
127
125
123
123
123
122
122
122
123
123
126
127
127
127
127
127
127
127
127
127
127
127
127
123
124
127
127
127
127
127
127
127
125
116
106
99
106
106
108
113
116
120
114
99
85
73
68
64
68
64
61
57
49
90
71
42
44
43
42
40
47
45
43
41
38
123
103
33
40
40
40
40
40
40
41
38
56
127
127
50
41
43
43
43
43
43
43
37
84
127
127
80
38
43
42
43
43
43
42
41
117
127
127
121
41
41
43
43
43
43
42
54
127
127
127
127
61
40
43
43
43
43
40
81
127
127
127
127
99
40
43
43
44
44
39
106
127
127
127
127
127
43
43
43
113
110
110
110
109
109
109
109
108
110
110
113
117
115
114
113
113
113
113
113
113
113
114
116
123
122
120
120
119
119
119
119
120
120
122
123
127
127
127
127
127
127
127
127
127
127
127
127
127
127
127
127
127
127
127
127
127
127
127
127
127
127
127
127
127
127
127
127
127
127
127
127
124
127
127
127
127
127
127
127
127
120
109
99
106
106
108
113
120
121
117
103
85
73
68
65
67
62
58
54
50
44
45
43
41
40
40
40
43
42
41
39
37
30
32
37
37
37
37
38
37
37
38
39
38
33
33
40
40
40
40
40
40
40
40
40
38
32
32
38
40
40
40
40
40
40
40
41
35
32
32
35
40
40
40
41
40
40
41
40
33
32
32
33
40
40
40
41
42
41
41
37
32
32
32
32
37
40
40
41
42
42
41
36
32
32
32
32
35
40
40
40
127
127
127
127
127
127
127
127
127
127
127
127
127
127
127
127
127
127
127
127
127
127
127
127
127
127
127
127
127
127
127
127
127
127
127
127
127
127
127
127
127
127
127
127
127
127
127
127
127
127
127
127
127
127
127
127
127
127
127
127
127
127
127
127
127
127
127
127
127
127
127
127
123
127
127
127
127
127
127
127
127
127
112
97
106
104
106
115
127
127
127
108
84
71
66
64
67
63
58
54
51
45
45
44
42
40
40
40
45
43
41
39
37
30
30
37
38
38
38
38
37
38
39
40
40
33
33
40
41
41
40
41
40
40
40
41
38
32
32
38
41
40
40
41
40
40
41
42
36
31
31
36
41
40
40
42
41
41
42
40
33
32
32
33
40
41
41
42
42
42
43
39
32
32
32
32
38
41
41
42
42
43
42
37
32
32
32
32
35
42
40
41
