97
93
89
84
81
78
76
75
76
77
79
82
101
97
92
88
84
81
79
78
79
82
85
87
107
103
99
94
90
87
85
85
85
89
92
95
115
111
106
102
98
95
93
93
94
96
100
104
125
120
115
110
106
104
103
102
104
108
112
118
125
127
127
126
122
117
117
120
122
123
122
120
106
113
119
123
125
125
125
121
116
112
106
99
74
78
85
93
103
121
115
96
85
75
68
64
48
48
47
47
43
101
67
44
45
44
43
43
43
41
41
36
52
127
76
36
40
40
40
41
43
42
43
38
93
127
103
38
43
43
43
43
43
43
41
51
127
127
127
40
43
44
43
43
42
43
37
89
127
127
127
51
40
43
43
43
43
42
48
127
127
127
127
70
39
43
43
43
43
42
87
127
127
127
127
93
38
43
44
43
43
44
127
127
127
127
127
111
39
44
47
43
110
106
102
96
92
90
88
87
88
89
91
94
114
110
106
100
96
94
92
91
92
93
97
100
120
116
112
106
103
100
98
97
99
101
105
108
127
124
120
115
111
107
106
106
107
110
113
116
127
127
127
123
120
117
116
115
118
121
126
127
127
127
127
127
127
127
127
127
127
127
127
123
106
115
123
127
127
127
127
127
123
116
106
99
74
77
83
93
107
126
119
99
85
74
68
64
47
47
45
45
47
50
50
43
43
42
42
42
40
39
38
38
36
31
34
37
37
37
38
38
40
40
40
40
37
30
35
40
40
40
40
40
40
40
41
40
34
31
35
40
40
40
41
40
40
40
41
38
32
32
33
39
40
40
41
40
40
40
40
34
32
32
33
38
41
40
41
40
40
40
37
32
32
32
33
37
41
41
41
40
41
41
36
32
32
32
32
36
40
42
42
40
127
127
127
127
127
127
127
127
127
127
127
127
127
127
127
127
127
127
127
127
127
127
127
127
127
127
127
127
127
127
127
127
127
127
127
127
127
127
127
127
127
127
127
127
127
127
127
127
127
127
127
127
127
127
127
127
127
127
127
127
127
127
127
127
127
127
127
127
127
127
127
127
106
120
127
127
127
127
127
127
127
127
110
97
74
75
82
95
116
127
127
104
85
71
67
64
47
47
45
45
47
52
51
43
43
43
42
42
40
40
39
38
36
30
34
37
37
38
39
40
40
40
41
41
37
30
36
42
41
40
41
41
40
41
42
41
34
31
35
41
42
41
42
40
40
41
42
38
32
32
33
40
41
40
41
41
41
42
40
34
32
32
33
40
42
40
41
42
41
42
38
32
32
32
32
37
42
42
42
42
42
42
36
32
32
32
32
36
41
43
43
41
