101
99
98
97
96
96
96
96
96
97
97
100
105
103
102
101
100
99
99
99
100
101
102
104
111
109
108
107
106
106
106
106
106
107
109
110
118
117
116
115
114
114
114
114
115
115
116
118
127
127
124
123
123
123
123
123
123
124
127
127
127
127
127
127
127
127
127
127
127
127
127
123
124
127
127
127
127
127
127
127
126
116
106
99
106
106
108
113
115
116
111
99
84
74
68
64
68
64
61
57
47
89
70
43
43
43
42
40
47
45
43
41
40
126
99
33
40
40
40
40
40
40
42
37
62
127
127
46
41
43
43
43
43
43
43
38
95
127
127
69
38
43
43
43
43
43
41
44
127
127
127
105
38
43
43
43
43
43
40
66
127
127
127
127
50
40
43
43
43
43
40
103
127
127
127
127
78
39
43
43
44
44
43
127
127
127
127
127
106
38
43
43
114
111
111
110
110
110
110
110
109
110
110
113
118
116
115
114
113
113
113
113
113
114
115
117
124
123
121
120
120
120
120
120
120
120
122
123
127
127
127
127
127
127
127
127
127
127
127
127
127
127
127
127
127
127
127
127
127
127
127
127
127
127
127
127
127
127
127
127
127
127
127
127
124
127
127
127
127
127
127
127
127
120
109
99
106
106
108
113
118
118
114
102
85
73
68
65
67
62
58
54
50
43
43
43
41
40
40
39
43
42
40
39
37
30
32
36
37
37
37
37
37
37
38
39
38
32
34
40
40
40
40
40
40
40
40
40
37
32
33
38
40
40
40
40
40
40
40
40
34
32
32
35
40
40
40
40
40
40
41
40
33
32
32
34
40
40
40
40
40
40
41
37
32
32
32
33
40
40
40
40
42
40
41
36
32
32
32
32
38
40
40
40
127
127
127
127
127
127
127
127
127
127
127
127
127
127
127
127
127
127
127
127
127
127
127
127
127
127
127
127
127
127
127
127
127
127
127
127
127
127
127
127
127
127
127
127
127
127
127
127
127
127
127
127
127
127
127
127
127
127
127
127
127
127
127
127
127
127
127
127
127
127
127
127
123
127
127
127
127
127
127
127
127
127
112
97
105
104
106
115
127
127
123
108
85
71
66
64
67
63
59
54
50
43
43
44
42
40
40
40
44
43
42
39
37
29
31
37
37
38
38
38
38
38
39
40
39
32
34
40
41
41
40
40
41
40
41
41
38
32
33
38
41
41
40
40
40
40
41
40
35
32
32
35
41
41
40
40
40
41
41
40
33
32
32
34
41
41
40
41
41
41
41
37
31
32
32
33
40
41
40
41
42
41
42
36
31
32
32
32
38
41
40
40
