101
99
98
97
96
96
96
96
97
98
99
99
105
103
102
101
100
100
100
100
101
102
103
104
111
110
108
107
106
106
106
106
107
108
109
111
119
118
116
116
115
114
114
114
115
116
117
118
127
126
125
124
123
123
123
123
124
125
127
127
127
127
127
127
127
127
127
127
127
127
127
123
124
127
127
127
127
127
127
127
126
116
106
99
106
106
108
112
113
113
109
98
84
74
68
64
68
64
61
57
45
89
68
43
43
43
42
40
47
45
43
40
41
127
94
33
40
40
40
40
40
40
41
37
69
127
127
42
42
44
44
43
43
43
43
40
109
127
127
60
40
44
44
43
43
43
40
51
127
127
127
88
37
43
43
42
43
43
38
84
127
127
127
121
41
42
43
43
43
43
44
127
127
127
127
127
58
40
43
42
43
40
55
127
127
127
127
127
77
40
43
41
113
113
110
110
110
110
110
110
110
111
112
114
118
116
115
114
114
113
113
113
114
115
116
118
125
123
122
121
120
120
120
120
120
121
122
124
127
127
127
127
127
127
127
127
127
127
127
127
127
127
127
127
127
127
127
127
127
127
127
127
127
127
127
127
127
127
127
127
127
127
127
127
124
127
127
127
127
127
127
127
127
120
109
99
106
106
108
113
116
115
111
101
85
73
68
65
67
62
58
54
47
42
43
43
41
40
40
39
43
42
40
38
36
30
32
36
37
37
38
37
37
37
38
39
38
32
34
40
40
41
40
40
40
40
41
41
37
32
33
40
41
41
40
40
40
41
40
39
34
32
32
37
40
40
40
40
40
41
40
37
32
32
32
34
39
40
40
40
40
41
40
35
32
32
32
33
39
40
40
40
40
40
40
33
32
32
32
33
39
41
40
39
127
127
127
127
127
127
127
127
127
127
127
127
127
127
127
127
127
127
127
127
127
127
127
127
127
127
127
127
127
127
127
127
127
127
127
127
127
127
127
127
127
127
127
127
127
127
127
127
127
127
127
127
127
127
127
127
127
127
127
127
127
127
127
127
127
127
127
127
127
127
127
127
123
127
127
127
127
127
127
127
127
127
112
97
106
104
106
114
125
123
119
106
85
71
66
64
67
63
59
54
48
42
43
44
42
40
40
40
44
43
41
39
36
29
31
37
37
38
38
38
38
38
39
40
39
33
34
40
41
42
42
40
41
41
42
42
37
32
33
40
42
42
42
40
41
41
40
40
33
32
32
37
40
41
41
40
41
42
41
38
32
32
32
35
40
41
41
41
41
42
41
35
32
32
32
33
40
41
41
40
41
41
41
33
32
32
32
33
40
42
40
39
