100
99
97
96
96
96
96
96
96
97
98
100
104
103
101
100
99
99
99
99
100
101
102
104
110
110
107
107
106
106
106
106
106
107
108
110
118
117
116
115
114
113
113
114
114
115
116
117
127
127
124
123
123
123
123
123
123
124
127
127
127
127
127
127
127
127
127
127
127
127
127
123
124
127
127
127
127
127
127
127
126
116
106
99
106
106
109
111
110
110
105
96
85
74
68
64
68
64
61
54
43
89
67
43
43
43
42
40
46
45
43
38
42
127
92
33
40
40
40
40
40
40
40
37
71
127
127
41
43
43
43
43
43
43
42
40
111
127
127
56
39
43
43
43
43
43
40
57
127
127
127
84
37
43
44
44
43
44
40
93
127
127
127
116
40
42
44
44
43
43
51
127
127
127
127
127
54
40
44
44
44
40
68
127
127
127
127
127
68
40
43
45
113
113
110
109
110
109
109
109
110
110
110
113
117
116
114
113
113
113
113
113
113
114
115
117
124
122
121
120
120
119
119
119
120
120
122
123
127
127
127
127
127
127
127
127
127
127
127
127
127
127
127
127
127
127
127
127
127
127
127
127
127
127
127
127
127
127
127
127
127
127
127
127
124
127
127
127
127
127
127
127
127
121
109
99
106
106
108
112
113
110
106
99
85
74
68
64
67
63
58
51
46
42
43
43
41
40
40
40
43
42
40
37
36
30
32
37
37
37
37
37
37
37
37
39
38
32
34
40
40
40
40
40
40
40
40
40
37
31
33
40
40
40
40
40
40
41
41
40
33
32
32
37
40
40
41
41
41
41
41
37
33
32
32
36
40
40
41
41
41
40
41
34
32
32
32
34
40
40
40
41
42
40
40
32
32
32
32
33
39
41
40
41
127
127
127
127
127
127
127
127
127
127
127
127
127
127
127
127
127
127
127
127
127
127
127
127
127
127
127
127
127
127
127
127
127
127
127
127
127
127
127
127
127
127
127
127
127
127
127
127
127
127
127
127
127
127
127
127
127
127
127
127
127
127
127
127
127
127
127
127
127
127
127
127
123
127
127
127
127
127
127
127
127
127
112
97
106
104
106
116
123
119
114
103
85
71
66
64
67
63
59
52
46
42
43
43
42
40
40
40
44
43
42
38
35
29
31
37
38
38
38
38
38
38
39
40
39
32
34
41
41
41
41
41
41
40
40
41
36
31
33
40
40
41
41
41
41
41
42
40
33
32
33
38
41
41
42
42
42
42
43
38
33
32
32
36
41
41
42
42
42
42
43
35
32
32
32
34
40
41
42
42
43
41
42
33
32
32
32
33
40
42
41
43
