100
98
97
96
96
96
96
96
96
96
98
99
104
102
101
100
99
99
99
99
99
100
102
103
110
108
107
106
106
106
106
106
106
106
108
110
117
116
115
114
113
113
113
113
114
115
116
117
127
125
123
123
123
122
122
123
123
123
127
127
127
127
127
127
127
127
127
127
127
127
127
123
124
127
127
127
127
127
127
127
124
116
107
99
106
106
105
106
103
102
96
90
82
74
68
64
68
64
51
48
43
86
67
42
44
43
42
40
47
44
41
38
40
127
96
34
40
40
40
40
40
40
43
38
69
127
127
43
43
44
43
43
43
43
43
40
109
127
127
59
40
44
43
43
42
43
40
53
127
127
127
86
37
43
43
42
41
43
38
89
127
127
127
118
41
42
42
43
42
42
47
127
127
127
127
127
56
40
42
43
43
41
61
127
127
127
127
127
72
39
43
42
113
111
110
110
109
109
109
109
108
109
110
113
117
115
114
113
113
113
113
113
113
113
115
116
123
121
120
120
119
119
119
119
120
120
122
123
127
127
127
127
127
127
127
127
127
127
127
127
127
127
127
127
127
127
127
127
127
127
127
127
127
127
127
127
127
127
127
127
127
127
127
127
124
127
127
127
127
127
127
127
127
120
109
99
106
106
106
107
105
102
98
91
82
74
68
64
67
62
49
45
45
41
41
43
42
40
40
39
43
42
37
36
37
30
33
37
37
37
37
37
37
37
39
40
39
32
34
40
41
40
40
40
40
40
40
40
36
32
33
39
41
40
40
40
40
40
40
40
33
32
32
37
40
40
40
40
40
40
40
38
33
32
32
36
40
40
40
40
40
40
40
35
32
32
32
34
40
40
40
40
41
41
40
33
32
32
32
33
40
40
40
40
127
127
127
127
127
127
127
127
127
127
127
127
127
127
127
127
127
127
127
127
127
127
127
127
127
127
127
127
127
127
127
127
127
127
127
127
127
127
127
127
127
127
127
127
127
127
127
127
127
127
127
127
127
127
127
127
127
127
127
127
127
127
127
127
127
127
127
127
127
127
127
127
123
127
127
127
127
127
127
127
127
127
113
98
105
104
112
114
112
109
102
92
81
71
66
64
67
63
49
45
44
41
42
43
42
40
40
40
44
43
37
36
37
30
32
37
38
38
39
38
38
38
40
41
40
33
34
40
42
41
41
40
41
41
41
41
37
32
33
40
42
41
40
40
40
41
41
40
33
32
32
37
41
41
40
40
40
41
41
38
32
32
32
36
41
41
40
40
41
41
41
35
32
32
32
34
41
41
40
40
42
42
41
33
32
32
32
33
40
40
40
40
