100
98
97
96
96
96
96
96
96
96
97
99
104
102
101
100
99
99
99
99
99
100
102
103
110
109
107
106
106
106
106
106
106
106
109
110
117
116
115
114
113
113
113
113
114
115
116
117
127
124
123
123
123
122
123
123
123
124
127
127
127
127
127
127
127
127
127
127
127
127
127
123
124
127
127
127
127
127
127
127
122
116
107
99
105
103
103
103
99
99
93
87
80
74
68
64
68
55
47
48
43
85
66
42
43
43
41
40
46
42
40
38
40
127
96
34
40
40
40
40
40
42
43
38
68
127
127
43
42
43
43
43
43
43
42
40
106
127
127
60
38
43
43
43
43
43
40
54
127
127
127
89
37
43
44
44
43
44
40
89
127
127
127
120
42
41
44
43
43
43
49
127
127
127
127
127
57
40
44
44
44
41
63
127
127
127
127
127
72
40
43
45
113
111
110
110
109
109
109
109
108
109
110
113
117
115
114
113
113
113
113
113
113
113
115
116
123
121
120
120
119
119
119
119
120
120
122
123
127
127
127
127
127
127
127
127
127
127
127
127
127
127
127
127
127
127
127
127
127
127
127
127
127
127
127
127
127
127
127
127
127
127
127
127
124
127
127
127
127
127
127
127
127
119
109
99
106
104
105
105
102
99
95
87
79
73
68
64
67
52
45
46
43
41
41
42
42
41
40
40
43
39
36
37
37
30
32
37
37
37
37
37
37
39
40
40
39
32
34
40
40
40
40
40
40
40
40
40
36
32
33
40
40
40
40
40
40
41
41
40
33
32
32
37
40
40
41
41
41
41
41
37
33
32
32
36
40
40
41
41
41
40
41
34
32
32
32
34
40
40
41
41
41
40
41
33
32
32
32
33
39
41
40
40
127
127
127
127
127
127
127
127
127
127
127
127
127
127
127
127
127
127
127
127
127
127
127
127
127
127
127
127
127
127
127
127
127
127
127
127
127
127
127
127
127
127
127
127
127
127
127
127
127
127
127
127
127
127
127
127
127
127
127
127
127
127
127
127
127
127
127
127
127
127
127
127
123
127
127
127
127
127
127
127
127
127
112
98
105
107
111
110
106
104
98
89
79
71
66
64
67
53
44
45
44
40
42
43
42
41
40
40
44
40
36
37
37
30
33
38
38
38
38
38
38
40
40
41
40
33
34
41
41
40
41
41
41
40
40
41
37
32
33
40
40
40
41
41
41
41
42
40
33
32
32
38
41
41
42
42
42
43
43
38
32
32
31
37
41
41
42
42
42
42
43
35
32
32
31
34
40
41
42
42
42
40
43
33
32
32
32
33
40
42
41
42
