97
93
89
84
80
78
75
75
75
76
78
82
101
97
92
87
83
81
78
78
79
81
83
87
107
103
99
93
89
86
85
85
85
88
91
95
115
111
106
101
97
94
92
92
94
96
100
103
125
120
115
110
106
104
103
102
104
108
113
117
125
127
127
126
122
117
116
120
122
123
123
119
106
113
118
122
125
125
125
121
116
112
106
99
74
77
84
92
102
121
116
96
85
75
69
64
48
48
47
47
44
100
69
44
45
44
43
43
43
41
40
37
50
127
79
35
40
40
41
41
43
43
42
38
90
127
106
37
43
43
43
43
43
44
40
49
127
127
127
42
43
43
43
43
43
43
37
85
127
127
127
55
41
43
43
44
45
43
47
127
127
127
127
74
40
44
44
45
44
43
83
127
127
127
127
98
40
43
44
44
43
42
123
127
127
127
127
116
40
43
43
43
110
106
100
96
92
89
87
86
86
88
91
94
114
110
105
100
96
92
91
90
91
93
96
99
120
116
112
106
103
99
97
96
99
100
103
107
127
124
120
114
110
107
106
105
107
109
113
116
127
127
127
123
120
116
115
114
117
121
126
127
127
127
127
127
127
127
127
127
127
127
127
123
106
115
123
127
127
127
127
127
124
116
106
99
74
77
83
92
106
125
120
99
84
74
68
64
47
47
45
45
47
50
50
43
42
42
42
42
40
39
38
38
36
31
34
37
37
37
39
38
40
39
40
40
37
30
35
40
40
40
40
40
40
40
40
40
34
31
34
40
40
40
40
40
40
40
40
37
32
32
33
40
41
40
40
40
40
41
40
34
32
32
32
39
41
41
41
40
40
41
38
32
32
32
32
37
41
41
41
40
40
41
35
32
32
32
31
36
40
40
41
40
127
127
127
127
127
127
127
127
127
127
127
127
127
127
127
127
127
127
127
127
127
127
127
127
127
127
127
127
127
127
127
127
127
127
127
127
127
127
127
127
127
127
127
127
127
127
127
127
127
127
127
127
127
127
127
127
127
127
127
127
127
127
127
127
127
127
127
127
127
127
127
127
106
120
127
127
127
127
127
127
127
127
110
97
74
75
81
95
115
127
127
106
85
71
67
64
47
47
45
45
47
52
51
44
43
43
42
42
40
40
39
38
36
30
33
37
38
38
39
39
40
40
40
41
37
30
35
41
41
40
41
40
41
42
40
41
34
31
35
41
41
41
41
40
41
41
41
38
32
32
33
40
42
41
40
42
42
42
41
34
32
32
33
39
43
42
41
42
42
43
39
32
32
32
31
37
42
42
42
42
41
42
36
32
32
32
31
36
41
41
41
41
