100
98
97
96
96
96
96
96
96
96
97
99
104
102
101
100
99
99
99
99
99
100
102
103
110
109
107
106
106
106
106
106
106
106
109
110
117
116
115
114
113
113
113
113
114
115
116
117
125
123
123
123
123
123
123
123
123
125
127
127
127
127
127
127
127
127
127
127
127
127
127
123
127
127
127
127
127
127
127
125
120
113
106
99
108
100
101
100
98
96
89
84
78
72
68
65
52
48
49
49
44
84
64
41
43
43
41
41
41
40
40
38
40
127
96
34
40
40
40
40
43
43
43
38
67
127
127
43
42
44
44
43
43
43
43
39
107
127
127
61
40
44
44
43
43
43
40
52
127
127
127
88
37
43
43
42
43
43
37
86
127
127
127
119
40
42
43
43
43
42
46
127
127
127
127
127
56
40
43
42
43
40
58
127
127
127
127
127
73
40
42
41
113
111
110
110
109
109
109
109
108
109
110
113
117
115
114
113
113
113
113
113
113
113
115
116
123
122
120
120
119
119
119
119
120
120
122
123
127
127
127
127
127
127
127
127
127
127
127
127
127
127
127
127
127
127
127
127
127
127
127
127
127
127
127
127
127
127
127
127
127
127
127
127
127
127
127
127
127
127
127
127
125
116
107
99
110
103
103
101
99
96
90
84
76
71
67
65
50
44
45
44
43
40
40
42
41
41
40
40
37
37
37
37
37
30
33
37
37
38
38
37
40
40
40
40
39
32
34
40
40
41
40
40
40
40
40
40
37
32
33
40
41
41
40
40
40
41
40
39
33
32
32
37
40
40
40
40
40
40
40
37
32
32
32
35
39
40
40
40
40
40
40
34
32
32
32
33
39
40
40
40
40
40
40
33
32
32
32
33
40
41
40
39
127
127
127
127
127
127
127
127
127
127
127
127
127
127
127
127
127
127
127
127
127
127
127
127
127
127
127
127
127
127
127
127
127
127
127
127
127
127
127
127
127
127
127
127
127
127
127
127
127
127
127
127
127
127
127
127
127
127
127
127
127
127
127
127
127
127
127
127
127
127
127
127
127
127
127
127
127
127
127
127
127
125
110
97
116
106
107
106
103
99
92
83
75
69
66
64
50
45
46
45
43
40
41
43
42
41
40
40
38
37
37
37
37
30
33
38
38
39
39
38
40
40
40
41
40
32
34
41
41
42
41
40
41
41
41
42
37
32
33
39
42
42
41
40
41
42
41
39
33
32
32
37
40
41
41
40
41
41
41
37
32
32
32
35
40
41
41
41
41
41
41
35
32
32
32
33
40
41
41
40
41
41
40
33
32
32
32
33
40
42
40
40
