100
98
97
96
96
96
96
96
96
96
97
99
104
102
101
100
99
99
99
99
99
100
102
103
110
109
107
106
106
106
106
106
106
106
109
110
117
116
115
114
113
113
113
113
114
115
116
117
125
123
123
123
123
123
123
123
123
125
127
127
127
127
127
127
127
127
127
127
127
127
125
120
127
127
127
127
127
124
123
121
116
109
102
96
96
97
97
95
92
88
82
78
74
68
66
64
49
49
50
49
55
83
50
43
43
43
41
41
40
40
40
39
47
127
91
35
41
40
40
40
42
43
42
38
66
127
127
43
42
43
43
43
43
43
43
40
106
127
127
61
38
43
43
43
43
43
41
54
127
127
127
91
37
43
44
45
45
43
40
89
127
127
127
122
42
43
45
45
44
42
46
127
127
127
127
127
57
40
45
44
43
40
56
127
127
127
127
127
74
39
44
43
113
111
110
110
109
109
109
109
108
109
110
113
117
115
114
113
113
113
113
113
113
113
115
116
123
122
120
120
119
119
119
119
120
120
122
123
127
127
127
127
127
127
127
127
127
127
127
127
127
127
127
127
127
127
127
127
127
127
127
127
127
127
127
127
127
127
127
127
127
127
127
123
127
127
127
127
127
127
127
127
119
111
103
96
97
97
97
95
92
89
84
78
73
68
65
64
45
45
45
43
43
40
41
42
41
40
40
40
37
37
37
37
37
31
33
38
37
37
37
37
40
40
40
40
39
32
33
40
40
40
40
40
40
40
40
40
37
32
33
40
40
40
40
40
40
40
41
40
33
32
32
37
40
41
41
40
42
41
41
38
32
32
32
35
40
40
41
41
41
40
40
35
32
32
32
33
40
40
41
41
40
40
38
33
32
32
32
33
39
40
41
40
127
127
127
127
127
127
127
127
127
127
127
127
127
127
127
127
127
127
127
127
127
127
127
127
127
127
127
127
127
127
127
127
127
127
127
127
127
127
127
127
127
127
127
127
127
127
127
127
127
127
127
127
127
127
127
127
127
127
127
127
127
127
127
127
127
127
127
127
127
127
127
127
127
127
127
127
127
127
127
127
127
115
102
92
99
100
100
97
94
89
83
76
71
66
64
64
45
45
45
44
43
40
42
42
41
41
40
40
37
37
37
37
37
31
33
39
38
38
39
38
40
40
40
41
40
32
34
41
40
40
42
41
41
40
40
41
37
32
33
40
40
41
42
41
41
41
43
40
33
32
32
38
41
41
42
42
43
42
43
40
32
32
32
37
41
41
42
43
42
41
41
36
32
32
32
34
40
41
42
42
40
40
39
33
32
32
32
33
40
41
42
41
