100
98
97
96
96
96
96
96
96
96
97
99
104
102
101
100
99
99
99
99
99
100
102
103
110
109
107
106
106
106
106
106
106
106
109
110
117
116
115
114
113
113
113
113
114
115
116
117
125
123
123
123
123
123
123
123
124
125
127
127
127
127
127
127
127
127
127
127
127
127
123
118
127
127
127
127
127
123
123
118
113
106
100
94
95
95
96
93
90
85
80
76
72
68
65
63
49
49
50
50
67
77
43
43
43
43
41
40
40
40
40
38
57
127
78
36
40
40
40
40
43
43
43
37
71
127
126
43
42
43
43
44
43
43
43
40
106
127
127
61
39
44
45
44
43
43
40
51
127
127
127
90
37
43
43
43
43
43
37
85
127
127
127
121
40
42
43
44
43
43
44
127
127
127
127
127
54
40
43
43
44
40
57
127
127
127
127
127
72
38
43
43
113
111
110
110
109
109
109
109
108
109
110
113
117
115
114
113
113
113
113
113
113
113
115
116
123
122
120
120
119
119
119
119
120
120
122
123
127
127
127
127
127
127
127
127
127
127
127
127
127
127
127
127
127
127
127
127
127
127
127
127
127
127
127
127
127
127
127
127
127
127
127
121
127
127
127
127
127
127
127
123
116
108
99
93
95
96
95
92
89
85
81
75
71
67
65
63
44
44
44
43
41
40
42
42
41
40
40
40
37
37
37
37
36
30
34
37
37
38
37
37
40
40
40
41
39
32
35
40
40
41
40
40
40
40
40
41
37
32
33
40
40
41
41
40
40
40
40
39
34
32
32
37
40
41
40
40
40
40
40
37
32
32
32
35
38
40
40
40
41
40
40
34
32
32
32
33
37
40
40
41
42
40
40
33
32
32
32
33
37
40
40
40
127
127
127
127
127
127
127
127
127
127
127
127
127
127
127
127
127
127
127
127
127
127
127
127
127
127
127
127
127
127
127
127
127
127
127
127
127
127
127
127
127
127
127
127
127
127
127
127
127
127
127
127
127
127
127
127
127
127
127
127
127
127
127
127
127
127
127
127
127
127
127
127
127
127
127
127
127
127
127
127
124
111
99
91
97
97
97
94
90
86
80
73
68
67
65
63
46
46
45
43
41
40
43
42
41
41
40
40
37
37
37
37
36
31
35
39
38
39
38
39
40
40
40
42
39
32
35
41
40
42
41
41
41
41
41
42
37
32
33
40
41
42
42
41
41
40
41
40
33
31
32
38
41
42
41
41
41
41
40
37
32
32
32
35
39
41
42
42
41
41
40
34
32
32
32
33
37
41
42
42
42
41
40
33
32
32
32
33
37
40
42
41
