100
98
97
96
96
96
96
96
96
96
97
99
104
102
101
100
99
99
99
99
99
100
102
103
110
109
107
106
106
106
106
106
106
106
109
110
117
116
115
114
113
113
113
113
114
115
116
117
125
123
123
123
123
123
123
123
125
126
127
127
127
127
127
127
127
127
127
127
127
127
121
116
127
127
127
127
124
123
121
116
111
104
98
92
94
94
93
91
87
82
78
75
71
67
64
63
50
50
51
57
78
57
40
44
43
42
41
40
41
41
42
40
92
124
50
37
41
40
40
40
43
43
42
37
110
127
92
39
43
44
43
43
43
43
42
43
127
127
127
47
41
44
43
43
42
43
39
60
127
127
127
76
37
43
43
43
41
43
37
94
127
127
127
113
41
42
42
43
42
42
47
127
127
127
127
127
56
40
43
43
44
41
61
127
127
127
127
127
72
39
43
42
113
111
110
110
109
109
109
109
108
109
110
113
117
115
114
113
113
113
113
113
113
113
115
116
123
122
120
120
119
119
119
119
120
120
122
123
127
127
127
127
127
127
127
127
127
127
127
127
127
127
127
127
127
127
127
127
127
127
127
127
127
127
127
127
127
127
127
127
127
127
125
119
127
127
127
127
127
127
127
120
113
105
98
92
92
93
92
89
86
83
78
73
69
66
64
62
44
44
44
43
40
41
42
42
40
40
40
40
37
37
37
37
33
32
37
38
38
38
37
37
40
40
40
40
36
32
37
40
40
40
40
40
40
40
40
40
35
31
33
40
40
40
40
40
40
41
41
38
33
32
32
37
40
40
40
40
40
40
40
37
32
32
32
36
40
40
40
40
40
40
40
35
32
32
32
34
40
40
40
40
41
41
40
33
32
32
32
33
40
40
40
40
127
127
127
127
127
127
127
127
127
127
127
127
127
127
127
127
127
127
127
127
127
127
127
127
127
127
127
127
127
127
127
127
127
127
127
127
127
127
127
127
127
127
127
127
127
127
127
127
127
127
127
127
127
127
127
127
127
127
127
127
127
127
127
127
127
127
127
127
127
127
127
123
127
127
127
127
127
127
127
127
119
106
96
89
95
96
94
90
86
82
77
71
68
66
64
62
45
45
44
43
40
41
43
41
41
41
40
40
37
37
37
37
33
32
37
39
39
39
39
38
40
40
40
41
37
32
37
41
41
41
41
40
41
41
41
41
35
31
33
40
41
41
40
40
40
42
42
39
33
32
32
37
41
41
40
40
40
41
41
37
32
32
32
36
42
41
40
40
41
41
41
35
32
32
32
34
41
41
40
40
42
42
41
33
32
32
32
33
40
41
41
40
