99
98
96
96
96
96
96
96
96
97
98
100
103
102
100
99
99
99
99
99
100
101
102
104
110
108
106
106
106
105
106
106
106
107
108
111
117
116
115
114
113
113
113
113
114
115
116
119
125
123
123
123
123
123
123
124
126
127
127
125
127
127
127
127
127
127
127
127
124
120
114
109
125
123
121
123
121
118
113
108
102
96
89
85
89
88
83
81
78
75
72
68
65
64
62
61
57
75
74
43
44
44
43
43
42
42
40
40
37
85
127
67
37
40
40
40
41
40
40
40
46
120
127
95
38
43
43
43
43
43
43
43
88
127
127
106
38
44
43
43
43
43
44
44
127
127
127
101
40
43
43
45
43
43
45
45
127
127
127
89
37
43
43
44
43
43
44
43
127
127
127
75
37
43
43
43
43
42
43
42
127
127
127
67
40
45
43
43
43
40
42
43
113
110
109
108
109
109
109
109
110
110
110
113
116
115
113
113
113
113
113
113
113
114
115
117
123
122
120
120
119
119
119
119
120
121
123
124
127
127
127
127
127
127
127
127
127
127
127
127
127
127
127
127
127
127
127
127
127
127
127
127
127
127
127
127
127
127
127
127
127
122
115
110
127
127
127
127
127
123
116
110
102
95
89
85
87
88
85
80
78
75
71
68
66
64
63
61
44
43
42
43
42
42
42
41
40
40
40
40
37
35
31
36
38
37
37
38
37
38
37
37
40
34
31
37
40
40
40
40
40
40
40
40
37
33
32
37
41
40
40
40
40
40
41
40
33
32
32
37
41
40
40
41
40
40
41
41
32
32
32
37
40
40
40
41
40
40
40
40
32
32
32
37
40
40
40
41
40
39
40
40
32
32
32
38
41
42
40
41
40
37
39
40
127
127
127
127
127
127
127
127
127
127
127
127
127
127
127
127
127
127
127
127
127
127
127
127
127
127
127
127
127
127
127
127
127
127
127
127
127
127
127
127
127
127
127
127
127
127
127
127
127
127
127
127
127
127
127
127
127
127
127
127
127
127
127
127
127
127
127
127
127
127
119
110
127
127
127
127
127
127
123
113
101
92
87
84
86
86
84
80
76
73
68
66
64
64
62
61
44
44
43
43
43
43
41
41
41
40
40
40
39
35
31
37
39
38
39
38
39
38
38
38
40
34
31
37
41
40
41
40
41
41
41
40
38
33
32
37
42
41
41
41
40
41
42
41
33
32
31
38
42
40
41
43
41
41
43
42
32
32
32
37
40
40
41
42
41
41
43
41
32
32
32
38
40
41
41
42
41
40
41
40
32
32
32
39
42
43
40
42
41
38
40
40
