95
94
92
92
92
93
94
96
98
99
101
102
99
98
96
96
96
97
98
100
102
103
104
106
105
104
103
103
103
103
104
106
109
110
114
117
113
112
110
110
110
111
113
114
116
120
124
126
120
120
120
120
120
123
124
127
126
123
120
112
127
127
127
127
127
127
124
119
113
107
101
95
121
120
119
116
112
108
102
96
89
83
79
77
85
85
82
77
71
68
66
64
62
61
60
59
47
48
47
46
43
43
43
43
41
40
40
40
41
40
41
41
41
40
41
40
40
40
39
39
43
42
43
43
43
43
43
43
43
43
42
42
43
43
43
43
43
43
43
43
43
43
43
43
45
44
45
43
43
44
43
43
43
44
44
43
47
44
44
43
43
44
43
43
43
44
44
44
46
43
44
44
45
44
43
43
43
44
44
44
43
42
45
46
45
43
42
43
44
44
45
43
108
107
106
106
106
106
107
110
111
111
114
116
112
111
110
110
110
110
111
113
115
116
118
121
118
117
116
116
116
116
117
120
122
124
126
127
126
125
123
123
123
125
126
127
127
127
127
127
127
127
127
127
127
127
127
127
127
126
119
112
127
127
127
127
127
127
127
121
114
107
100
94
127
126
123
120
115
109
102
94
88
84
79
77
85
84
82
76
70
68
66
64
62
61
60
59
45
45
46
43
41
41
41
41
40
40
40
40
38
38
38
38
37
38
38
39
38
38
37
37
40
40
40
40
40
40
40
40
40
40
39
38
40
40
40
40
40
40
40
40
40
40
40
40
41
41
40
40
40
41
40
40
40
41
41
40
42
40
40
40
41
40
40
40
41
41
41
40
41
40
40
41
41
40
40
40
41
41
41
40
40
40
41
42
41
40
40
41
41
42
41
40
127
127
127
127
127
127
127
127
127
127
127
127
127
127
127
127
127
127
127
127
127
127
127
127
127
127
127
127
127
127
127
127
127
127
127
127
127
127
127
127
127
127
127
127
127
127
127
127
127
127
127
127
127
127
127
127
127
127
120
111
127
127
127
127
127
127
127
127
116
106
99
94
127
127
127
127
122
113
100
92
85
82
79
78
84
82
80
74
69
67
65
64
62
61
60
59
46
46
45
44
42
42
42
41
40
40
40
40
39
39
39
39
39
39
39
39
38
38
38
37
40
40
40
40
40
40
40
41
41
40
40
39
41
41
41
41
41
41
41
40
41
40
40
41
43
42
42
41
41
42
41
40
41
42
42
41
43
41
41
41
42
42
41
41
42
42
42
42
42
40
41
42
42
42
40
41
42
42
42
41
41
40
42
43
42
41
40
42
42
43
42
40
