92
91
89
89
90
92
93
96
98
99
103
105
96
95
93
93
94
95
97
99
102
103
106
108
102
101
99
99
100
101
103
106
108
111
114
117
110
109
107
107
108
110
111
113
116
119
122
125
117
116
116
116
117
120
123
125
127
127
125
119
127
127
127
127
127
127
127
125
120
113
107
101
127
127
122
121
119
114
109
103
96
89
83
80
116
104
88
86
82
74
69
66
64
62
61
61
103
56
46
47
47
44
43
43
43
41
41
40
99
43
40
41
41
40
40
41
40
40
40
40
74
43
43
43
43
43
43
43
43
43
43
43
38
43
43
43
43
43
43
43
43
43
43
43
43
44
43
43
44
45
45
43
44
44
43
43
44
45
44
43
45
46
44
43
43
43
43
43
43
44
44
44
47
45
43
43
43
43
43
43
42
42
43
47
47
43
43
43
43
44
43
43
105
104
103
103
103
105
106
109
111
113
115
117
109
108
106
106
106
109
110
113
115
117
120
123
115
114
113
113
113
115
116
119
122
124
127
127
123
122
120
120
121
123
124
127
127
127
127
127
127
127
127
127
127
127
127
127
127
127
127
119
127
127
127
127
127
127
127
127
123
115
107
100
127
127
127
127
123
117
110
103
96
89
83
80
119
106
87
85
81
72
68
66
64
63
61
61
49
49
44
45
45
42
41
41
41
41
40
40
33
37
37
38
38
37
38
38
38
38
37
37
37
40
40
40
40
40
40
40
40
40
39
40
41
40
40
40
40
40
40
40
40
40
40
40
41
40
40
41
41
40
41
40
40
40
41
40
40
41
41
40
41
41
40
40
40
40
41
40
40
40
41
40
41
40
40
40
40
40
41
40
39
39
40
41
42
40
40
40
40
41
41
40
127
127
127
127
127
127
127
127
127
127
127
127
127
127
127
127
127
127
127
127
127
127
127
127
127
127
127
127
127
127
127
127
127
127
127
127
127
127
127
127
127
127
127
127
127
127
127
127
127
127
127
127
127
127
127
127
127
127
127
120
127
127
127
127
127
127
127
127
127
117
106
99
127
127
127
127
127
127
114
102
92
86
82
80
126
110
88
84
78
71
67
64
63
63
61
61
49
49
45
46
45
42
42
42
41
41
40
40
33
38
38
39
39
39
39
40
39
39
39
38
38
40
40
40
40
41
40
41
40
40
40
40
42
41
41
41
40
41
41
41
40
40
40
41
42
41
41
42
42
42
42
41
42
42
41
41
41
42
42
42
43
43
41
40
41
41
42
40
40
41
42
43
43
42
41
40
40
41
42
40
40
40
41
43
43
40
41
40
41
42
42
41
