97
93
89
84
80
78
75
75
75
76
78
82
101
97
92
88
84
80
78
78
79
81
83
87
107
103
99
94
90
86
85
85
85
88
91
95
115
111
106
102
97
95
93
92
94
96
100
103
125
120
115
110
106
104
103
102
104
108
113
117
125
127
127
126
122
117
116
120
122
123
123
119
106
113
118
122
125
125
125
121
116
112
106
99
74
77
84
92
102
120
116
96
85
75
69
64
48
48
47
47
43
99
71
43
45
44
43
43
43
41
41
37
49
127
82
34
40
40
40
41
43
42
43
38
88
127
110
38
43
43
43
43
43
43
42
49
127
127
127
43
43
44
44
43
43
44
38
82
127
127
127
56
40
43
44
43
43
42
45
127
127
127
127
77
37
43
43
43
43
40
78
127
127
127
127
102
39
43
43
43
44
40
117
127
127
127
127
120
42
42
43
43
110
106
100
96
92
89
87
86
86
88
91
94
114
110
105
100
96
92
91
90
91
93
96
99
120
116
112
106
103
99
97
96
99
100
103
107
127
124
120
114
110
108
106
105
107
109
113
116
127
127
127
123
120
116
116
114
117
121
126
127
127
127
127
127
127
127
127
127
127
127
127
123
106
115
123
127
127
127
127
127
124
116
106
99
74
77
83
92
106
125
120
99
85
74
68
64
47
47
45
45
46
50
50
43
42
42
42
42
40
39
38
38
36
31
34
37
37
37
38
39
40
39
40
40
37
30
35
40
40
40
40
40
40
40
40
40
34
31
34
40
40
40
40
40
40
41
42
39
32
32
33
39
40
40
41
40
40
40
41
35
32
32
33
38
41
40
40
40
40
40
38
33
32
32
32
37
41
40
40
40
40
40
35
32
32
32
32
35
41
40
40
40
127
127
127
127
127
127
127
127
127
127
127
127
127
127
127
127
127
127
127
127
127
127
127
127
127
127
127
127
127
127
127
127
127
127
127
127
127
127
127
127
127
127
127
127
127
127
127
127
127
127
127
127
127
127
127
127
127
127
127
127
127
127
127
127
127
127
127
127
127
127
127
127
106
120
127
127
127
127
127
127
127
127
110
98
73
75
81
94
115
127
127
106
85
71
67
64
47
47
45
45
47
52
51
44
43
42
42
42
40
39
39
38
36
30
33
37
37
39
39
40
40
40
41
42
37
30
35
42
41
42
40
41
41
41
42
42
34
31
35
42
42
42
41
40
41
42
42
40
32
32
33
39
41
41
42
41
41
41
41
35
32
32
32
38
41
41
41
41
41
41
38
33
32
32
32
37
41
41
40
41
42
41
35
32
32
32
32
35
42
41
40
40
