91
89
89
89
89
91
92
95
97
100
103
106
95
92
92
92
92
94
96
99
101
104
107
109
101
99
99
98
99
100
103
105
107
111
115
118
108
107
106
106
106
109
110
113
116
119
123
126
116
115
115
115
116
118
122
124
127
127
124
118
127
127
127
127
127
127
127
124
120
113
106
100
127
127
125
120
120
115
108
103
96
88
83
79
114
116
97
86
84
77
69
66
64
62
61
60
101
57
48
47
47
46
43
43
43
42
41
41
88
42
40
41
41
41
40
41
40
40
40
40
63
42
42
43
43
43
43
43
43
43
43
42
37
43
43
43
43
44
43
43
43
43
43
43
42
43
42
42
43
42
43
44
44
44
45
45
43
44
43
42
42
42
43
43
43
43
45
45
45
45
43
43
43
43
43
44
43
42
44
43
46
46
43
44
43
43
43
45
43
42
42
41
103
103
101
101
102
103
106
107
110
113
116
118
107
106
105
105
106
107
110
112
114
117
120
123
113
113
111
111
112
113
116
119
121
125
127
127
121
120
119
119
120
122
124
127
127
127
127
127
127
127
127
127
127
127
127
127
127
127
126
119
127
127
127
127
127
127
127
127
123
114
106
99
127
127
127
127
123
119
110
103
95
88
83
79
116
117
97
85
82
75
68
66
64
62
61
60
49
51
47
45
45
43
42
41
41
41
41
40
34
37
37
38
38
38
38
38
38
38
37
37
37
39
40
40
40
40
40
40
40
40
40
40
40
40
40
40
40
40
40
40
40
40
40
40
40
41
40
40
40
39
40
41
41
41
40
40
40
41
40
40
39
39
40
41
40
40
40
41
41
41
40
40
40
40
40
41
40
39
40
40
42
42
40
41
41
40
40
41
41
39
40
38
127
127
127
127
127
127
127
127
127
127
127
127
127
127
127
127
127
127
127
127
127
127
127
127
127
127
127
127
127
127
127
127
127
127
127
127
127
127
127
127
127
127
127
127
127
127
127
127
127
127
127
127
127
127
127
127
127
127
127
119
127
127
127
127
127
127
127
127
127
116
105
98
127
127
127
127
127
127
114
102
91
85
82
79
123
126
100
84
81
73
67
65
63
62
61
60
49
52
47
45
45
44
42
42
42
42
40
40
34
38
38
38
39
39
39
39
39
39
38
38
38
40
40
40
40
41
40
40
40
40
40
40
40
41
40
40
41
42
41
41
41
41
41
41
41
42
40
40
40
40
41
42
42
42
43
42
42
42
41
40
40
40
41
42
41
41
43
42
42
42
41
41
40
40
41
42
41
40
41
41
43
43
41
42
42
41
40
43
41
40
40
39
