89
87
87
87
87
89
91
93
96
100
103
106
93
91
90
90
91
93
95
97
100
104
107
109
99
97
96
96
97
99
101
103
106
111
115
118
107
105
104
104
105
107
110
112
115
119
123
126
115
114
113
113
114
116
120
124
127
127
123
117
127
126
127
127
127
127
127
124
119
113
106
99
127
127
127
121
119
115
109
102
94
88
82
78
113
115
112
89
84
79
71
66
64
62
61
60
99
56
53
47
47
47
45
43
43
42
41
41
81
41
40
40
41
41
41
41
42
41
40
40
57
42
42
43
43
43
43
43
43
43
43
42
40
43
43
43
43
43
43
43
43
43
44
43
43
43
43
43
44
44
43
44
43
43
42
41
44
44
43
44
44
45
44
44
44
44
43
42
44
45
43
46
45
46
44
43
44
44
44
44
43
45
43
46
46
47
43
43
43
43
46
46
102
99
99
99
100
103
103
106
109
113
116
118
106
104
103
103
104
106
108
110
113
117
120
123
112
111
110
110
110
113
115
117
121
125
127
127
120
119
117
117
118
120
123
125
127
127
127
127
127
126
126
127
127
127
127
127
127
127
125
118
127
127
127
127
127
127
127
127
121
113
105
99
127
127
127
127
124
119
111
103
94
87
82
78
113
117
113
89
83
78
71
66
64
62
61
60
49
52
50
45
46
45
43
42
42
42
41
41
35
37
37
37
38
39
38
39
38
38
37
38
38
39
39
40
40
40
40
40
40
40
40
40
40
40
40
40
40
40
40
40
40
40
41
40
41
40
40
41
40
41
41
41
40
40
40
39
40
41
41
42
40
40
41
41
41
40
40
40
40
41
41
42
40
40
41
40
41
40
40
41
40
41
40
41
41
40
40
40
41
40
41
43
127
127
127
127
127
127
127
127
127
127
127
127
127
127
127
127
127
127
127
127
127
127
127
127
127
127
127
127
127
127
127
127
127
127
127
127
127
127
127
127
127
127
127
127
127
127
127
127
127
127
127
127
127
127
127
127
127
127
127
117
127
127
127
127
127
127
127
127
127
115
104
97
127
127
127
127
127
127
115
101
91
85
82
79
120
125
121
89
82
75
69
65
64
62
61
60
48
53
50
45
46
46
43
42
42
42
41
41
35
38
37
38
39
40
39
40
40
39
39
39
39
40
40
40
40
40
40
41
41
40
41
40
42
41
41
41
40
40
41
40
41
41
42
41
42
41
41
42
41
42
42
42
41
40
40
40
41
42
42
43
41
42
42
42
42
42
40
40
41
42
42
43
42
42
42
41
42
42
42
42
41
43
41
43
43
42
41
40
41
41
43
43
