84
82
79
79
79
82
83
87
91
96
99
103
88
85
83
82
82
85
87
91
95
99
103
106
94
92
89
89
89
91
93
97
101
106
111
116
103
100
98
97
96
99
101
105
109
113
120
125
112
110
107
106
106
108
111
115
121
126
125
119
127
124
121
120
120
122
124
123
121
116
110
103
119
120
124
127
127
127
116
110
103
96
89
85
89
99
107
110
113
112
85
76
72
71
70
67
71
83
67
54
55
54
48
48
49
50
50
50
80
61
46
40
41
41
41
42
42
43
43
43
68
46
40
41
42
43
43
43
42
43
43
43
39
43
43
43
43
44
44
43
43
43
43
43
43
45
43
42
41
43
44
43
43
43
42
43
44
45
43
43
41
43
43
43
43
44
43
43
43
44
43
43
43
43
43
44
45
43
44
45
43
43
43
43
44
43
42
44
45
43
44
45
95
92
92
91
92
94
96
99
103
109
113
116
99
97
96
95
95
97
99
103
107
113
116
121
107
105
102
101
101
103
106
110
114
120
124
127
116
113
110
110
110
112
114
118
122
127
127
127
125
123
120
119
119
120
124
127
127
127
127
120
127
127
127
127
127
127
127
127
124
116
110
103
127
127
127
127
127
127
121
111
102
94
89
85
90
98
106
112
116
115
84
75
72
71
70
67
44
46
49
50
52
51
46
46
47
49
50
50
35
37
37
37
37
38
38
39
40
41
41
41
38
40
40
39
39
40
40
40
40
39
39
40
41
40
40
40
40
40
40
40
40
40
40
40
40
41
41
39
39
40
41
40
40
40
40
40
41
42
40
40
39
40
40
41
41
41
40
40
40
41
40
40
40
40
40
41
41
41
41
42
40
40
40
40
41
40
40
40
41
40
42
42
127
127
127
127
127
127
127
127
127
127
127
127
127
127
127
127
127
127
127
127
127
127
127
127
127
127
127
127
127
127
127
127
127
127
127
127
127
127
127
127
127
127
127
127
127
127
127
127
127
127
127
127
127
127
127
127
127
127
127
120
127
127
127
127
127
127
127
127
127
120
108
101
127
127
127
127
127
127
127
113
99
92
89
85
90
100
110
117
124
123
82
74
72
71
70
67
45
46
49
50
53
51
46
47
47
49
50
50
36
37
38
37
37
38
39
40
40
41
42
42
40
41
40
40
40
40
40
40
40
40
40
40
42
42
41
40
40
41
41
41
42
40
40
41
40
42
41
40
40
41
42
41
41
41
40
40
41
43
41
40
40
40
42
42
42
42
41
41
41
42
41
40
41
40
40
42
42
42
42
43
40
41
41
41
42
41
40
42
43
41
43
43
