82
79
77
77
77
78
80
84
88
92
96
100
86
84
82
81
80
82
83
87
91
96
100
103
94
92
89
87
86
88
89
93
97
103
107
113
103
100
96
95
95
96
97
101
105
110
116
122
113
110
107
105
104
105
106
110
116
123
126
123
126
125
123
120
119
119
120
123
123
119
113
107
113
116
119
123
125
127
127
122
107
99
92
88
77
86
96
105
109
112
116
98
74
71
70
69
47
67
78
66
55
55
55
51
48
49
50
51
85
73
57
46
41
42
41
41
42
43
43
43
85
64
46
40
41
43
42
43
42
43
43
42
40
39
43
43
43
43
43
43
43
43
43
43
43
42
43
43
42
43
46
45
44
44
44
42
44
43
43
43
42
43
45
45
44
44
43
43
44
43
43
43
42
43
43
43
43
43
43
44
44
42
42
43
42
43
42
42
43
43
43
44
94
91
89
88
89
90
92
96
100
104
109
113
99
96
94
92
92
94
96
100
104
109
113
117
107
104
101
99
99
100
103
106
110
116
121
126
115
112
110
108
107
108
110
114
118
123
127
127
126
122
120
118
116
117
120
123
127
127
127
124
127
127
127
127
127
127
127
127
127
122
114
107
120
125
127
127
127
127
127
127
109
99
92
88
77
86
95
103
110
115
119
98
73
71
70
69
43
43
45
47
50
52
52
49
47
47
49
50
35
36
37
37
37
38
37
38
39
40
41
41
37
38
40
40
39
40
39
40
39
39
39
40
40
40
40
40
40
40
40
41
40
40
40
40
41
40
40
40
40
40
41
40
41
41
40
40
41
41
40
39
39
39
40
40
40
40
40
40
41
40
40
40
39
39
40
40
40
40
40
40
41
40
40
41
40
40
40
40
40
40
40
41
127
127
127
127
127
127
127
127
127
127
127
127
127
127
127
127
127
127
127
127
127
127
127
127
127
127
127
127
127
127
127
127
127
127
127
127
127
127
127
127
127
127
127
127
127
127
127
127
127
127
127
127
127
127
127
127
127
127
127
126
127
127
127
127
127
127
127
127
127
127
115
105
127
127
127
127
127
127
127
127
110
96
91
87
75
85
96
107
116
121
127
101
71
71
70
69
43
43
45
48
51
52
53
49
46
47
50
50
35
37
37
37
37
38
37
39
40
40
42
42
37
40
40
40
40
40
40
40
40
40
40
40
41
41
41
41
40
41
41
41
40
40
41
40
42
40
40
41
40
41
43
42
42
42
42
40
42
41
40
40
40
40
43
42
42
42
41
41
42
41
40
40
40
40
41
41
41
41
41
42
42
40
40
41
40
40
40
40
40
40
41
42
