82
79
77
75
74
75
76
78
82
87
92
96
87
84
81
78
78
78
79
82
85
91
96
99
95
92
88
85
84
84
85
88
92
97
102
106
105
100
96
94
92
92
93
96
99
105
109
113
118
113
109
105
102
101
103
105
109
113
117
120
120
122
122
120
119
118
118
120
122
126
127
127
101
106
112
115
116
118
121
124
127
127
127
127
68
72
78
85
91
99
105
109
111
112
112
112
45
45
41
47
70
78
68
62
60
60
59
60
33
39
70
101
86
59
47
44
43
43
42
43
63
91
116
111
75
47
41
40
41
42
41
41
125
127
127
60
37
42
45
43
42
43
44
43
127
103
50
42
43
43
44
43
41
42
43
45
96
56
38
41
43
42
43
43
42
42
43
44
43
38
43
43
43
42
43
42
43
43
43
43
41
44
44
43
43
43
42
41
43
45
43
43
94
91
88
87
85
86
88
91
95
99
104
107
99
96
92
91
89
90
91
95
99
103
108
112
108
104
100
98
96
96
98
101
105
110
114
119
117
113
110
107
105
105
106
109
113
117
122
126
127
127
122
118
116
115
116
118
121
126
127
127
123
127
127
127
127
127
127
127
127
127
127
127
100
107
113
119
123
127
127
127
127
127
127
127
68
71
78
85
92
99
104
107
110
112
112
112
43
45
47
47
47
49
50
53
54
54
54
54
40
40
37
34
36
37
39
39
39
39
39
39
39
37
35
34
37
39
40
39
39
39
39
39
34
33
35
39
40
40
41
40
40
40
40
40
33
37
40
40
40
40
41
40
39
40
40
41
37
40
41
41
41
40
40
40
40
40
40
40
40
42
41
41
41
40
40
39
40
40
40
40
41
41
41
41
40
40
40
38
40
40
40
40
127
127
127
127
127
127
127
127
127
127
127
127
127
127
127
127
127
127
127
127
127
127
127
127
127
127
127
127
127
127
127
127
127
127
127
127
127
127
127
127
127
127
127
127
127
127
127
127
127
127
127
127
127
127
127
127
127
127
127
127
127
127
127
127
127
127
127
127
127
127
127
127
99
108
120
127
127
127
127
127
127
127
127
127
67
70
75
82
90
97
104
109
112
113
113
113
43
46
47
48
48
49
50
53
54
54
55
55
40
40
38
35
37
39
39
39
39
39
40
40
40
37
36
35
37
40
40
40
40
40
40
40
35
33
35
40
41
41
42
40
40
41
42
41
33
37
40
41
41
41
42
41
40
40
41
42
37
41
42
41
41
40
41
41
40
40
40
41
41
43
42
41
41
40
41
40
41
42
40
41
42
42
42
41
41
41
40
39
40
42
40
41
