82
78
77
74
73
74
75
77
81
85
89
93
87
84
81
78
77
77
78
81
84
89
93
97
96
92
88
85
83
83
85
87
90
95
99
103
107
102
98
94
92
92
92
95
98
103
107
111
123
120
114
108
103
101
102
104
107
112
116
119
113
116
118
120
120
119
118
120
122
124
127
127
92
98
103
110
113
116
119
120
123
124
125
127
69
72
76
80
85
90
96
99
103
104
106
109
50
50
51
52
53
54
56
55
50
61
85
87
43
43
43
43
43
43
40
38
76
122
105
61
42
42
42
43
43
40
38
72
127
127
101
43
42
43
43
43
44
39
58
127
127
127
70
36
43
43
43
43
40
44
127
127
127
127
71
39
43
43
42
40
40
100
127
127
127
127
75
37
44
43
42
41
75
127
127
127
127
127
85
37
45
43
42
43
122
127
127
127
127
127
92
37
94
91
87
85
85
85
86
89
93
98
103
106
99
96
92
90
89
89
90
93
97
102
106
110
109
105
100
98
96
96
96
99
103
108
113
116
119
115
111
106
104
104
105
107
111
116
120
124
127
127
124
120
116
115
116
117
120
125
127
127
113
117
121
124
125
126
127
127
127
127
127
127
92
97
103
110
114
118
122
126
127
127
127
127
69
72
75
80
83
89
95
99
103
105
107
108
48
49
50
50
51
52
54
54
56
57
56
56
40
40
40
40
40
40
40
40
38
35
36
40
39
40
39
39
40
39
39
37
33
30
34
38
40
40
40
40
41
40
39
33
32
32
39
41
41
40
40
40
41
39
34
32
32
33
38
41
41
40
40
40
40
36
32
32
32
33
38
40
41
40
40
40
38
33
32
32
32
33
38
40
42
41
40
40
36
32
32
32
32
32
37
41
127
127
127
127
127
127
127
127
127
127
127
127
127
127
127
127
127
127
127
127
127
127
127
127
127
127
127
127
127
127
127
127
127
127
127
127
127
127
127
127
127
127
127
127
127
127
127
127
127
127
127
127
127
127
127
127
127
127
127
127
114
121
127
127
127
127
127
127
127
127
127
127
90
95
100
108
116
125
127
127
127
127
127
127
69
72
75
79
82
87
92
96
100
103
105
105
49
49
50
51
52
53
54
54
57
56
55
57
41
41
40
41
41
41
41
41
38
35
36
40
40
40
40
40
40
40
39
37
33
30
34
39
40
42
41
41
42
40
39
33
32
32
39
42
41
41
40
41
41
40
34
32
32
33
39
43
41
41
40
40
41
37
32
32
32
33
38
42
42
41
40
40
39
33
32
32
32
33
38
41
43
42
41
41
36
32
32
32
32
32
37
42
