82
79
76
74
74
75
76
78
82
86
91
95
85
84
81
78
77
78
79
82
85
90
95
99
97
92
88
85
83
84
85
88
92
96
101
105
113
105
99
93
92
92
93
96
99
104
109
113
123
123
120
113
107
103
103
106
109
113
117
120
110
113
117
119
120
120
120
120
123
126
127
127
91
95
100
107
113
116
119
120
123
125
127
127
74
76
78
82
85
90
95
99
102
104
106
107
56
56
57
57
57
57
58
58
59
61
61
61
45
45
44
44
44
45
43
43
43
43
44
43
41
42
42
42
42
42
41
41
42
40
41
40
43
43
43
43
43
43
43
43
43
43
43
43
45
46
44
44
44
43
43
42
43
45
43
43
44
44
44
45
44
42
42
41
43
47
45
45
43
43
44
45
43
42
43
42
43
45
44
45
43
43
45
46
43
42
45
43
42
42
42
44
94
91
87
85
85
86
88
90
94
99
104
108
99
96
92
90
89
89
91
94
98
103
108
112
110
105
100
98
96
96
97
100
104
110
114
118
122
116
111
107
104
104
106
109
113
117
122
126
123
126
125
123
118
116
116
119
122
127
127
127
110
113
118
121
123
125
127
127
127
127
127
127
92
95
100
106
112
116
120
123
127
127
127
127
75
77
78
82
85
89
94
98
102
103
105
106
55
56
56
55
56
56
57
57
57
58
59
59
43
43
42
42
42
41
40
41
41
40
41
40
38
39
39
38
38
38
38
38
38
38
38
38
40
40
41
40
40
40
40
40
40
40
40
40
41
40
41
41
41
40
40
39
40
41
40
41
40
40
40
40
41
40
39
39
40
41
41
40
40
40
40
41
41
40
40
39
40
40
40
40
40
40
40
42
41
39
42
40
39
40
40
41
127
127
127
127
127
127
127
127
127
127
127
127
127
127
127
127
127
127
127
127
127
127
127
127
127
127
127
127
127
127
127
127
127
127
127
127
127
127
127
127
127
127
127
127
127
127
127
127
125
127
127
127
127
127
127
127
127
127
127
127
107
113
120
127
127
127
127
127
127
127
127
127
92
95
98
103
109
116
123
127
127
127
127
127
75
77
78
82
85
89
92
96
99
101
103
104
55
56
56
56
57
57
57
57
57
58
60
60
43
43
43
43
43
43
41
41
42
41
42
41
39
40
40
39
39
40
39
38
39
39
39
39
40
41
42
41
41
40
41
40
41
41
41
41
42
43
42
42
42
41
41
40
41
43
41
42
41
42
42
42
42
40
40
40
40
43
42
42
40
41
42
42
42
40
40
40
40
42
41
42
40
41
42
43
41
40
43
40
40
40
40
42
