81
79
77
75
75
76
78
81
85
90
93
97
88
82
79
79
78
79
82
85
89
93
98
102
107
98
90
85
84
85
87
91
95
99
105
109
127
120
108
98
93
93
95
99
103
108
113
116
118
122
126
123
116
110
107
109
112
116
120
124
106
110
116
120
121
121
122
123
125
127
127
127
93
96
99
105
110
116
120
123
124
126
127
127
81
83
85
88
90
93
97
101
103
105
107
108
67
68
66
64
64
63
63
62
62
63
62
63
50
49
48
48
46
46
46
44
43
44
44
44
41
41
40
41
40
41
41
40
40
40
41
40
43
43
43
43
43
43
44
43
43
43
43
43
44
44
43
42
42
42
44
44
43
44
44
42
45
44
42
43
43
42
43
43
43
43
44
43
45
43
42
43
43
44
44
43
43
43
43
45
44
42
41
43
42
46
46
43
43
43
43
45
93
90
89
86
87
88
90
93
98
103
106
112
99
94
92
91
91
92
93
97
102
106
111
116
115
108
102
99
97
98
99
103
108
113
118
122
127
124
116
109
106
106
108
112
116
120
126
127
118
123
126
127
123
120
120
121
125
127
127
127
106
110
115
119
122
123
127
127
127
127
127
127
93
96
99
105
110
115
120
123
126
127
127
127
81
83
85
89
90
92
96
99
103
105
106
106
67
67
64
64
63
61
61
60
61
61
61
61
48
47
45
45
43
43
43
42
41
41
41
41
39
37
38
37
37
37
38
38
37
37
37
37
40
40
40
40
40
40
41
41
40
40
40
40
40
41
40
40
40
40
40
40
41
40
40
40
40
41
40
40
40
40
40
40
40
40
41
40
40
41
40
40
40
41
40
40
40
40
40
40
41
40
39
40
40
42
41
40
40
40
40
40
127
127
127
127
127
127
127
127
127
127
127
127
127
127
127
127
127
127
127
127
127
127
127
127
127
127
127
127
127
127
127
127
127
127
127
127
127
127
127
127
127
127
127
127
127
127
127
127
117
121
127
127
127
127
127
127
127
127
127
127
105
109
113
119
126
127
127
127
127
127
127
127
93
96
99
103
107
112
118
125
127
127
127
127
81
83
85
89
91
93
96
99
100
103
105
105
67
67
65
64
63
62
62
61
61
61
61
61
48
47
47
46
44
44
43
43
43
42
43
43
40
38
38
38
38
39
39
39
38
38
39
39
41
41
40
40
40
41
42
42
41
40
40
41
42
42
41
40
40
40
41
42
42
42
42
40
41
42
40
41
40
40
41
41
41
41
42
41
41
42
40
41
41
41
42
41
40
41
41
42
42
41
40
40
40
43
43
40
41
41
40
42
