81
79
77
75
75
76
79
82
85
91
94
99
85
82
80
79
78
80
82
85
89
95
99
103
103
94
88
85
84
85
88
92
96
101
106
110
124
113
102
95
93
93
96
99
103
109
113
117
121
124
124
119
111
106
106
109
113
117
121
125
109
113
118
120
121
121
121
123
126
127
127
127
96
99
103
109
114
119
121
123
126
127
127
127
82
84
86
89
92
95
99
103
105
107
109
109
66
66
64
64
64
62
62
61
61
61
61
61
49
48
47
47
46
46
45
44
43
43
44
43
42
41
41
41
40
42
42
41
41
40
41
41
44
44
43
43
42
44
44
43
43
42
43
43
44
43
42
43
43
43
43
43
44
44
42
43
44
43
41
43
43
44
44
43
43
44
43
43
43
41
40
43
43
43
43
44
43
43
43
43
42
40
40
42
44
43
43
43
43
43
43
43
93
90
89
88
87
89
91
94
99
103
107
113
98
94
92
92
91
92
94
98
103
107
112
116
112
106
100
98
97
98
100
104
109
113
119
123
127
120
112
107
106
106
109
113
116
122
127
127
120
125
127
124
120
118
119
122
126
127
127
127
109
113
117
121
123
125
127
127
127
127
127
127
96
99
102
108
113
118
122
126
127
127
127
127
82
84
86
89
92
95
98
102
105
106
107
107
66
65
64
63
61
61
60
60
59
59
59
59
47
46
45
44
43
43
42
41
40
40
41
40
38
39
38
37
37
38
38
37
38
37
38
38
40
41
40
40
40
40
40
40
40
40
40
40
40
40
40
40
41
40
40
40
41
41
40
40
41
40
39
40
41
41
40
41
40
41
40
40
40
39
38
40
41
41
40
40
40
40
40
40
40
39
37
40
41
40
40
40
40
40
40
41
127
127
127
127
127
127
127
127
127
127
127
127
127
127
127
127
127
127
127
127
127
127
127
127
127
127
127
127
127
127
127
127
127
127
127
127
127
127
127
127
127
127
127
127
127
127
127
127
120
126
127
127
127
127
127
127
127
127
127
127
108
111
116
123
127
127
127
127
127
127
127
127
96
99
102
106
110
116
123
127
127
127
127
127
82
84
86
89
92
94
98
100
103
103
106
106
67
65
64
64
62
61
61
60
59
60
60
60
47
47
46
45
43
43
43
42
42
42
42
41
40
40
38
38
38
39
39
39
39
38
39
39
42
42
40
40
40
41
41
41
41
40
40
41
41
42
40
41
41
41
41
40
42
42
40
40
42
40
40
41
42
42
42
41
41
42
41
40
41
39
39
41
42
41
41
41
41
41
41
41
40
39
37
40
42
40
40
41
41
40
40
42
