97
93
89
84
80
78
75
75
75
76
78
82
101
97
92
88
84
80
78
78
79
81
83
87
107
103
99
94
90
86
85
85
85
88
91
95
115
111
106
102
97
95
93
92
94
96
100
103
125
121
115
110
106
104
103
102
104
108
112
117
125
127
127
126
122
117
116
120
122
123
122
120
106
112
118
122
125
125
125
121
116
112
106
100
74
77
84
92
102
120
116
96
85
75
69
65
48
48
48
48
43
97
74
43
45
44
43
43
43
42
41
37
47
127
86
34
40
40
40
41
43
43
43
38
84
127
113
39
43
43
43
43
43
43
42
47
127
127
127
45
43
43
43
43
43
44
39
78
127
127
127
60
40
44
44
46
43
43
43
127
127
127
127
81
37
43
43
45
43
41
75
127
127
127
127
106
38
43
43
43
43
40
113
127
127
127
127
125
42
43
43
43
110
106
102
96
92
89
88
86
86
88
91
94
114
110
106
100
96
92
91
90
91
93
96
99
120
116
112
106
103
99
97
96
99
100
103
107
127
124
120
114
110
108
106
105
107
109
113
116
127
127
127
123
120
117
116
114
117
121
126
127
127
127
127
127
127
127
127
127
127
127
127
123
106
115
123
127
127
127
127
127
124
116
108
99
74
77
82
92
105
124
121
99
85
75
68
64
47
47
45
45
46
50
50
43
42
42
42
42
40
39
38
38
37
31
34
37
37
37
38
38
40
40
40
40
37
31
34
40
40
40
40
40
40
40
40
40
34
31
34
40
40
40
40
40
41
40
41
39
32
32
33
39
41
41
41
41
41
41
41
35
32
32
32
37
40
40
40
41
40
41
39
33
32
32
32
36
40
40
40
40
40
41
37
32
32
32
32
35
40
40
40
40
127
127
127
127
127
127
127
127
127
127
127
127
127
127
127
127
127
127
127
127
127
127
127
127
127
127
127
127
127
127
127
127
127
127
127
127
127
127
127
127
127
127
127
127
127
127
127
127
127
127
127
127
127
127
127
127
127
127
127
127
127
127
127
127
127
127
127
127
127
127
127
127
105
120
127
127
127
127
127
127
127
127
111
98
73
75
81
94
114
127
127
106
85
71
67
64
47
47
45
45
47
52
51
44
43
43
42
42
40
40
39
38
37
30
33
37
37
38
39
39
40
40
40
42
38
30
35
41
40
40
40
40
41
41
41
42
34
31
34
41
41
41
40
40
42
42
42
40
32
32
33
40
42
42
42
43
42
42
42
35
32
32
32
37
41
41
41
43
41
42
40
33
32
32
32
36
40
41
40
41
40
41
37
32
32
32
32
35
41
41
41
40
