82
79
78
76
76
78
80
84
88
92
96
99
85
82
82
80
80
82
83
87
91
96
100
104
97
91
88
86
85
87
89
93
97
103
107
111
115
105
98
95
93
95
97
101
105
110
115
119
124
126
120
113
106
105
106
110
114
119
123
126
113
117
120
121
121
121
121
123
127
127
127
127
98
102
107
114
118
121
123
126
127
127
127
127
84
85
88
92
95
99
103
106
109
109
110
109
66
64
63
63
62
61
61
61
60
60
59
62
49
47
47
46
46
45
43
43
43
43
43
47
42
41
41
40
42
41
41
41
41
42
41
44
44
43
43
43
44
43
43
43
42
43
43
43
43
42
42
43
43
43
43
43
42
43
43
43
44
43
42
45
43
44
43
44
43
42
43
43
44
43
42
44
45
44
44
45
43
43
43
43
43
42
43
43
46
45
43
44
43
44
43
44
93
92
89
89
89
90
92
96
100
104
110
114
98
95
93
92
92
94
96
100
104
109
114
118
109
103
100
99
98
100
103
106
110
116
120
124
122
115
110
107
106
108
110
114
118
123
127
127
125
127
126
121
119
118
120
123
127
127
127
127
113
117
121
123
125
127
127
127
127
127
127
127
98
102
107
113
118
123
126
127
127
127
127
127
83
85
88
92
95
98
103
105
107
109
108
109
65
63
63
61
60
59
59
58
57
57
57
57
47
45
44
43
43
42
41
40
40
40
40
40
38
37
37
37
38
38
38
37
38
38
38
38
40
40
40
40
40
40
40
40
40
40
40
40
40
39
40
40
40
40
40
40
40
40
40
40
41
40
40
41
41
41
41
40
40
40
40
40
41
40
40
41
41
42
41
41
41
40
40
40
41
40
40
40
41
42
40
40
41
42
41
41
127
127
127
127
127
127
127
127
127
127
127
127
127
127
127
127
127
127
127
127
127
127
127
127
127
127
127
127
127
127
127
127
127
127
127
127
127
127
127
127
127
127
127
127
127
127
127
127
126
127
127
127
127
127
127
127
127
127
127
127
111
116
123
127
127
127
127
127
127
127
127
127
98
101
105
110
116
124
127
127
127
127
127
127
83
85
88
91
94
97
100
103
106
106
107
107
65
64
63
62
60
60
59
59
58
58
57
57
47
46
45
43
43
43
42
41
41
41
41
40
40
38
39
38
39
39
39
38
39
39
40
39
42
40
40
41
41
41
41
40
40
41
41
41
41
40
40
41
42
41
41
40
40
41
41
41
42
41
40
42
42
42
41
41
41
40
41
40
42
41
40
42
42
43
41
42
42
41
41
41
42
40
40
41
43
43
41
42
42
42
42
42
