82
78
78
77
77
78
80
84
88
92
97
101
85
83
82
80
80
81
84
88
92
96
101
105
97
92
88
86
86
87
90
94
98
103
107
111
113
104
98
95
94
95
98
102
106
110
115
119
125
124
120
112
106
105
106
110
114
120
123
127
113
118
120
122
121
121
121
123
127
127
127
127
99
103
109
114
119
121
123
126
127
127
127
127
84
86
89
92
95
99
103
106
109
109
110
110
66
64
63
63
61
61
60
61
60
60
58
76
48
47
46
45
45
44
44
43
43
43
40
78
42
41
40
40
42
41
41
40
41
42
40
67
44
43
43
43
44
43
43
42
43
43
43
40
43
42
43
44
43
43
43
43
43
43
43
42
44
43
43
44
44
44
43
44
43
43
43
41
43
42
43
44
45
44
44
44
44
43
44
42
42
41
43
44
45
43
44
43
45
44
45
43
93
91
89
89
89
90
92
96
99
106
110
114
98
96
93
92
92
94
96
100
104
110
114
118
108
104
101
99
99
100
103
106
111
116
120
124
121
115
110
107
106
108
110
114
119
123
127
127
126
127
125
120
118
119
120
124
127
127
127
127
113
118
121
123
126
127
127
127
127
127
127
127
99
103
108
113
119
123
127
127
127
127
127
127
84
86
89
92
95
99
103
106
108
109
108
110
64
64
62
61
60
59
59
57
57
57
57
56
45
45
44
43
43
42
41
40
40
40
40
37
38
37
38
37
38
38
38
37
38
38
39
37
40
40
40
40
40
40
40
40
40
40
40
41
40
40
40
41
40
41
40
40
40
40
40
40
41
40
40
41
41
41
41
41
40
40
40
39
40
40
40
41
42
41
41
41
41
40
40
40
40
39
40
40
41
40
40
42
42
41
41
40
127
127
127
127
127
127
127
127
127
127
127
127
127
127
127
127
127
127
127
127
127
127
127
127
127
127
127
127
127
127
127
127
127
127
127
127
127
127
127
127
127
127
127
127
127
127
127
127
127
127
127
127
127
127
127
127
127
127
127
127
112
117
124
127
127
127
127
127
127
127
127
127
99
102
106
111
117
126
127
127
127
127
127
127
84
86
89
92
94
97
101
103
106
106
108
109
65
63
63
61
61
59
58
58
58
58
57
57
47
45
45
43
43
43
42
41
41
41
41
38
40
38
39
38
39
39
39
38
39
39
40
37
42
40
40
41
41
41
41
40
40
41
41
41
41
40
40
42
41
42
40
41
40
41
40
40
42
41
41
42
42
42
41
42
41
41
41
40
41
40
41
42
43
42
42
42
42
41
41
40
40
40
40
42
43
41
41
43
43
42
42
40
