82
80
78
77
77
78
81
84
88
93
97
101
85
83
82
81
80
82
84
88
92
97
101
105
96
91
87
86
86
88
90
94
98
103
108
112
112
103
96
95
94
96
98
102
106
111
116
120
126
124
118
110
106
106
107
111
115
120
123
127
115
118
120
121
121
121
122
124
127
127
127
127
99
103
110
116
119
121
123
127
127
127
127
127
84
86
89
92
96
100
104
107
110
110
110
110
65
64
63
62
61
61
61
61
60
58
61
91
48
47
46
45
45
44
43
43
43
42
47
120
42
40
40
40
41
41
41
40
41
40
43
104
44
42
42
43
43
43
43
42
43
43
42
44
43
43
43
44
43
43
43
43
43
43
42
43
43
42
43
44
44
43
44
44
43
43
42
42
43
42
43
45
46
44
44
44
45
44
43
42
41
41
46
47
46
46
44
44
45
44
43
41
93
91
89
89
89
91
93
97
101
105
110
113
98
96
93
92
92
94
97
101
105
110
114
118
108
103
100
99
99
100
103
107
111
116
121
125
120
114
110
107
107
108
111
115
119
124
127
127
127
127
125
120
118
119
120
124
127
127
127
127
114
118
122
124
126
127
127
127
127
127
127
127
99
103
109
115
120
123
127
127
127
127
127
127
85
87
89
92
96
99
103
106
108
109
110
110
64
63
62
61
61
58
58
58
57
57
57
54
45
45
43
43
43
42
41
40
40
40
40
34
38
37
37
37
38
38
38
37
39
39
38
34
40
40
40
40
40
40
40
40
40
40
40
40
40
40
40
41
41
41
40
40
40
40
40
40
41
40
40
41
42
40
40
41
41
41
40
40
40
40
40
41
41
40
40
42
41
41
40
39
39
39
41
41
40
40
41
41
40
41
40
39
127
127
127
127
127
127
127
127
127
127
127
127
127
127
127
127
127
127
127
127
127
127
127
127
127
127
127
127
127
127
127
127
127
127
127
127
127
127
127
127
127
127
127
127
127
127
127
127
127
127
127
127
127
127
127
127
127
127
127
127
113
118
125
127
127
127
127
127
127
127
127
127
99
103
106
111
119
127
127
127
127
127
127
127
85
87
89
92
96
98
101
104
106
107
109
109
65
64
62
61
61
59
58
59
57
57
57
54
47
46
44
43
43
43
42
41
41
41
40
35
39
38
38
38
39
39
39
38
40
40
39
35
41
40
40
41
41
41
41
40
41
41
41
41
41
40
41
43
42
41
41
40
41
41
40
41
42
40
40
42
43
41
42
42
42
42
40
40
41
40
41
43
43
41
42
43
42
42
40
40
40
40
43
43
42
42
42
42
42
42
40
40
