84
82
80
79
79
82
85
87
91
96
99
103
86
85
84
83
83
85
88
91
95
99
103
107
99
92
90
89
89
91
93
97
101
106
110
114
117
106
100
97
96
99
101
105
109
114
118
121
126
127
122
114
109
109
110
114
118
122
126
127
115
119
121
123
123
123
123
127
127
127
127
127
102
105
111
116
120
123
125
127
127
127
127
127
89
91
93
96
99
103
106
108
110
110
111
111
71
69
68
66
64
62
62
61
60
59
57
66
50
49
47
46
46
45
44
44
43
43
41
53
40
41
40
40
41
42
41
41
40
41
40
47
43
44
43
42
43
44
43
43
43
43
43
42
43
44
43
43
43
43
44
43
44
44
43
43
43
43
42
43
43
42
43
45
45
45
44
44
43
42
42
43
43
41
42
47
46
46
45
44
43
43
43
43
43
42
42
47
47
45
44
43
96
94
91
92
92
94
96
100
104
109
112
116
99
97
96
96
96
98
100
104
108
113
116
120
110
106
103
102
102
104
106
110
114
119
123
127
123
116
112
110
110
112
114
118
122
127
127
127
126
127
127
123
121
122
124
127
127
127
127
127
115
119
123
125
127
127
127
127
127
127
127
127
102
106
110
116
120
124
127
127
127
127
127
127
90
92
93
96
99
102
105
107
109
109
110
111
71
69
67
64
63
61
60
58
57
57
57
54
47
47
45
44
43
42
41
40
40
40
40
38
37
37
37
37
38
37
37
38
37
38
39
38
40
40
40
39
40
40
40
40
40
40
40
40
40
41
40
40
40
40
41
41
41
40
41
40
40
40
40
40
40
40
40
41
40
40
41
40
40
40
40
41
40
39
40
41
40
40
40
40
40
40
40
40
40
40
40
42
41
41
40
40
127
127
127
127
127
127
127
127
127
127
127
127
127
127
127
127
127
127
127
127
127
127
127
127
127
127
127
127
127
127
127
127
127
127
127
127
127
127
127
127
127
127
127
127
127
127
127
127
126
127
127
127
127
127
127
127
127
127
127
127
113
118
124
127
127
127
127
127
127
127
127
127
103
106
109
113
120
127
127
127
127
127
127
127
90
92
93
96
99
100
103
105
106
107
110
111
71
69
67
64
63
61
61
59
58
57
57
55
48
47
46
44
44
43
42
42
41
41
40
39
38
39
38
37
39
39
38
39
38
39
40
38
41
42
41
40
41
41
41
41
40
40
41
40
41
42
41
40
40
41
43
42
42
42
41
41
40
41
40
41
41
40
42
43
42
43
42
42
40
40
40
42
41
40
40
43
42
43
42
42
41
40
41
41
41
40
40
43
43
43
41
42
