85
85
84
84
85
86
88
92
95
99
103
106
89
87
87
87
88
90
92
96
99
103
106
110
106
98
94
92
94
96
99
102
105
109
113
116
127
115
106
102
102
104
107
110
113
117
121
123
125
127
127
121
116
114
116
119
122
126
127
127
116
120
123
125
126
126
127
127
127
127
127
127
107
109
113
119
123
125
127
127
127
127
127
127
97
99
100
102
103
106
107
108
110
111
115
119
82
79
75
73
69
66
64
61
59
57
55
54
54
53
50
48
47
46
44
44
43
42
41
40
41
40
40
39
40
40
40
42
42
42
42
42
43
43
43
43
43
43
43
44
43
43
43
43
43
43
43
43
43
43
42
43
43
44
44
43
44
43
44
44
44
43
43
42
42
43
43
43
44
44
44
44
45
44
43
42
42
42
41
43
44
45
44
43
44
43
43
42
42
41
40
41
98
98
96
96
97
99
100
105
109
111
115
119
102
100
100
100
101
103
105
109
113
116
120
123
115
110
107
106
107
110
113
115
119
123
127
127
127
123
116
114
115
117
120
123
127
127
127
127
126
127
127
127
127
127
127
127
127
127
127
127
116
120
123
127
127
127
127
127
127
127
127
127
107
110
113
117
122
126
127
127
127
127
127
127
97
99
100
102
103
105
106
107
109
113
116
122
82
78
75
71
68
64
62
60
57
55
54
51
52
50
47
46
44
43
42
41
40
39
38
37
37
37
37
37
37
37
37
38
39
39
39
39
40
40
40
40
40
40
40
40
40
40
40
40
40
41
40
41
41
40
40
40
40
41
41
40
41
41
41
41
40
40
40
40
40
41
40
40
41
41
41
41
40
41
41
39
40
40
38
40
40
40
41
40
40
40
40
40
40
38
37
39
127
127
127
127
127
127
127
127
127
127
127
127
127
127
127
127
127
127
127
127
127
127
127
127
127
127
127
127
127
127
127
127
127
127
127
127
127
127
127
127
127
127
127
127
127
127
127
127
124
127
127
127
127
127
127
127
127
127
127
127
115
118
123
127
127
127
127
127
127
127
127
127
107
110
112
115
120
127
127
127
127
127
127
127
97
99
100
102
103
104
105
106
107
113
120
127
81
78
75
71
68
65
62
60
57
55
54
52
53
51
48
46
44
44
43
42
41
40
38
37
39
38
37
37
37
38
38
39
40
40
40
40
41
41
41
41
41
40
40
41
41
41
41
40
41
41
41
41
42
40
40
41
41
42
42
40
42
41
42
42
41
41
41
40
40
42
41
41
42
41
42
42
41
42
41
40
40
40
39
40
41
42
42
41
42
41
41
40
40
39
37
40
