87
85
85
85
85
87
89
92
96
99
103
104
89
87
88
88
89
91
93
96
99
103
106
109
104
98
94
94
95
97
99
102
106
110
113
116
126
114
106
103
103
105
108
110
113
118
121
123
127
127
127
120
115
115
117
120
123
126
127
127
117
121
124
125
125
127
127
127
127
127
127
127
108
110
115
120
123
126
127
127
127
127
127
127
98
100
102
103
104
106
107
109
110
113
118
124
82
80
76
72
68
66
63
61
58
57
54
54
54
52
50
48
47
46
43
43
43
42
41
40
40
39
39
40
40
40
40
41
42
42
42
42
43
42
42
43
43
43
44
44
43
43
43
43
44
43
43
44
43
43
45
44
43
43
43
44
43
43
43
43
43
42
42
43
43
44
43
43
43
43
43
43
42
42
43
42
43
45
43
44
43
42
43
43
41
43
45
42
43
46
44
45
99
98
97
97
98
100
103
104
109
113
115
119
103
101
101
101
102
104
106
109
113
116
120
123
115
110
108
107
108
110
113
116
119
123
127
127
127
122
116
115
116
118
121
123
127
127
127
127
126
127
127
127
127
127
127
127
127
127
127
127
117
120
124
127
127
127
127
127
127
127
127
127
108
110
114
119
123
127
127
127
127
127
127
127
99
100
102
103
104
106
107
108
110
114
121
127
82
78
75
71
67
64
61
58
57
54
52
52
52
49
47
46
44
43
41
41
40
38
37
37
37
37
37
37
37
37
38
38
39
39
39
39
40
40
40
40
40
41
41
40
40
40
40
40
41
40
40
41
40
40
40
40
40
40
40
42
41
40
40
40
40
40
39
40
40
41
40
41
41
40
40
40
40
40
40
40
40
42
40
41
41
40
40
40
39
40
42
40
40
43
41
41
127
127
127
127
127
127
127
127
127
127
127
127
127
127
127
127
127
127
127
127
127
127
127
127
127
127
127
127
127
127
127
127
127
127
127
127
127
127
127
127
127
127
127
127
127
127
127
127
126
127
127
127
127
127
127
127
127
127
127
127
116
119
124
127
127
127
127
127
127
127
127
127
108
110
113
116
121
127
127
127
127
127
127
127
99
100
102
103
104
105
105
106
110
117
127
127
82
79
76
71
68
64
61
58
56
54
53
53
53
50
49
47
45
43
42
41
40
39
38
37
38
37
37
37
38
39
39
40
40
40
40
40
41
40
40
40
41
42
42
42
41
41
41
40
42
40
40
42
40
40
42
42
40
41
41
43
42
40
41
41
40
40
40
41
41
42
41
42
42
40
41
41
40
40
40
40
41
43
41
42
41
40
41
41
40
40
43
40
41
43
42
43
