87
86
85
85
85
88
90
92
95
99
103
104
89
89
89
89
89
91
93
96
99
103
106
109
103
97
95
94
95
97
99
103
106
110
113
116
123
111
104
103
103
105
108
110
113
118
121
123
127
127
125
119
115
115
117
120
123
126
127
127
119
123
124
126
126
127
127
127
127
127
127
127
109
112
116
121
124
126
127
127
127
127
127
127
99
101
102
103
105
107
108
109
111
116
120
127
82
79
75
71
68
66
62
60
57
56
52
82
53
52
50
48
47
45
43
43
43
41
39
57
40
39
39
40
40
41
41
41
42
42
42
45
43
42
42
43
43
44
44
44
43
43
43
41
43
42
43
43
42
43
43
43
43
43
44
43
43
42
43
43
42
43
43
43
44
44
44
43
43
43
43
42
42
43
42
44
44
44
44
43
43
43
43
42
43
45
42
43
43
43
44
42
99
99
97
97
98
100
102
104
109
113
115
117
103
102
101
101
102
104
106
110
113
116
120
122
114
110
107
107
108
110
113
116
119
123
127
127
127
120
116
115
116
118
121
123
127
127
127
127
127
127
127
127
127
127
127
127
127
127
127
127
118
122
125
127
127
127
127
127
127
127
127
127
109
112
116
120
124
127
127
127
127
127
127
127
99
100
103
103
105
106
106
109
111
116
123
127
82
78
75
70
66
63
60
57
55
53
51
53
51
49
47
46
43
42
41
40
39
38
37
37
37
36
37
37
37
38
37
39
39
39
40
39
40
40
40
40
40
41
40
40
40
40
40
40
40
40
41
41
39
40
40
40
40
40
41
40
40
40
40
40
40
40
40
40
41
41
41
40
40
40
40
40
40
40
40
40
41
41
41
40
40
41
41
40
40
42
40
40
41
40
41
39
127
127
127
127
127
127
127
127
127
127
127
127
127
127
127
127
127
127
127
127
127
127
127
127
127
127
127
127
127
127
127
127
127
127
127
127
127
127
127
127
127
127
127
127
127
127
127
127
127
127
127
127
127
127
127
127
127
127
127
127
117
120
126
127
127
127
127
127
127
127
127
127
109
111
113
117
123
127
127
127
127
127
127
127
99
100
103
103
105
106
105
106
112
120
127
127
82
78
75
70
66
64
61
58
56
53
51
54
51
50
48
46
44
43
42
41
40
38
37
36
37
37
37
38
38
39
39
40
40
40
40
40
41
40
40
41
41
42
42
42
41
41
40
41
41
40
42
41
40
40
41
40
41
41
42
40
41
40
41
40
40
40
40
41
42
42
41
41
41
41
41
40
40
41
40
41
42
42
41
40
40
42
42
40
40
43
40
40
42
41
42
40
