88
85
85
85
85
88
90
92
96
99
102
104
90
89
89
89
89
92
94
96
99
103
106
109
102
97
94
95
96
98
100
103
106
110
113
116
120
110
103
103
103
106
108
110
114
118
121
123
127
127
123
117
114
115
117
120
123
126
127
127
120
123
125
126
126
127
127
127
127
127
127
127
110
113
117
122
125
127
127
127
127
127
127
127
99
100
102
103
106
107
109
110
112
117
123
127
81
78
74
70
67
65
61
58
57
54
61
127
52
51
50
47
46
44
43
43
42
40
43
96
39
39
40
40
40
40
41
42
42
41
43
60
43
42
43
43
43
45
44
43
43
43
43
38
42
43
43
42
42
43
43
44
44
44
43
42
42
43
43
42
43
42
43
45
44
44
42
43
43
43
43
42
43
42
43
44
44
44
43
43
43
44
42
41
43
42
43
43
43
43
43
43
100
99
98
98
99
101
103
106
109
111
115
119
103
102
102
102
103
105
107
110
113
116
120
123
113
110
108
108
109
111
113
116
119
123
127
127
127
120
116
116
116
119
122
125
127
127
127
127
127
127
127
127
127
127
127
127
127
127
127
127
120
123
125
127
127
127
127
127
127
127
127
127
110
113
116
121
125
127
127
127
127
127
127
127
99
100
102
103
106
107
107
109
113
119
127
127
80
77
73
68
66
62
59
57
54
53
51
51
50
49
47
45
43
42
40
40
39
37
37
34
37
36
37
37
37
38
38
39
39
39
39
38
40
40
40
40
41
41
40
40
40
40
40
40
40
40
41
40
39
40
40
40
40
41
40
40
40
40
41
39
40
40
40
41
41
40
40
40
40
41
40
39
41
40
40
41
41
40
40
40
41
42
40
38
40
40
41
41
41
41
40
41
127
127
127
127
127
127
127
127
127
127
127
127
127
127
127
127
127
127
127
127
127
127
127
127
127
127
127
127
127
127
127
127
127
127
127
127
127
127
127
127
127
127
127
127
127
127
127
127
127
127
127
127
127
127
127
127
127
127
127
127
117
121
127
127
127
127
127
127
127
127
127
127
110
112
114
118
125
127
127
127
127
127
127
127
99
100
103
103
104
105
105
108
114
125
127
127
81
77
74
69
65
64
60
57
55
54
52
53
51
49
47
46
44
43
41
41
40
38
37
33
37
37
37
38
38
39
39
40
40
40
40
38
40
40
40
41
42
42
42
41
41
41
40
41
40
41
41
40
40
40
40
41
42
42
41
40
40
41
41
40
41
40
41
42
42
41
40
41
41
42
41
40
42
40
41
42
42
41
40
41
42
43
40
39
41
40
41
42
42
42
41
42
