92
89
90
89
90
92
93
96
98
100
102
104
95
94
93
93
94
96
97
99
102
104
106
109
103
101
99
99
100
102
103
106
108
110
113
116
115
110
107
107
108
110
111
113
116
118
121
123
127
127
122
119
118
119
120
123
125
127
127
127
124
126
127
127
127
127
127
127
127
127
127
127
114
117
122
124
127
127
127
127
127
127
127
127
103
104
106
106
107
109
111
115
122
127
124
101
81
78
73
68
66
62
58
55
51
89
100
40
52
50
48
47
46
43
43
42
38
59
109
101
40
40
40
40
40
41
42
42
42
43
85
118
44
44
43
43
43
43
43
43
43
41
37
64
43
44
43
43
43
44
45
43
43
44
43
42
43
43
43
44
44
46
45
43
43
43
43
40
43
43
43
43
44
46
44
43
43
43
43
43
43
43
41
42
45
45
42
42
43
43
44
44
105
104
103
103
103
105
106
109
111
113
116
119
109
108
106
106
107
109
110
113
115
117
120
123
116
114
113
113
113
115
116
119
122
124
127
127
125
122
121
121
121
123
124
127
127
127
127
127
127
127
127
127
127
127
127
127
127
127
127
127
123
126
127
127
127
127
127
127
127
127
127
127
114
116
120
124
127
127
127
127
127
127
127
127
103
104
106
106
106
107
110
116
126
127
127
106
80
77
71
68
64
60
56
53
52
54
47
43
50
47
45
44
43
41
40
38
37
36
32
32
37
36
37
37
37
37
39
39
39
38
37
36
40
40
40
40
40
40
40
40
40
40
40
39
40
41
40
41
41
40
40
40
41
40
41
40
40
40
40
41
40
41
40
40
40
40
41
40
40
40
40
40
40
41
40
40
40
40
41
40
40
40
39
39
41
41
39
40
40
40
41
41
127
127
127
127
127
127
127
127
127
127
127
127
127
127
127
127
127
127
127
127
127
127
127
127
127
127
127
127
127
127
127
127
127
127
127
127
127
127
127
127
127
127
127
127
127
127
127
127
127
127
127
127
127
127
127
127
127
127
127
127
122
127
127
127
127
127
127
127
127
127
127
127
113
115
117
123
127
127
127
127
127
127
127
127
103
104
106
106
105
105
110
120
127
127
127
112
80
77
72
68
64
61
56
54
53
56
49
44
50
48
47
45
43
42
40
39
37
36
31
32
37
37
37
38
38
38
40
40
40
39
37
36
41
41
41
41
40
41
41
41
41
41
41
39
41
42
41
42
42
42
42
42
41
41
42
41
40
41
41
42
42
43
42
41
41
40
42
41
40
40
40
41
42
43
41
41
41
40
42
41
41
41
40
40
42
42
40
40
41
41
42
42
