95
94
92
92
92
94
95
96
98
99
102
103
98
98
96
96
96
97
99
100
102
103
106
107
106
104
103
103
103
103
105
106
108
110
112
114
117
113
110
110
110
112
113
114
116
117
120
121
127
127
123
120
120
121
122
123
125
126
127
127
124
126
127
127
127
127
127
127
127
127
127
127
116
118
123
125
127
127
127
127
127
127
127
127
105
106
106
106
108
110
114
124
127
116
96
84
82
78
73
68
63
59
55
54
68
93
62
36
53
50
49
47
44
43
40
40
43
70
106
96
40
39
40
40
41
41
41
43
40
50
103
126
43
42
43
43
43
43
43
45
44
40
43
91
43
42
42
42
43
43
43
42
42
42
43
45
43
43
43
42
42
43
43
42
42
43
43
40
45
44
44
43
42
43
43
43
43
43
43
42
47
43
44
43
42
42
43
43
43
43
41
41
108
107
106
106
106
107
108
110
110
113
115
117
112
111
110
110
110
111
112
113
115
116
119
121
119
117
116
116
116
117
118
120
122
123
125
127
127
125
124
124
124
125
126
127
127
127
127
127
127
127
127
127
127
127
127
127
127
127
127
127
124
126
127
127
127
127
127
127
127
127
127
127
116
118
121
126
127
127
127
127
127
127
127
127
105
106
106
106
107
109
116
127
127
118
99
85
82
77
71
67
61
57
53
53
55
43
41
43
50
48
46
43
42
40
37
37
37
33
31
33
36
36
37
37
37
39
39
40
39
39
37
34
40
40
40
40
40
40
41
41
40
40
40
37
40
40
40
39
40
40
40
40
40
40
41
41
40
40
40
39
40
40
41
40
39
40
41
40
41
41
41
40
40
40
41
40
40
40
40
39
42
40
41
41
39
40
40
40
41
40
39
39
127
127
127
127
127
127
127
127
127
127
127
127
127
127
127
127
127
127
127
127
127
127
127
127
127
127
127
127
127
127
127
127
127
127
127
127
127
127
127
127
127
127
127
127
127
127
127
127
127
127
127
127
127
127
127
127
127
127
127
127
123
127
127
127
127
127
127
127
127
127
127
127
115
116
119
125
127
127
127
127
127
127
127
127
105
106
106
105
105
108
120
127
127
127
103
85
82
78
71
66
61
57
54
54
58
45
42
43
50
49
47
44
42
41
38
37
37
33
31
33
37
37
37
38
38
40
40
40
40
40
37
35
41
40
41
41
41
41
41
42
42
41
42
38
41
40
40
40
40
41
40
40
40
40
42
42
42
41
41
40
40
41
41
40
40
40
42
41
43
41
42
40
40
40
41
41
40
40
41
40
43
41
42
41
40
40
41
41
41
41
40
40
