98
96
96
95
95
95
96
96
97
98
99
102
102
100
99
99
99
99
99
99
101
102
103
106
109
107
106
105
105
105
106
106
107
109
110
112
117
114
113
113
113
113
113
114
115
116
117
120
127
127
123
122
122
122
122
123
123
124
126
127
125
127
127
127
127
127
127
127
127
127
127
127
116
120
124
127
127
127
127
127
127
127
124
118
105
105
106
107
110
114
125
127
114
94
82
74
80
75
70
64
60
56
54
65
82
71
42
34
52
49
47
45
43
41
40
43
56
85
99
75
39
40
40
40
40
42
42
40
43
73
109
116
43
43
43
43
43
43
43
43
42
36
54
116
43
43
44
44
43
43
44
43
44
43
43
48
43
43
44
43
43
43
44
44
45
43
42
39
43
43
44
43
44
43
44
44
46
44
43
43
46
43
43
43
44
44
45
43
47
45
42
43
111
109
107
108
108
108
109
109
110
110
113
115
115
113
112
112
112
112
113
113
114
115
116
119
122
120
119
118
118
118
119
119
121
122
123
125
127
127
127
127
126
127
127
127
127
127
127
127
127
127
127
127
127
127
127
127
127
127
127
127
126
127
127
127
127
127
127
127
127
127
127
127
116
120
123
127
127
127
127
127
127
127
127
122
105
106
106
106
108
115
127
127
116
96
83
74
80
74
68
63
57
53
53
54
43
40
41
41
50
47
44
42
40
38
37
37
35
33
33
35
37
36
37
37
37
39
40
39
40
38
36
36
40
40
40
40
40
40
40
40
40
40
39
36
40
40
40
40
40
40
41
41
41
40
41
40
40
40
41
40
40
40
41
41
40
40
41
41
40
40
41
40
41
41
41
41
40
40
40
40
41
40
40
40
41
42
42
40
40
40
40
41
127
127
127
127
127
127
127
127
127
127
127
127
127
127
127
127
127
127
127
127
127
127
127
127
127
127
127
127
127
127
127
127
127
127
127
127
127
127
127
127
127
127
127
127
127
127
127
127
127
127
127
127
127
127
127
127
127
127
127
127
124
127
127
127
127
127
127
127
127
127
127
127
115
117
122
127
127
127
127
127
127
127
127
127
105
105
106
105
106
119
127
127
125
100
82
72
80
75
68
64
57
54
55
57
44
40
42
42
50
47
45
43
41
38
37
37
35
33
33
36
37
37
38
38
39
40
40
40
41
39
36
36
41
41
41
41
40
40
41
40
41
41
40
37
41
41
42
42
40
40
42
42
42
41
42
42
41
41
42
41
41
41
42
42
42
41
42
42
42
41
42
40
42
42
42
42
42
41
41
41
43
41
41
41
41
43
43
41
42
42
40
41
