99
99
96
96
96
96
96
96
96
96
99
99
103
102
100
100
99
99
99
99
100
100
103
103
110
108
107
106
106
106
106
106
106
107
109
110
118
116
115
114
113
113
113
113
114
115
116
117
127
127
124
123
123
122
122
123
123
123
125
127
127
127
127
127
127
127
127
127
127
127
127
127
118
122
127
127
127
127
127
127
127
124
118
111
106
106
107
109
112
121
127
120
99
84
75
70
78
72
67
61
57
54
60
76
78
51
36
37
50
47
46
43
42
40
40
49
71
96
86
53
39
40
40
41
41
43
42
40
57
95
113
106
43
43
43
43
43
44
45
43
40
40
84
127
44
43
43
43
44
43
45
42
43
43
43
58
43
43
43
43
43
43
43
42
43
43
40
39
42
43
44
44
43
43
42
42
43
43
43
40
42
43
45
45
43
43
42
42
44
43
42
41
112
112
109
110
109
109
109
109
108
109
112
112
116
115
113
113
113
113
113
113
113
113
115
116
124
122
120
120
119
119
119
119
120
120
121
123
127
127
127
127
127
127
127
127
127
127
127
127
127
127
127
127
127
127
127
127
127
127
127
127
127
127
127
127
127
127
127
127
127
127
127
127
118
121
127
127
127
127
127
127
127
127
123
114
105
106
106
107
112
124
127
121
99
85
76
69
76
71
65
59
54
53
55
47
40
41
41
41
47
45
43
40
39
37
37
36
33
33
34
37
36
37
37
38
39
39
39
40
39
37
36
37
40
40
40
40
40
41
40
40
40
40
38
34
41
41
40
40
41
40
40
40
40
41
41
40
40
40
40
40
40
40
40
40
40
40
41
40
40
40
40
40
40
40
40
40
40
40
40
40
40
41
40
41
41
40
40
39
41
40
39
39
127
127
127
127
127
127
127
127
127
127
127
127
127
127
127
127
127
127
127
127
127
127
127
127
127
127
127
127
127
127
127
127
127
127
127
127
127
127
127
127
127
127
127
127
127
127
127
127
127
127
127
127
127
127
127
127
127
127
127
127
127
127
127
127
127
127
127
127
127
127
127
127
116
119
127
127
127
127
127
127
127
127
127
120
106
106
105
106
114
127
127
127
106
86
73
68
77
71
65
60
55
54
58
48
40
42
42
41
49
46
44
41
39
37
37
36
33
33
35
37
37
37
38
39
39
40
40
40
40
37
37
37
41
41
41
41
41
42
42
41
41
40
39
35
42
41
41
41
42
41
41
40
41
42
42
40
40
40
41
41
41
40
40
40
41
41
42
41
40
40
41
41
41
40
40
40
41
40
41
40
40
42
42
42
42
41
40
40
42
41
40
39
