101
98
98
97
96
96
96
95
94
96
96
99
105
103
102
101
99
99
99
99
99
99
100
103
111
110
108
107
106
106
105
105
106
106
107
109
119
116
116
115
113
113
113
113
113
114
114
116
127
127
125
124
123
123
122
122
122
123
124
126
127
127
127
127
127
127
127
127
127
127
127
127
120
124
127
127
127
127
127
127
127
121
115
108
106
106
107
110
115
127
127
110
92
79
73
68
75
70
64
59
55
55
67
80
68
41
36
39
50
47
45
43
42
40
43
57
84
98
72
41
40
40
40
41
42
43
40
44
72
106
112
96
43
43
43
43
43
43
43
42
36
52
110
127
43
43
42
43
43
43
43
44
43
42
45
75
43
43
43
44
43
44
44
43
45
43
38
44
43
43
44
44
44
45
43
43
43
44
43
39
43
42
45
45
43
44
43
43
43
43
43
43
114
111
111
109
109
109
108
108
107
109
109
112
118
116
115
113
113
113
112
112
112
113
113
116
125
123
121
120
119
119
118
118
119
119
120
122
127
127
127
127
127
127
127
127
127
127
127
127
127
127
127
127
127
127
127
127
127
127
127
127
127
127
127
127
127
127
127
127
127
127
127
127
120
123
127
127
127
127
127
127
127
127
118
110
106
106
106
109
117
127
127
110
94
80
72
68
74
68
63
57
53
54
53
42
41
41
41
40
47
44
42
40
38
37
37
35
33
33
35
37
36
37
37
38
39
39
39
40
38
37
36
37
40
40
40
40
40
40
40
40
40
40
37
33
40
40
40
40
40
40
40
40
41
41
40
37
40
40
40
41
41
41
40
41
40
41
40
40
40
40
41
41
41
41
40
41
40
41
40
40
40
40
41
40
41
41
40
41
40
40
41
40
127
127
127
127
127
127
127
127
127
127
127
127
127
127
127
127
127
127
127
127
127
127
127
127
127
127
127
127
127
127
127
127
127
127
127
127
127
127
127
127
127
127
127
127
127
127
127
127
127
127
127
127
127
127
127
127
127
127
127
127
127
127
127
127
127
127
127
127
127
127
127
127
116
122
127
127
127
127
127
127
127
127
127
113
106
106
105
108
121
127
127
119
97
79
70
66
75
68
63
57
53
56
56
43
41
42
42
40
47
45
43
40
39
37
37
35
34
33
36
38
37
37
38
39
40
40
40
40
40
37
36
37
40
40
41
41
40
40
41
40
41
40
37
33
41
40
40
41
40
41
41
41
42
41
40
38
41
41
41
42
41
42
41
42
41
42
41
40
41
41
43
42
42
42
41
41
41
41
41
41
40
40
43
42
42
42
41
40
41
40
42
41
