100
99
98
97
96
96
95
95
95
96
97
98
105
103
102
101
99
99
99
99
99
99
101
102
112
110
108
107
106
106
105
105
105
106
107
108
119
118
116
115
114
113
113
113
113
113
115
116
127
127
125
124
123
122
122
121
122
122
124
125
127
127
127
127
127
127
127
127
127
127
127
127
121
125
127
127
127
127
127
127
127
120
113
106
106
106
108
110
117
127
127
105
89
78
71
68
74
68
64
58
54
57
71
82
61
37
37
40
49
47
44
42
41
40
44
64
91
96
61
35
40
40
40
41
42
42
39
49
83
113
110
89
43
42
43
43
43
43
43
40
36
66
127
127
43
43
43
43
44
43
43
43
42
41
52
97
43
43
44
44
45
43
43
43
43
40
40
54
43
44
44
46
44
43
43
43
45
43
43
39
44
46
45
46
43
43
43
43
45
43
43
44
115
112
111
110
109
109
108
108
108
109
110
111
119
116
115
114
113
113
112
112
112
113
114
115
125
123
121
120
119
119
118
118
118
119
120
121
127
127
127
127
127
127
127
126
127
127
127
127
127
127
127
127
127
127
127
127
127
127
127
127
127
127
127
127
127
127
127
127
127
127
127
127
120
124
127
127
127
127
127
127
127
127
116
108
106
106
106
110
120
127
127
106
91
78
71
68
72
68
61
57
53
55
51
41
41
42
41
40
46
44
42
40
37
37
36
34
33
33
36
38
36
37
37
39
39
39
39
40
37
35
36
37
40
40
40
40
40
40
40
40
40
38
35
33
40
40
41
40
41
40
40
40
40
40
40
37
40
41
41
40
40
40
40
41
40
40
41
41
41
41
41
40
40
40
40
41
41
40
40
42
41
42
40
40
40
40
40
40
41
40
40
41
127
127
127
127
127
127
127
127
127
127
127
127
127
127
127
127
127
127
127
127
127
127
127
127
127
127
127
127
127
127
127
127
127
127
127
127
127
127
127
127
127
127
127
127
127
127
127
127
127
127
127
127
127
127
127
127
127
127
127
127
127
127
127
127
127
127
127
127
127
127
127
127
117
124
127
127
127
127
127
127
127
127
124
110
106
106
105
109
125
127
127
114
93
78
69
66
73
67
62
56
54
57
53
42
41
42
41
40
47
45
43
40
38
37
36
34
33
33
37
39
37
37
38
40
40
40
40
40
38
36
37
37
40
40
41
41
41
41
41
41
40
39
35
33
40
40
41
41
42
41
41
41
40
41
41
37
41
41
42
42
42
40
41
42
41
40
42
41
42
43
42
42
42
40
41
42
43
41
41
43
42
43
42
42
42
41
41
41
43
42
40
42
