104
102
99
98
96
95
93
92
92
92
92
95
108
106
103
102
100
98
97
96
96
96
96
99
114
112
110
108
106
104
103
103
102
103
103
105
122
120
117
116
114
113
111
110
110
110
110
112
127
127
126
125
123
121
120
120
120
120
121
124
127
127
127
127
127
127
127
127
127
127
121
117
127
127
127
127
127
127
127
123
115
107
100
94
107
110
114
122
127
118
96
84
75
68
65
63
64
60
56
51
89
87
38
43
43
42
41
40
44
43
41
36
68
127
75
33
37
41
40
40
40
41
42
39
54
127
127
68
40
42
43
43
43
43
43
43
43
127
127
127
59
41
43
43
43
43
44
46
38
112
127
127
127
56
36
41
44
43
46
46
37
88
127
127
127
124
58
36
44
43
45
43
38
65
127
127
127
127
114
61
44
42
43
41
40
51
127
127
127
127
127
99
117
115
112
110
110
106
106
104
105
104
106
107
121
119
116
115
113
111
110
109
109
109
110
111
127
126
123
122
120
118
116
116
115
116
116
118
127
127
127
127
127
126
125
123
123
123
123
126
127
127
127
127
127
127
127
127
127
127
127
127
127
127
127
127
127
127
127
127
127
127
127
119
127
127
127
127
127
127
127
127
120
110
100
93
106
108
114
127
127
122
99
83
74
68
65
63
61
57
53
53
54
46
43
41
40
40
40
39
42
40
38
37
35
30
33
37
37
37
37
37
37
37
39
39
38
32
34
38
41
40
40
40
40
40
40
40
40
34
32
34
40
41
40
40
40
41
41
41
40
36
32
32
34
40
40
39
41
41
42
41
40
37
32
32
32
35
40
40
41
40
41
40
40
38
32
32
32
32
36
40
42
40
40
38
40
40
33
32
32
32
33
37
127
127
127
127
127
127
127
127
127
127
127
127
127
127
127
127
127
127
127
127
127
127
127
127
127
127
127
127
127
127
127
127
127
127
127
127
127
127
127
127
127
127
127
127
127
127
127
127
127
127
127
127
127
127
127
127
127
127
127
127
127
127
127
127
127
127
127
127
127
127
127
126
127
127
127
127
127
127
127
127
127
113
99
91
105
107
116
127
127
127
103
83
71
66
64
63
62
58
54
53
56
47
43
42
40
40
40
40
43
41
39
37
35
30
34
37
38
39
38
38
38
38
40
40
39
32
35
39
42
42
41
41
40
40
41
41
41
34
32
34
40
42
41
41
41
41
42
42
41
37
32
32
35
41
41
40
42
41
43
42
40
37
32
32
33
35
40
41
42
40
43
41
40
39
32
32
32
32
37
40
42
40
40
39
40
40
33
32
32
32
33
37
