104
102
99
98
96
95
93
92
92
92
92
95
108
106
103
102
100
98
97
96
96
96
96
99
114
112
110
108
106
104
103
103
103
103
103
105
122
120
117
116
114
113
112
110
110
110
110
113
127
127
126
125
123
121
120
120
120
121
123
124
127
127
127
127
127
127
127
127
127
124
119
114
127
127
127
127
127
127
127
121
113
104
97
90
108
110
114
123
127
116
94
81
72
66
64
62
62
59
51
68
103
52
43
43
42
41
40
39
44
41
37
109
120
40
37
40
40
40
40
40
40
37
71
127
127
45
41
43
43
43
43
43
40
49
127
127
127
49
41
43
43
43
43
44
38
101
127
127
127
52
42
43
43
43
44
43
77
127
127
127
127
57
43
44
43
43
46
43
127
127
127
127
127
61
43
46
42
43
45
43
127
127
127
127
127
63
42
47
43
43
43
43
117
115
113
110
110
108
106
104
104
106
106
106
121
119
116
115
113
112
110
109
109
110
110
111
127
125
123
122
120
118
116
116
116
116
116
119
127
127
127
127
127
126
125
123
123
123
125
125
127
127
127
127
127
127
127
127
127
127
127
127
127
127
127
127
127
127
127
127
127
127
122
115
127
127
127
127
127
127
127
127
116
105
96
89
106
110
116
127
127
120
96
80
71
66
64
62
60
57
54
52
54
47
43
41
40
40
39
39
41
40
38
33
33
36
36
37
37
37
37
37
37
38
37
31
33
39
40
40
40
40
40
40
40
40
34
31
34
40
40
40
40
40
40
41
41
37
32
32
34
40
40
40
40
40
40
40
39
33
32
32
33
40
41
40
40
40
41
41
34
32
32
32
33
40
41
42
40
40
41
41
32
32
32
32
33
40
40
42
40
40
40
40
127
127
127
127
127
127
127
127
127
127
127
127
127
127
127
127
127
127
127
127
127
127
127
127
127
127
127
127
127
127
127
127
127
127
127
127
127
127
127
127
127
127
127
127
127
127
127
127
127
127
127
127
127
127
127
127
127
127
127
127
127
127
127
127
127
127
127
127
127
127
127
118
127
127
127
127
127
127
127
127
124
106
93
87
105
109
120
127
127
127
99
80
68
65
64
62
61
57
54
52
56
50
43
41
40
40
39
39
43
40
39
32
32
36
37
38
38
38
37
37
39
39
38
31
33
40
41
41
41
40
41
41
41
40
35
31
34
40
41
41
41
40
42
42
43
37
32
31
33
41
42
41
41
41
41
41
39
33
32
32
33
41
43
42
40
41
42
42
34
32
32
32
33
41
43
43
40
41
42
42
32
32
32
32
33
40
42
43
41
40
41
41
