97
93
89
84
80
78
75
75
75
76
78
82
101
97
92
88
84
81
79
78
79
81
83
87
107
103
99
94
90
86
85
85
85
88
91
95
115
111
106
102
98
94
93
92
94
96
100
103
125
121
115
110
106
104
103
102
104
108
112
117
125
127
127
126
122
117
116
120
122
123
122
120
106
112
118
122
124
125
125
121
116
112
106
100
74
77
84
92
101
120
116
97
85
75
69
65
48
47
48
48
43
96
75
43
45
44
43
43
43
41
41
38
46
127
89
34
40
40
40
41
43
43
43
38
82
127
116
39
43
43
43
43
43
43
43
45
127
127
127
46
43
43
43
42
44
44
40
76
127
127
127
62
40
44
45
44
45
43
43
126
127
127
127
84
37
44
45
44
44
42
73
127
127
127
127
110
39
43
44
43
43
40
109
127
127
127
127
127
43
40
43
43
110
106
102
96
92
90
87
86
86
88
91
94
114
110
106
100
96
92
91
90
91
93
96
99
120
116
112
106
103
99
97
96
99
100
103
107
127
124
120
115
110
108
106
105
107
109
113
116
127
127
127
123
120
117
116
114
117
121
126
127
127
127
127
127
127
127
127
127
127
127
127
123
106
114
123
127
127
127
127
127
124
116
108
99
73
76
82
92
105
124
121
100
85
75
68
64
47
47
45
45
46
50
50
43
42
42
42
42
40
40
38
38
37
31
34
37
37
37
39
38
39
40
40
40
37
31
34
40
40
40
40
40
40
40
40
40
34
31
34
40
40
40
40
40
41
41
40
38
32
32
33
39
41
41
40
40
41
42
40
36
32
32
32
37
40
41
41
40
41
42
39
33
32
32
32
36
40
40
41
40
41
41
37
32
32
32
32
34
40
40
40
40
127
127
127
127
127
127
127
127
127
127
127
127
127
127
127
127
127
127
127
127
127
127
127
127
127
127
127
127
127
127
127
127
127
127
127
127
127
127
127
127
127
127
127
127
127
127
127
127
127
127
127
127
127
127
127
127
127
127
127
127
127
127
127
127
127
127
127
127
127
127
127
127
105
119
127
127
127
127
127
127
127
127
111
98
73
75
80
93
113
127
127
107
86
72
67
64
47
47
45
45
47
52
51
44
43
43
42
42
40
40
39
38
37
31
33
37
38
38
39
39
40
40
40
41
38
31
35
41
41
40
41
40
40
40
41
41
34
31
34
41
41
41
41
40
42
41
42
40
32
32
33
40
42
42
42
41
42
42
43
36
32
32
32
38
41
42
43
42
42
43
40
33
32
32
32
37
41
41
42
41
41
42
37
32
32
32
32
35
40
40
41
40
