103
99
99
98
97
96
95
94
94
94
96
96
106
104
103
102
99
99
98
98
98
98
99
100
113
111
109
108
106
105
104
104
104
104
105
107
120
119
116
116
115
113
113
112
112
112
113
114
127
127
125
124
123
122
121
121
121
123
124
126
127
127
127
127
127
127
127
127
127
127
122
116
127
127
127
127
127
127
127
127
119
109
100
93
106
109
110
115
127
127
108
89
77
69
65
63
65
61
57
49
96
81
45
44
43
41
41
40
46
41
35
83
127
60
36
40
40
40
40
40
37
39
69
127
127
48
40
43
43
43
43
43
40
63
127
127
116
40
41
42
43
43
43
43
62
127
127
127
95
37
43
44
43
43
43
43
127
127
127
127
73
39
44
45
43
43
42
43
127
127
127
127
55
41
43
44
43
43
43
43
127
127
127
127
45
42
43
43
43
43
43
43
116
113
112
111
110
108
108
107
107
107
109
109
120
117
116
115
113
112
112
111
111
111
112
113
126
124
123
121
120
118
118
117
117
117
118
121
127
127
127
127
127
127
126
125
125
126
126
127
127
127
127
127
127
127
127
127
127
127
127
127
127
127
127
127
127
127
127
127
127
127
127
119
127
127
127
127
127
127
127
127
124
111
100
92
106
107
111
118
127
127
112
89
75
69
65
63
63
59
56
53
50
54
45
42
40
40
39
39
42
41
40
35
31
36
36
37
37
37
37
37
37
38
36
32
32
38
40
40
40
40
40
40
40
39
34
31
35
40
40
40
40
40
40
40
39
34
32
32
37
40
40
41
40
40
40
41
34
32
32
33
39
41
41
40
41
40
40
41
32
32
32
33
40
40
41
40
41
40
40
41
32
32
32
34
40
40
40
40
40
41
40
40
127
127
127
127
127
127
127
127
127
127
127
127
127
127
127
127
127
127
127
127
127
127
127
127
127
127
127
127
127
127
127
127
127
127
127
127
127
127
127
127
127
127
127
127
127
127
127
127
127
127
127
127
127
127
127
127
127
127
127
127
127
127
127
127
127
127
127
127
127
127
127
124
127
127
127
127
127
127
127
127
127
116
99
89
104
106
110
123
127
127
121
92
74
67
64
62
64
60
57
54
51
56
46
42
41
40
40
39
43
42
40
35
30
36
37
37
38
39
38
38
38
39
37
32
32
39
41
40
41
41
41
41
41
40
33
31
35
41
41
40
41
40
41
40
40
34
32
32
37
41
41
42
41
40
40
42
35
32
32
33
40
42
42
42
42
40
40
41
32
32
32
34
41
42
42
41
42
41
40
41
32
32
32
35
42
41
41
40
41
42
41
41
