101
99
98
97
96
96
95
95
95
96
97
97
105
103
102
101
99
99
99
99
99
99
100
102
111
110
108
107
106
106
105
105
105
106
106
109
119
117
116
115
113
113
113
113
113
113
115
116
127
126
124
123
123
122
122
122
122
123
125
127
127
127
127
127
127
127
127
127
127
127
127
121
126
127
127
127
127
127
127
127
124
115
106
98
106
107
109
113
118
127
124
99
84
74
67
64
68
64
61
54
55
109
61
45
43
43
41
40
46
45
41
37
93
127
43
39
40
40
40
40
40
40
36
70
127
127
41
43
43
43
43
44
43
40
52
127
127
127
41
43
43
43
44
44
40
43
118
127
127
121
40
44
43
43
44
45
41
99
127
127
127
112
39
45
43
43
44
45
84
127
127
127
127
103
39
44
43
43
43
43
127
127
127
127
127
97
38
43
44
42
41
43
114
112
111
110
109
109
108
108
107
109
110
110
118
116
115
114
113
113
112
112
112
113
113
115
124
123
121
120
119
119
118
118
119
119
120
122
127
127
127
127
127
127
127
127
127
127
127
127
127
127
127
127
127
127
127
127
127
127
127
127
127
127
127
127
127
127
127
127
127
127
127
124
126
127
127
127
127
127
127
127
127
119
106
97
106
106
107
113
122
127
127
102
84
72
67
64
66
62
57
54
52
52
51
43
41
40
40
39
43
42
40
39
33
31
37
36
37
37
37
37
37
37
38
37
32
32
39
40
40
40
40
40
40
40
40
33
32
34
40
40
40
40
41
40
40
40
36
32
32
35
40
41
40
40
41
41
41
37
33
32
32
36
41
42
40
41
41
41
38
33
32
32
32
36
41
41
40
40
40
40
34
32
32
32
32
37
40
40
41
40
39
40
127
127
127
127
127
127
127
127
127
127
127
127
127
127
127
127
127
127
127
127
127
127
127
127
127
127
127
127
127
127
127
127
127
127
127
127
127
127
127
127
127
127
127
127
127
127
127
127
127
127
127
127
127
127
127
127
127
127
127
127
127
127
127
127
127
127
127
127
127
127
127
127
125
127
127
127
127
127
127
127
127
127
109
95
105
105
106
115
127
127
127
107
84
70
66
64
66
63
58
54
53
54
53
43
42
40
40
40
44
43
41
40
33
30
36
37
37
38
38
38
38
38
39
37
33
32
40
41
40
41
41
41
41
41
40
34
31
34
41
41
40
41
42
42
41
41
37
32
32
36
41
42
41
41
42
43
42
38
33
32
32
36
42
43
41
42
42
43
39
34
32
32
32
36
42
42
41
41
41
41
35
32
32
32
32
37
41
40
42
40
39
40
