99
98
97
96
95
96
96
95
96
96
98
99
104
103
101
100
99
99
99
99
99
100
102
103
111
110
107
106
106
106
105
105
106
106
108
109
118
117
116
115
113
113
113
113
113
114
116
116
127
127
124
123
123
123
122
122
123
123
126
127
127
127
127
127
127
127
127
127
127
127
127
123
124
127
127
127
127
127
127
127
127
118
108
100
106
106
109
112
116
127
127
104
87
75
68
65
68
65
61
57
49
94
82
43
43
43
41
40
47
44
43
37
54
127
81
34
39
40
40
40
40
40
39
40
101
127
91
37
43
43
44
43
43
43
39
69
127
127
99
38
43
44
44
44
44
40
45
127
127
127
106
38
43
43
43
43
43
40
96
127
127
127
115
37
42
42
43
44
42
69
127
127
127
127
123
38
40
41
43
44
42
109
127
127
127
127
127
40
40
42
42
43
114
113
110
109
109
109
109
108
109
110
111
112
118
116
114
113
113
113
113
112
113
113
115
116
124
122
121
120
119
119
119
118
119
120
121
122
127
127
127
127
127
127
127
127
127
127
127
127
127
127
127
127
127
127
127
127
127
127
127
127
127
127
127
127
127
127
127
127
127
127
127
127
124
127
127
127
127
127
127
127
127
122
110
100
106
106
108
112
120
127
127
107
88
75
68
64
68
64
59
55
52
52
52
44
42
40
40
39
44
43
40
39
37
31
34
36
37
37
37
37
37
37
38
39
36
30
36
40
40
41
40
40
40
40
41
39
33
32
37
41
40
41
41
40
41
40
40
34
32
32
36
41
40
40
40
40
40
40
37
32
32
32
35
40
40
38
40
40
40
40
33
32
32
32
35
39
38
39
40
40
41
37
32
32
32
32
34
39
38
40
40
41
127
127
127
127
127
127
127
127
127
127
127
127
127
127
127
127
127
127
127
127
127
127
127
127
127
127
127
127
127
127
127
127
127
127
127
127
127
127
127
127
127
127
127
127
127
127
127
127
127
127
127
127
127
127
127
127
127
127
127
127
127
127
127
127
127
127
127
127
127
127
127
127
123
127
127
127
127
127
127
127
127
127
114
99
106
104
106
112
125
127
127
115
89
72
67
64
68
64
60
55
53
54
54
45
42
41
40
40
45
43
41
40
37
30
34
36
37
38
39
38
38
38
39
40
36
30
37
41
41
42
42
41
41
41
41
40
33
31
37
42
41
42
42
41
42
41
40
35
31
32
37
42
40
40
41
41
41
41
37
33
32
32
36
41
40
39
41
42
41
40
33
32
32
32
35
40
40
40
41
42
42
37
32
32
32
32
34
40
39
40
40
42
