100
99
97
96
96
96
96
96
96
96
98
98
104
103
101
100
99
99
99
99
99
100
101
103
110
109
107
106
106
106
105
105
106
106
107
110
118
117
115
115
113
113
113
113
114
114
116
116
127
127
124
123
123
123
122
122
123
123
126
127
127
127
127
127
127
127
127
127
127
127
127
125
124
127
127
127
127
127
127
127
127
119
110
102
106
106
109
111
115
127
127
106
89
76
70
66
69
66
62
59
50
79
96
43
44
43
42
40
47
46
44
41
38
116
114
34
40
40
40
40
40
40
41
37
66
127
127
43
42
43
43
43
43
43
42
42
115
127
127
54
39
43
43
42
42
43
38
68
127
127
127
68
37
43
43
43
43
41
41
120
127
127
127
89
37
43
43
43
43
40
74
127
127
127
127
110
41
44
43
43
43
40
114
127
127
127
127
125
45
45
43
42
113
111
110
110
109
109
109
107
109
110
110
113
117
116
114
113
113
113
113
112
113
113
114
116
123
123
120
120
119
119
119
119
119
120
120
123
127
127
127
127
127
127
127
127
127
127
127
127
127
127
127
127
127
127
127
127
127
127
127
127
127
127
127
127
127
127
127
127
127
127
127
127
123
127
127
127
127
127
127
127
127
124
112
102
106
106
107
111
118
127
127
110
89
75
69
65
68
64
60
55
52
52
52
44
42
40
40
39
43
43
41
39
37
32
32
36
37
37
37
37
37
37
37
39
37
32
33
40
40
40
40
40
40
40
40
41
35
32
33
40
40
40
40
40
39
40
40
39
33
32
33
37
40
40
40
40
40
40
40
35
32
32
32
37
40
41
40
40
40
40
39
33
32
32
32
37
41
42
40
40
40
40
37
32
32
32
31
36
41
42
40
40
127
127
127
127
127
127
127
127
127
127
127
127
127
127
127
127
127
127
127
127
127
127
127
127
127
127
127
127
127
127
127
127
127
127
127
127
127
127
127
127
127
127
127
127
127
127
127
127
127
127
127
127
127
127
127
127
127
127
127
127
127
127
127
127
127
127
127
127
127
127
127
127
122
127
127
127
127
127
127
127
127
127
116
101
106
105
105
110
124
127
127
119
92
74
67
64
68
64
61
56
53
54
54
45
42
41
40
40
45
43
43
40
38
32
32
36
37
38
39
38
38
38
39
40
38
32
33
40
41
41
41
40
41
41
41
42
36
32
33
40
40
41
41
40
40
40
42
40
33
32
33
38
40
41
41
40
40
40
41
36
32
32
32
37
41
42
41
40
41
40
39
33
32
32
32
37
43
43
41
40
40
41
37
32
32
32
31
36
43
43
41
40
