100
97
97
96
96
96
96
96
96
96
97
99
104
102
101
100
99
99
99
99
99
100
101
103
110
109
107
106
106
106
105
105
106
106
107
110
118
116
115
114
113
113
113
113
114
114
115
117
127
127
124
123
123
122
122
122
123
123
126
127
127
127
127
127
127
127
127
127
127
127
127
125
124
127
127
127
127
127
127
127
127
120
111
103
106
107
109
111
116
127
127
107
90
78
71
67
70
67
62
58
54
68
103
44
44
43
41
41
47
46
44
43
35
90
127
43
37
40
40
40
40
40
41
40
43
127
127
66
38
43
43
43
43
43
43
39
69
127
127
96
38
43
43
43
43
43
42
39
110
127
127
127
44
41
43
43
43
43
40
56
127
127
127
127
61
40
43
43
43
43
40
92
127
127
127
127
89
39
43
43
43
43
41
124
127
127
127
127
115
40
44
43
113
111
110
110
109
109
109
109
109
110
110
113
117
116
114
113
113
113
113
113
113
113
114
116
123
123
120
120
119
119
119
119
119
120
121
123
127
127
127
127
127
127
127
127
127
127
127
127
127
127
127
127
127
127
127
127
127
127
127
127
127
127
127
127
127
127
127
127
127
127
127
127
123
127
127
127
127
127
127
127
127
126
113
103
106
106
106
110
117
127
127
111
91
77
69
65
68
64
60
56
53
53
51
44
42
40
40
40
45
43
41
40
38
34
31
35
37
37
37
38
37
37
37
39
39
33
31
38
40
40
40
40
40
40
40
40
39
33
32
37
40
40
40
40
40
40
40
41
37
32
32
35
41
40
40
40
40
40
40
40
33
32
32
33
40
41
40
41
40
40
41
37
32
32
32
32
37
41
40
40
41
42
41
35
31
32
32
32
36
41
40
40
127
127
127
127
127
127
127
127
127
127
127
127
127
127
127
127
127
127
127
127
127
127
127
127
127
127
127
127
127
127
127
127
127
127
127
127
127
127
127
127
127
127
127
127
127
127
127
127
127
127
127
127
127
127
127
127
127
127
127
127
127
127
127
127
127
127
127
127
127
127
127
127
121
127
127
127
127
127
127
127
127
127
119
103
106
105
105
110
122
127
127
120
93
75
68
64
68
64
61
57
53
54
53
45
42
41
40
40
45
43
43
40
39
34
30
35
37
38
38
38
37
38
39
40
40
33
30
39
41
41
40
41
40
40
40
41
40
33
32
37
41
41
40
41
40
41
40
41
37
32
31
35
42
40
40
41
41
40
41
41
33
32
32
33
40
41
40
41
41
40
42
39
32
32
32
32
38
42
41
41
42
41
42
36
31
32
32
32
37
42
42
41
