100
97
97
96
96
96
96
96
96
96
96
99
104
102
101
100
99
99
99
99
99
100
101
103
110
109
107
106
106
106
105
105
106
106
108
110
118
116
115
114
113
113
113
113
114
114
115
117
127
127
124
123
123
122
122
122
123
123
126
127
127
127
127
127
127
127
127
127
127
127
127
127
123
126
127
127
127
127
127
127
127
120
111
104
106
106
108
111
116
126
127
107
91
78
71
66
71
66
62
58
54
63
107
47
44
43
41
41
47
46
44
43
37
68
127
57
36
40
40
40
40
40
40
41
37
98
127
96
39
43
43
43
43
43
43
43
43
127
127
127
48
40
43
43
43
43
43
40
59
127
127
127
78
38
43
44
43
43
43
40
86
127
127
127
125
42
42
44
44
44
43
44
117
127
127
127
127
67
40
44
46
46
41
50
127
127
127
127
127
98
40
43
113
112
110
110
109
109
109
109
108
110
110
113
117
116
114
113
113
113
113
113
113
113
114
116
123
123
120
120
119
119
119
119
120
120
121
123
127
127
127
127
127
127
127
127
127
127
127
127
127
127
127
127
127
127
127
127
127
127
127
127
127
127
127
127
127
127
127
127
127
127
127
127
123
127
127
127
127
127
127
127
127
127
114
103
106
106
106
110
117
127
127
112
92
78
70
66
69
65
61
56
53
54
51
45
42
40
40
40
44
43
41
40
38
36
30
34
37
37
37
37
37
37
37
38
40
36
30
37
40
40
40
40
40
40
40
40
40
35
31
34
40
40
40
40
40
40
41
41
40
33
32
32
38
40
41
41
40
41
41
42
38
32
32
32
36
40
40
41
41
41
41
41
36
32
32
32
33
39
40
40
43
42
40
40
34
31
32
32
32
37
41
40
127
127
127
127
127
127
127
127
127
127
127
127
127
127
127
127
127
127
127
127
127
127
127
127
127
127
127
127
127
127
127
127
127
127
127
127
127
127
127
127
127
127
127
127
127
127
127
127
127
127
127
127
127
127
127
127
127
127
127
127
127
127
127
127
127
127
127
127
127
127
127
127
120
127
127
127
127
127
127
127
127
127
120
104
106
105
105
110
121
127
127
122
94
76
68
64
69
65
61
56
53
54
53
46
42
41
40
40
45
44
42
40
39
36
30
34
37
37
38
38
37
38
38
39
40
36
30
37
41
40
41
41
41
41
40
40
41
35
31
34
40
40
41
41
41
41
42
42
40
33
32
32
38
41
42
42
41
42
42
43
39
33
32
32
36
41
41
42
42
42
42
43
37
31
32
32
33
40
41
41
43
43
41
42
35
31
32
32
32
37
42
40
