100
97
97
96
96
96
96
96
96
96
96
99
104
102
101
100
99
99
99
99
99
100
101
103
110
109
107
106
106
106
105
105
106
106
108
110
118
116
115
114
113
113
113
113
114
114
115
117
127
127
124
123
123
123
122
122
123
123
126
127
127
127
127
127
127
127
127
127
127
127
127
127
123
126
127
127
127
127
127
127
127
121
112
104
106
106
108
110
115
126
127
108
92
78
71
66
71
67
63
58
54
59
107
50
43
43
41
41
47
46
44
42
40
50
127
75
33
40
40
40
40
40
40
41
39
65
127
125
46
40
43
43
43
43
43
43
39
85
127
127
76
39
44
44
43
43
44
44
40
108
127
127
127
43
43
44
43
43
43
43
41
127
127
127
127
85
38
43
43
43
42
40
48
127
127
127
127
127
53
41
43
44
42
38
58
127
127
127
127
127
77
38
113
112
110
110
109
109
109
109
108
110
110
113
117
116
114
113
113
113
113
113
113
113
114
116
123
123
120
120
119
119
119
119
120
120
121
123
127
127
127
127
127
127
127
127
127
127
127
127
127
127
127
127
127
127
127
127
127
127
127
127
127
127
127
127
127
127
127
127
127
127
127
127
123
127
127
127
127
127
127
127
127
127
115
104
106
106
106
110
117
127
127
112
92
78
70
66
69
65
61
57
53
54
51
45
42
40
40
40
45
43
41
40
38
37
30
33
37
37
37
37
37
37
37
38
40
37
30
35
40
40
41
40
40
40
40
40
41
38
32
33
37
41
41
40
40
40
42
41
41
37
32
32
35
40
42
41
40
40
40
40
40
35
32
32
33
37
40
40
40
41
39
40
39
33
32
32
32
33
38
40
40
42
40
40
39
33
32
32
32
32
36
40
127
127
127
127
127
127
127
127
127
127
127
127
127
127
127
127
127
127
127
127
127
127
127
127
127
127
127
127
127
127
127
127
127
127
127
127
127
127
127
127
127
127
127
127
127
127
127
127
127
127
127
127
127
127
127
127
127
127
127
127
127
127
127
127
127
127
127
127
127
127
127
127
120
127
127
127
127
127
127
127
127
127
122
105
106
105
105
109
121
127
127
122
95
77
69
65
70
65
61
56
53
54
53
45
42
41
40
40
46
44
42
40
38
37
30
33
37
37
38
38
38
38
38
39
40
39
30
35
41
41
42
41
41
41
41
41
42
39
31
33
38
41
42
41
42
41
42
41
43
37
32
32
35
41
43
42
41
41
40
40
40
35
32
32
33
38
41
41
41
42
40
40
40
33
32
32
32
34
39
40
42
43
40
40
40
33
32
32
32
32
37
41
