049
009
067
067
067
00C
1E8
067
1E8
068
039
024
1E8
000
1F3
00F
013
1EF
083
1E8
067
071
1E8
067
0AB
1E8
1F3
1EB
0DA
096
088
0B2
0DC
01C
021
067
067
067
0DA
06A
067
077
063
1FA
067
029
067
067
056
024
019
095
1F2
025
011
0BE
1E8
0C9
1E8
067
0A9
047
06C
05C
0A9
02E
067
067
1FB
067
1E8
067
072
1FF
1F4
06B
081
1E8
1E8
1E8
067
067
0E7
1E9
03F
067
02D
1E8
045
067
0A7
1F5
067
067
067
099
025
1F1
067
038
04B
067
0C5
01F
04D
067
081
067
067
0E1
067
1E8
067
1EC
067
067
067
03C
067
1E8
0D8
067
067
1F1
018
067
1E8
067
1E8
0DC
067
052
1E8
067
069
1F6
030
067
01B
067
1E8
067
096
067
07B
067
1EA
0AD
094
067
033
029
0E7
067
00A
067
1E8
1E8
05A
067
022
067
067
067
067
1EB
02E
0D2
067
043
065
1F1
067
1F9
01F
0E3
1F2
06D
1E8
1E8
0A9
1E8
067
067
067
067
02C
01E
040
03E
067
067
090
049
003
09E
054
067
067
0AB
067
067
05A
067
067
0CD
04F
1E8
067
030
0C9
067
1E8
020
067
067
1E8
067
0BF
1F1
1E9
053
067
067
02A
050
067
067
067
042
061
067
1E8
084
0AE
08A
03D
0E7
075
067
067
067
1E8
1F1
067
0E2
067
05E
067
0C5
05E
0DC
064
1E8
1F2
09E
