0B5
075
0D3
0D3
0D3
078
054
0D3
054
0D4
0A5
090
054
06C
05F
07B
07F
05B
0EF
054
0D3
0DD
054
0D3
117
054
05F
057
146
102
0F4
11E
148
088
08D
0D3
0D3
0D3
146
0D6
0D3
0E3
0CF
066
0D3
095
0D3
0D3
0C2
090
085
101
05E
091
07D
12A
054
135
054
0D3
115
0B3
0D8
0C8
115
09A
0D3
0D3
067
0D3
054
0D3
0DE
06B
060
0D7
0ED
054
054
054
0D3
0D3
153
055
0AB
0D3
099
054
0B1
0D3
113
061
0D3
0D3
0D3
105
091
05D
0D3
0A4
0B7
0D3
131
08B
0B9
0D3
0ED
0D3
0D3
14D
0D3
054
0D3
058
0D3
0D3
0D3
0A8
0D3
054
144
0D3
0D3
05D
084
0D3
054
0D3
054
148
0D3
0BE
054
0D3
0D5
062
09C
0D3
087
0D3
054
0D3
102
0D3
0E7
0D3
056
119
100
0D3
09F
095
153
0D3
076
0D3
054
054
0C6
0D3
08E
0D3
0D3
0D3
0D3
057
09A
13E
0D3
0AF
0D1
05D
0D3
065
08B
14F
05E
0D9
054
054
115
054
0D3
0D3
0D3
0D3
098
08A
0AC
0AA
0D3
0D3
0FC
0B5
06F
10A
0C0
0D3
0D3
117
0D3
0D3
0C6
0D3
0D3
139
0BB
054
0D3
09C
135
0D3
054
08C
0D3
0D3
054
0D3
12B
05D
055
0BF
0D3
0D3
096
0BC
0D3
0D3
0D3
0AE
0CD
0D3
054
0F0
11A
0F6
0A9
153
0E1
0D3
0D3
0D3
054
05D
0D3
14E
0D3
0CA
0D3
131
0CA
148
0D0
054
05E
10A
