0E6
0A6
104
104
104
0A9
085
104
085
105
0D6
0C1
085
09D
090
0AC
0B0
08C
120
085
104
10E
085
104
148
085
090
088
177
133
125
14F
179
0B9
0BE
104
104
104
177
107
104
114
100
097
104
0C6
104
104
0F3
0C1
0B6
132
08F
0C2
0AE
15B
085
166
085
104
146
0E4
109
0F9
146
0CB
104
104
098
104
085
104
10F
09C
091
108
11E
085
085
085
104
104
184
086
0DC
104
0CA
085
0E2
104
144
092
104
104
104
136
0C2
08E
104
0D5
0E8
104
162
0BC
0EA
104
11E
104
104
17E
104
085
104
089
104
104
104
0D9
104
085
175
104
104
08E
0B5
104
085
104
085
179
104
0EF
085
104
106
093
0CD
104
0B8
104
085
104
133
104
118
104
087
14A
131
104
0D0
0C6
184
104
0A7
104
085
085
0F7
104
0BF
104
104
104
104
088
0CB
16F
104
0E0
102
08E
104
096
0BC
180
08F
10A
085
085
146
085
104
104
104
104
0C9
0BB
0DD
0DB
104
104
12D
0E6
0A0
13B
0F1
104
104
148
104
104
0F7
104
104
16A
0EC
085
104
0CD
166
104
085
0BD
104
104
085
104
15C
08E
086
0F0
104
104
0C7
0ED
104
104
104
0DF
0FE
104
085
121
14B
127
0DA
184
112
104
104
104
085
08E
104
17F
104
0FB
104
162
0FB
179
101
085
08F
13B
