06A
02A
088
088
088
02D
009
088
009
089
05A
045
009
021
014
030
034
010
0A4
009
088
092
009
088
0CC
009
014
00C
0FB
0B7
0A9
0D3
0FD
03D
042
088
088
088
0FB
08B
088
098
084
01B
088
04A
088
088
077
045
03A
0B6
013
046
032
0DF
009
0EA
009
088
0CA
068
08D
07D
0CA
04F
088
088
01C
088
009
088
093
020
015
08C
0A2
009
009
009
088
088
108
00A
060
088
04E
009
066
088
0C8
016
088
088
088
0BA
046
012
088
059
06C
088
0E6
040
06E
088
0A2
088
088
102
088
009
088
00D
088
088
088
05D
088
009
0F9
088
088
012
039
088
009
088
009
0FD
088
073
009
088
08A
017
051
088
03C
088
009
088
0B7
088
09C
088
00B
0CE
0B5
088
054
04A
108
088
02B
088
009
009
07B
088
043
088
088
088
088
00C
04F
0F3
088
064
086
012
088
01A
040
104
013
08E
009
009
0CA
009
088
088
088
088
04D
03F
061
05F
088
088
0B1
06A
024
0BF
075
088
088
0CC
088
088
07B
088
088
0EE
070
009
088
051
0EA
088
009
041
088
088
009
088
0E0
012
00A
074
088
088
04B
071
088
088
088
063
082
088
009
0A5
0CF
0AB
05E
108
096
088
088
088
009
012
088
103
088
07F
088
0E6
07F
0FD
085
009
013
0BF
