037
1F7
055
055
055
1FA
1D6
055
1D6
056
027
012
1D6
1EE
1E1
1FD
001
1DD
071
1D6
055
05F
1D6
055
099
1D6
1E1
1D9
0C8
084
076
0A0
0CA
00A
00F
055
055
055
0C8
058
055
065
051
1E8
055
017
055
055
044
012
007
083
1E0
013
1FF
0AC
1D6
0B7
1D6
055
097
035
05A
04A
097
01C
055
055
1E9
055
1D6
055
060
1ED
1E2
059
06F
1D6
1D6
1D6
055
055
0D5
1D7
02D
055
01B
1D6
033
055
095
1E3
055
055
055
087
013
1DF
055
026
039
055
0B3
00D
03B
055
06F
055
055
0CF
055
1D6
055
1DA
055
055
055
02A
055
1D6
0C6
055
055
1DF
006
055
1D6
055
1D6
0CA
055
040
1D6
055
057
1E4
01E
055
009
055
1D6
055
084
055
069
055
1D8
09B
082
055
021
017
0D5
055
1F8
055
1D6
1D6
048
055
010
055
055
055
055
1D9
01C
0C0
055
031
053
1DF
055
1E7
00D
0D1
1E0
05B
1D6
1D6
097
1D6
055
055
055
055
01A
00C
02E
02C
055
055
07E
037
1F1
08C
042
055
055
099
055
055
048
055
055
0BB
03D
1D6
055
01E
0B7
055
1D6
00E
055
055
1D6
055
0AD
1DF
1D7
041
055
055
018
03E
055
055
055
030
04F
055
1D6
072
09C
078
02B
0D5
063
055
055
055
1D6
1DF
055
0D0
055
04C
055
0B3
04C
0CA
052
1D6
1E0
08C
