0E8
0A8
106
106
106
0AB
087
106
087
107
0D8
0C3
087
09F
092
0AE
0B2
08E
122
087
106
110
087
106
14A
087
092
08A
179
135
127
151
17B
0BB
0C0
106
106
106
179
109
106
116
102
099
106
0C8
106
106
0F5
0C3
0B8
134
091
0C4
0B0
15D
087
168
087
106
148
0E6
10B
0FB
148
0CD
106
106
09A
106
087
106
111
09E
093
10A
120
087
087
087
106
106
186
088
0DE
106
0CC
087
0E4
106
146
094
106
106
106
138
0C4
090
106
0D7
0EA
106
164
0BE
0EC
106
120
106
106
180
106
087
106
08B
106
106
106
0DB
106
087
177
106
106
090
0B7
106
087
106
087
17B
106
0F1
087
106
108
095
0CF
106
0BA
106
087
106
135
106
11A
106
089
14C
133
106
0D2
0C8
186
106
0A9
106
087
087
0F9
106
0C1
106
106
106
106
08A
0CD
171
106
0E2
104
090
106
098
0BE
182
091
10C
087
087
148
087
106
106
106
106
0CB
0BD
0DF
0DD
106
106
12F
0E8
0A2
13D
0F3
106
106
14A
106
106
0F9
106
106
16C
0EE
087
106
0CF
168
106
087
0BF
106
106
087
106
15E
090
088
0F2
106
106
0C9
0EF
106
106
106
0E1
100
106
087
123
14D
129
0DC
186
114
106
106
106
087
090
106
181
106
0FD
106
164
0FD
17B
103
087
091
13D
