1F5
1B5
213
213
213
1B8
194
213
194
214
1E5
1D0
194
1AC
19F
1BB
1BF
19B
22F
194
213
21D
194
213
257
194
19F
197
286
242
234
25E
288
1C8
1CD
213
213
213
286
216
213
223
20F
1A6
213
1D5
213
213
202
1D0
1C5
241
19E
1D1
1BD
26A
194
275
194
213
255
1F3
218
208
255
1DA
213
213
1A7
213
194
213
21E
1AB
1A0
217
22D
194
194
194
213
213
293
195
1EB
213
1D9
194
1F1
213
253
1A1
213
213
213
245
1D1
19D
213
1E4
1F7
213
271
1CB
1F9
213
22D
213
213
28D
213
194
213
198
213
213
213
1E8
213
194
284
213
213
19D
1C4
213
194
213
194
288
213
1FE
194
213
215
1A2
1DC
213
1C7
213
194
213
242
213
227
213
196
259
240
213
1DF
1D5
293
213
1B6
213
194
194
206
213
1CE
213
213
213
213
197
1DA
27E
213
1EF
211
19D
213
1A5
1CB
28F
19E
219
194
194
255
194
213
213
213
213
1D8
1CA
1EC
1EA
213
213
23C
1F5
1AF
24A
200
213
213
257
213
213
206
213
213
279
1FB
194
213
1DC
275
213
194
1CC
213
213
194
213
26B
19D
195
1FF
213
213
1D6
1FC
213
213
213
1EE
20D
213
194
230
25A
236
1E9
293
221
213
213
213
194
19D
213
28E
213
20A
213
271
20A
288
210
194
19E
24A
