047
007
065
065
065
00A
1E6
065
1E6
066
037
022
1E6
1FE
1F1
00D
011
1ED
081
1E6
065
06F
1E6
065
0A9
1E6
1F1
1E9
0D8
094
086
0B0
0DA
01A
01F
065
065
065
0D8
068
065
075
061
1F8
065
027
065
065
054
022
017
093
1F0
023
00F
0BC
1E6
0C7
1E6
065
0A7
045
06A
05A
0A7
02C
065
065
1F9
065
1E6
065
070
1FD
1F2
069
07F
1E6
1E6
1E6
065
065
0E5
1E7
03D
065
02B
1E6
043
065
0A5
1F3
065
065
065
097
023
1EF
065
036
049
065
0C3
01D
04B
065
07F
065
065
0DF
065
1E6
065
1EA
065
065
065
03A
065
1E6
0D6
065
065
1EF
016
065
1E6
065
1E6
0DA
065
050
1E6
065
067
1F4
02E
065
019
065
1E6
065
094
065
079
065
1E8
0AB
092
065
031
027
0E5
065
008
065
1E6
1E6
058
065
020
065
065
065
065
1E9
02C
0D0
065
041
063
1EF
065
1F7
01D
0E1
1F0
06B
1E6
1E6
0A7
1E6
065
065
065
065
02A
01C
03E
03C
065
065
08E
047
001
09C
052
065
065
0A9
065
065
058
065
065
0CB
04D
1E6
065
02E
0C7
065
1E6
01E
065
065
1E6
065
0BD
1EF
1E7
051
065
065
028
04E
065
065
065
040
05F
065
1E6
082
0AC
088
03B
0E5
073
065
065
065
1E6
1EF
065
0E0
065
05C
065
0C3
05C
0DA
062
1E6
1F0
09C
